timestamp,date,TEMP,TEMP_180,TEMP_30,DEWP,DEWP_180,DEWP_30,STP,STP_180,STP_30,VISIB,VISIB_180,VISIB_30,WDSP,WDSP_180,WDSP_30,MXSPD,MXSPD_180,MXSPD_30,MAX,MAX_180,MAX_30,MIN,MIN_180,MIN_30,PRCP,PRCP_180,PRCP_30,SNDP,SNDP_180,SNDP_30,FRSHTT,FRSHTT_180,FRSHTT_30
16585596,0723,77.1,56.2,85.4,50.2,29.9,42.6,870.5,871.4,871.4,10.0,9.7,10.0,11.6,7.5,8.9,19.0,16.2,18.9,91.9,125.7,99.5,73.0,43.1,71.5,0.0,0.0,0.0,999.9,905.6,999.9,18,6.4,7.3
16585596,0723,86.8,56.4,85.4,54.6,30.1,42.6,872.4,871.4,871.4,10.0,9.7,10.0,10.6,7.5,8.9,20.0,16.3,18.9,91.9,126.0,99.5,75.0,43.4,71.5,0.0,0.0,0.0,999.9,905.6,999.9,18,6.5,7.3
16585596,0723,77.1,56.7,85.4,45.2,30.2,42.6,873.0,871.4,871.4,9.7,9.7,10.0,3.7,7.5,8.9,11.1,16.3,18.9,98.1,126.3,99.5,71.1,43.7,71.5,0.0,0.0,0.0,999.9,905.6,999.9,18,6.6,7.3
16585596,0723,81.1,57.0,85.4,57.6,30.4,42.6,869.5,871.4,871.4,10.0,9.7,10.0,8.8,7.5,8.9,20.0,16.3,18.9,93.9,126.6,99.5,71.1,44.0,71.5,0.0,0.0,0.0,999.9,905.6,999.9,0,6.7,7.3
16585596,0723,81.1,57.3,85.4,48.9,30.6,42.6,999.9,871.3,871.4,9.9,9.7,10.0,6.9,7.5,8.9,20.0,16.4,18.9,93.9,126.9,99.5,66.9,44.2,71.5,0.0,0.0,0.0,999.9,905.6,999.9,0,6.7,7.3
16585596,0723,79.9,57.6,85.4,55.6,30.8,42.6,866.4,871.9,871.4,10.0,9.7,10.0,4.7,7.6,8.9,15.0,16.5,18.9,99.0,127.2,99.5,59.0,44.5,71.5,0.02,0.0,0.0,999.9,905.6,999.9,48,6.7,7.3
16585596,0723,82.7,57.9,85.4,41.4,31.0,42.6,872.4,871.8,871.4,9.9,9.7,10.0,6.9,7.6,8.9,19.0,16.5,18.9,93.9,127.5,99.5,66.9,44.7,71.5,0.0,0.0,0.0,999.9,905.6,999.9,0,6.9,7.3
16585596,0723,77.1,58.2,85.4,44.1,31.1,42.6,999.9,871.8,871.4,9.8,9.7,10.0,5.1,7.6,8.9,15.0,16.6,18.9,93.0,127.8,99.5,71.1,45.0,71.5,0.0,0.0,0.0,999.9,905.6,999.9,2,6.9,7.3
16585596,0723,77.1,58.4,85.4,54.1,31.2,42.6,870.4,872.5,871.4,22.2,9.8,10.0,6.2,7.6,8.9,12.0,16.5,18.9,102.0,128.1,99.5,72.0,45.3,71.5,0.0,0.0,0.0,999.9,905.6,999.9,0,6.9,7.3
16585596,0723,86.6,58.7,85.4,57.6,31.4,42.6,869.0,872.5,871.4,10.0,9.8,10.0,9.6,7.6,8.9,15.9,16.5,18.9,99.0,128.4,99.5,63.0,45.6,71.5,0.0,0.0,0.0,999.9,905.6,999.9,0,6.9,7.3
16585596,0723,62.0,59.1,85.4,54.1,31.7,42.6,872.4,872.5,871.4,9.9,9.8,10.0,5.6,7.6,8.9,15.9,16.5,18.9,102.0,128.8,99.5,62.2,45.8,71.5,0.0,0.0,0.0,999.9,911.2,999.9,18,6.7,7.3
16585596,0723,80.9,59.3,85.4,49.3,31.9,42.6,999.9,872.5,871.4,9.8,9.8,10.0,4.7,7.6,8.9,11.1,16.6,18.9,90.0,129.2,99.5,73.9,46.1,71.5,0.0,0.0,0.0,999.9,916.7,999.9,0,6.8,7.3
16585596,0723,76.4,59.6,85.4,48.9,32.1,42.6,873.1,873.1,871.4,10.0,9.8,10.0,11.6,7.6,8.9,24.3,16.6,18.9,93.9,129.5,99.5,61.0,46.4,71.5,0.0,0.0,0.0,999.9,916.7,999.9,0,6.8,7.3
16585596,0723,80.9,59.9,85.4,55.9,32.3,42.6,871.4,873.0,871.4,9.8,9.8,10.0,10.1,7.7,8.9,19.0,16.7,18.9,95.0,129.8,99.5,71.1,46.7,71.5,0.0,0.0,0.0,999.9,916.7,999.9,0,6.8,7.3
16585596,0723,80.9,60.2,85.4,50.9,32.5,42.6,871.0,873.0,871.4,10.0,9.8,10.0,8.7,7.7,8.9,22.0,16.7,18.9,102.0,130.1,99.5,59.0,47.0,71.5,0.0,0.0,0.0,999.9,916.7,999.9,0,6.8,7.3
16585596,0723,88.8,60.4,85.4,47.1,32.7,42.6,869.5,872.9,871.4,20.3,9.8,10.0,11.6,7.7,8.9,12.0,16.8,18.9,102.0,130.4,99.5,61.0,47.2,71.5,0.0,0.0,0.0,999.9,916.7,999.9,0,6.8,7.3
16585596,0723,79.9,60.7,85.4,37.5,32.8,42.6,869.6,872.8,871.4,9.8,9.9,10.0,6.5,7.8,8.9,11.1,16.8,18.9,99.0,130.7,99.5,57.9,47.4,71.5,0.0,0.0,0.0,999.9,916.7,999.9,18,6.8,7.3
16585596,0723,88.8,61.0,85.4,57.6,32.9,42.6,875.8,872.7,871.4,39.8,9.9,10.0,8.1,7.8,8.9,15.9,16.8,18.9,88.7,131.0,99.5,72.0,47.6,71.5,0.02,0.0,0.0,999.9,916.7,999.9,18,6.9,7.3
16585596,0723,83.0,61.2,85.4,46.5,33.0,42.6,870.4,872.7,871.4,9.8,10.1,10.0,9.3,7.8,8.9,12.0,16.9,18.9,99.0,131.2,99.5,66.0,47.8,71.5,0.0,0.0,0.0,999.9,916.7,999.9,0,7.0,7.3
16585596,0723,78.4,61.5,85.4,45.2,33.1,42.6,872.4,872.7,871.4,9.9,10.1,10.0,11.6,7.8,8.9,24.3,16.9,18.9,87.1,131.4,99.5,75.9,48.0,71.5,0.14,0.0,0.0,999.9,916.7,999.9,0,7.0,7.3
16585596,0723,78.3,61.7,85.4,50.2,33.2,42.6,869.6,872.6,871.4,10.0,10.1,10.0,8.7,7.9,8.9,24.1,16.9,18.9,102.0,131.6,99.5,66.0,48.3,71.5,0.33,0.0,0.0,999.9,916.7,999.9,0,7.0,7.3
16585596,0723,82.8,61.9,85.4,45.2,33.4,42.6,873.0,872.5,871.4,10.0,10.1,10.0,6.2,7.9,8.9,19.0,17.0,18.9,99.0,131.9,99.5,66.0,48.5,71.5,0.0,0.0,0.0,999.9,916.7,999.9,2,7.0,7.3
16585596,0723,80.7,62.2,85.4,57.6,33.5,42.6,869.5,872.5,871.4,30.7,10.1,10.0,5.1,7.9,8.9,19.0,17.1,18.9,104.0,132.1,99.5,71.1,48.7,71.5,0.02,0.0,0.0,999.9,916.7,999.9,0,7.0,7.3
16585596,0723,76.7,62.3,85.4,44.1,33.7,42.6,873.5,872.6,871.4,10.0,10.2,10.0,10.2,7.9,8.9,24.1,17.1,18.9,95.0,132.3,99.5,66.0,49.0,71.5,0.0,0.0,0.0,999.9,916.7,999.9,0,7.0,7.3
16585596,0723,79.3,62.6,85.4,41.2,33.8,42.6,870.4,872.6,871.4,10.0,10.2,10.0,6.5,7.9,8.9,19.0,17.1,18.9,93.0,132.5,99.5,66.9,49.2,71.5,0.14,0.0,0.0,999.9,916.7,999.9,0,6.9,7.3
16585596,0723,74.2,62.8,85.4,50.9,33.9,42.6,999.9,872.6,871.4,14.9,10.2,10.0,9.6,7.9,8.9,8.9,17.1,18.9,102.9,132.8,99.5,73.9,49.4,71.5,0.0,0.0,0.0,999.9,916.7,999.9,0,6.8,7.3
16585596,0723,77.1,63.1,85.4,49.2,34.1,42.6,873.0,873.2,871.4,10.0,10.2,10.0,6.4,7.9,8.9,22.0,17.1,18.9,93.9,133.1,99.5,70.0,49.7,71.5,0.0,0.0,0.0,999.9,916.7,999.9,18,6.8,7.3
16585596,0723,77.5,63.3,85.4,40.5,34.2,42.6,872.4,873.2,871.4,9.8,10.2,10.0,7.8,7.9,8.9,19.0,17.2,18.9,87.1,133.3,99.5,71.1,49.9,71.5,0.0,0.0,0.0,999.9,916.7,999.9,2,6.9,7.3
16585596,0723,88.8,63.4,85.4,47.2,34.4,42.6,873.0,873.2,871.4,9.9,10.2,10.0,8.8,7.9,8.9,10.1,17.2,18.9,99.0,133.5,99.5,59.0,50.2,71.5,0.01,0.0,0.0,999.9,916.7,999.9,0,7.0,7.3
16585596,0723,77.5,63.7,85.4,54.5,34.5,42.6,873.6,873.3,871.4,9.8,10.2,10.0,11.6,7.9,8.9,17.1,17.2,18.9,93.9,133.7,99.5,71.1,50.3,71.5,0.0,0.0,0.0,999.9,916.7,999.9,0,6.9,7.3
16585596,0723,82.3,64.0,85.4,45.0,34.7,42.6,868.1,873.4,871.4,10.0,10.2,10.0,4.9,7.9,8.9,8.9,17.2,18.9,102.0,134.1,99.5,75.0,50.6,71.5,0.17,0.0,0.0,999.9,922.3,999.9,0,6.7,7.3
16585596,0723,86.6,64.3,85.4,41.2,34.9,42.6,872.7,873.4,871.4,10.0,10.2,10.0,10.1,7.9,8.9,11.1,17.1,18.9,102.0,134.4,99.5,66.9,50.9,71.5,0.0,0.0,0.0,999.9,927.8,999.9,16,6.6,7.3
16585596,0723,78.4,64.6,85.4,48.9,35.1,42.6,871.4,873.4,871.4,9.8,10.3,10.0,7.8,7.9,8.9,14.0,17.1,18.9,98.1,134.8,99.5,62.2,51.2,71.5,0.0,0.0,0.0,999.9,933.4,999.9,0,6.7,7.3
16585596,0723,80.3,64.9,85.4,45.0,35.3,42.6,999.9,873.4,871.4,22.2,10.3,10.0,10.4,7.9,8.9,13.0,17.1,18.9,99.0,135.2,99.5,66.0,51.5,71.5,0.11,0.0,0.0,999.9,938.9,999.9,0,6.5,7.3
16585596,0723,85.4,65.3,85.4,55.6,35.5,42.6,869.5,874.0,871.4,10.0,10.3,10.0,11.6,8.0,8.9,12.0,17.1,18.9,79.0,135.6,99.5,73.9,51.8,71.5,0.0,0.0,0.0,999.9,944.5,999.9,0,6.5,7.3
16585596,0723,85.2,65.6,85.4,44.1,35.7,42.6,871.0,873.9,871.4,39.8,10.3,10.0,8.7,8.0,8.9,15.9,17.2,18.9,104.0,135.8,99.5,72.0,52.1,71.5,0.02,0.0,0.0,999.9,944.5,999.9,0,6.5,7.3
16585596,0723,85.4,65.9,85.4,55.9,35.8,42.6,870.4,873.9,871.4,9.7,10.5,10.0,10.6,8.0,8.9,15.0,17.2,18.9,95.0,136.1,99.5,70.0,52.4,71.5,0.0,0.0,0.0,999.9,944.5,999.9,0,6.5,7.3
16585596,0723,80.3,66.1,85.4,55.6,36.0,42.6,999.9,873.8,871.4,10.0,10.5,10.0,7.8,8.1,8.9,12.0,17.2,18.9,93.9,136.3,99.5,70.0,52.6,71.5,0.0,0.0,0.0,999.9,944.5,999.9,18,6.5,7.3
16585596,0723,76.7,66.3,85.4,58.4,36.2,42.6,873.5,874.5,871.4,9.9,10.5,10.0,5.1,8.1,8.9,13.0,17.2,18.9,90.0,136.4,99.5,62.1,52.9,71.5,0.11,0.0,0.0,999.9,944.5,999.9,18,6.6,7.3
16585596,0723,74.2,66.4,85.4,54.6,36.3,42.6,869.0,874.5,871.4,22.3,10.5,10.0,10.1,8.0,8.9,18.1,17.2,18.9,102.0,136.5,99.5,62.1,53.0,71.5,0.17,0.0,0.0,999.9,944.5,999.9,0,6.7,7.3
16585596,0723,88.8,66.5,85.4,50.9,36.5,42.6,999.9,874.5,871.4,10.0,10.6,10.0,6.5,8.1,8.9,13.0,17.2,18.9,99.0,136.7,99.5,61.0,53.1,71.5,0.0,0.0,0.0,999.9,944.5,999.9,0,6.7,7.3
16585596,0723,69.7,66.7,85.4,49.3,36.6,42.6,873.0,875.3,871.4,10.0,10.6,10.0,5.1,8.0,8.9,10.1,17.2,18.9,104.0,136.9,99.5,72.0,53.2,71.5,0.17,0.0,0.0,999.9,944.5,999.9,0,6.6,7.3
16585596,0723,88.1,66.9,85.4,36.2,36.7,42.6,873.5,875.3,871.4,10.0,10.6,10.0,9.6,8.0,8.9,22.0,17.2,18.9,102.9,137.2,99.5,62.1,53.5,71.5,0.0,0.0,0.0,999.9,950.0,999.9,0,6.3,7.3
16585596,0723,81.1,67.3,85.4,57.2,36.8,42.6,870.4,875.3,871.4,9.8,10.6,10.0,5.6,8.1,8.9,14.0,17.2,18.9,99.0,137.6,99.5,73.9,53.7,71.5,0.17,0.0,0.0,999.9,955.5,999.9,18,6.2,7.3
16585596,0723,77.5,67.5,85.4,47.2,37.0,42.6,999.9,875.3,871.4,10.0,10.6,10.0,4.9,8.1,8.9,18.1,17.2,18.9,93.0,137.9,99.5,66.9,54.0,71.5,0.01,0.0,0.0,999.9,961.1,999.9,18,6.3,7.3
16585596,0723,77.1,67.8,85.4,34.9,37.1,42.6,869.7,876.0,871.4,10.0,10.6,10.0,6.2,8.0,8.9,13.0,17.3,18.9,93.0,138.2,99.5,75.0,54.2,71.5,0.03,0.0,0.0,999.9,966.6,999.9,18,6.1,7.3
16585596,0723,89.2,68.1,85.4,34.9,37.2,42.6,870.4,876.0,871.4,9.7,10.6,10.0,4.7,8.0,8.9,15.0,17.2,18.9,90.0,138.5,99.5,72.0,54.5,71.5,0.17,0.0,0.0,999.9,972.2,999.9,0,6.1,7.3
16585596,0723,82.8,68.4,85.4,34.9,37.4,42.6,870.0,876.0,871.4,9.9,10.6,10.0,5.1,8.0,8.9,18.1,17.2,18.9,99.0,138.8,99.5,70.0,54.8,71.5,0.0,0.0,0.0,999.9,977.7,999.9,18,6.1,7.3
16585596,0723,76.8,68.6,85.4,49.3,37.5,42.6,869.6,875.9,871.4,10.0,10.6,10.0,4.9,8.0,8.9,8.9,17.2,18.9,95.0,139.0,99.5,71.1,55.1,71.5,0.0,0.0,0.0,999.9,983.3,999.9,18,6.2,7.3
16585596,0723,89.2,68.8,85.4,54.5,37.6,42.6,999.9,875.9,871.4,9.8,10.6,10.0,9.6,8.0,8.9,13.0,17.2,18.9,90.0,139.3,99.5,61.0,55.3,71.5,0.03,0.0,0.0,999.9,988.8,999.9,18,6.2,7.3
16585596,0723,86.6,69.1,85.4,47.1,37.7,42.6,999.9,876.6,871.4,14.9,10.6,10.0,4.7,8.0,8.9,15.9,17.2,18.9,99.0,139.5,99.5,54.0,55.5,71.5,0.11,0.0,0.0,999.9,988.8,999.9,0,6.2,7.3
16585596,0723,88.8,69.3,85.4,34.9,37.8,42.6,872.9,877.3,871.4,20.3,10.6,10.0,8.2,8.0,8.9,20.0,17.2,18.9,88.7,139.7,99.5,61.0,55.6,71.5,0.02,0.0,0.0,999.9,988.8,999.9,0,6.2,7.3
16585596,0723,79.3,69.5,85.4,40.5,37.8,42.6,999.9,877.3,871.4,10.0,10.7,10.0,10.4,8.0,8.9,12.0,17.2,18.9,95.0,139.8,99.5,73.9,55.7,71.5,0.0,0.0,0.0,999.9,988.8,999.9,18,6.0,7.3
16585596,0723,80.3,69.7,85.4,48.9,37.9,42.6,872.4,878.0,871.4,9.9,10.7,10.0,5.3,8.0,8.9,11.1,17.1,18.9,95.0,140.0,99.5,70.0,56.0,71.5,0.0,0.0,0.0,999.9,988.8,999.9,18,6.1,7.3
16585596,0723,79.9,69.9,85.4,45.2,38.0,42.6,873.1,878.0,871.4,10.0,10.7,10.0,5.6,8.0,8.9,24.1,17.1,18.9,87.1,140.2,99.5,57.9,56.2,71.5,0.02,0.0,0.0,999.9,988.8,999.9,18,6.2,7.3
16585596,0723,81.8,70.1,85.4,57.2,38.1,42.6,870.0,878.0,871.4,41.0,10.7,10.0,6.9,8.0,8.9,24.3,17.2,18.9,100.0,140.4,99.5,62.1,56.3,71.5,0.0,0.0,0.0,999.9,988.8,999.9,0,6.3,7.3
16585596,0723,69.7,70.3,85.4,55.6,38.3,42.6,999.9,878.0,871.4,10.0,10.9,10.0,6.4,7.9,8.9,18.1,17.2,18.9,88.7,140.6,99.5,66.0,56.5,71.5,0.0,0.0,0.0,999.9,988.8,999.9,0,6.0,7.3
16585596,0723,89.2,70.5,85.4,36.2,38.5,42.6,870.4,878.7,871.4,10.0,10.9,10.0,6.3,7.9,8.9,18.1,17.2,18.9,93.0,140.8,99.5,64.9,56.7,71.5,0.0,0.0,0.0,999.9,988.8,999.9,0,6.0,7.3
16585596,0723,80.3,70.7,85.4,50.9,38.5,42.6,871.5,878.6,871.4,10.0,10.9,10.0,10.2,7.9,8.9,22.0,17.2,18.9,93.0,141.0,99.5,71.1,56.9,71.5,0.0,0.0,0.0,999.9,988.8,999.9,18,6.0,7.3
16585596,0723,81.1,70.9,85.4,37.5,38.7,42.6,999.9,878.6,871.4,10.0,10.9,10.0,5.1,8.0,8.9,31.1,17.2,18.9,90.0,141.1,99.5,66.0,57.1,71.5,0.0,0.0,0.0,999.9,988.8,999.9,0,6.1,7.3
16585596,0723,89.6,71.1,85.4,49.2,38.7,42.6,873.0,879.3,871.4,9.9,10.9,10.0,6.9,8.0,8.9,22.0,17.4,18.9,89.1,141.3,99.5,66.2,57.3,71.5,0.0,0.0,0.0,999.9,988.8,999.9,0,6.1,7.3
16585596,0723,81.8,71.2,85.4,54.1,38.8,42.6,869.5,879.3,871.4,10.0,10.9,10.0,4.7,8.0,8.9,18.1,17.4,18.9,102.9,141.3,99.5,70.0,57.4,71.5,0.0,0.0,0.0,999.9,988.8,999.9,18,6.1,7.3
16585596,0723,85.4,71.3,85.4,57.5,39.0,42.6,872.7,879.3,871.4,13.5,10.9,10.0,6.3,7.9,8.9,10.1,17.4,18.9,89.1,141.5,99.5,71.1,57.5,71.5,0.0,0.0,0.0,999.9,988.8,999.9,0,6.2,7.3
16585596,0723,89.2,71.4,85.4,48.9,39.1,42.6,872.4,879.3,871.4,9.7,10.9,10.0,7.8,7.9,8.9,12.0,17.3,18.9,93.9,141.5,99.5,62.2,57.6,71.5,0.0,0.0,0.0,999.9,988.8,999.9,18,6.2,7.3
16585596,0723,86.8,71.5,85.4,47.2,39.3,42.6,999.9,879.4,871.4,10.0,10.9,10.0,10.2,7.9,8.9,18.1,17.3,18.9,100.0,141.6,99.5,73.0,57.7,71.5,0.0,0.0,0.0,999.9,988.8,999.9,0,6.3,7.3
16585596,0723,69.7,71.7,85.4,57.6,39.4,42.6,870.0,880.1,871.4,30.7,10.9,10.0,10.1,7.9,8.9,20.0,17.3,18.9,93.9,141.8,99.5,71.1,57.8,71.5,0.0,0.0,0.0,999.9,988.8,999.9,48,6.3,7.3
16585596,0723,86.6,71.8,85.4,33.1,39.5,42.6,870.5,880.2,871.4,10.0,11.0,10.0,8.2,7.9,8.9,19.0,17.3,18.9,93.0,142.0,99.5,71.1,57.9,71.5,0.17,0.0,0.0,999.9,988.8,999.9,0,6.5,7.3
16585596,0723,80.3,72.0,85.4,46.5,39.5,42.6,873.0,880.2,871.4,9.9,11.0,10.0,10.6,7.9,8.9,15.9,17.3,18.9,98.1,142.1,99.5,61.0,58.1,71.5,0.0,0.0,0.0,999.9,988.8,999.9,0,6.4,7.3
16585596,0723,87.8,72.2,85.4,40.5,39.6,42.6,871.0,880.2,871.4,10.0,11.0,10.0,9.9,7.9,8.9,11.1,17.4,18.9,99.0,142.4,99.5,68.0,58.2,71.5,0.15,0.0,0.0,999.9,988.8,999.9,0,6.4,7.3
16585596,0723,82.8,72.4,85.4,57.2,39.7,42.6,999.9,880.2,871.4,10.0,11.0,10.0,7.8,8.0,8.9,13.0,17.4,18.9,104.0,142.5,99.5,71.1,58.4,71.5,0.0,0.0,0.0,999.9,988.8,999.9,18,6.4,7.3
16585596,0723,79.9,72.6,85.4,54.1,39.9,42.6,866.4,880.9,871.4,10.0,11.0,10.0,10.4,8.0,8.9,26.0,17.4,18.9,99.0,142.7,99.5,64.9,58.6,71.5,0.0,0.0,0.0,999.9,988.8,999.9,18,6.5,7.3
16585596,0723,89.6,72.8,85.4,45.2,40.1,42.6,869.7,880.9,871.4,22.3,11.0,10.0,8.8,8.0,8.9,10.1,17.4,18.9,93.9,142.9,99.5,75.9,58.8,71.5,0.0,0.0,0.0,999.9,988.8,999.9,0,6.5,7.3
16585596,0723,89.6,73.0,85.4,47.2,40.2,42.6,872.4,880.9,871.4,13.5,11.1,10.0,8.2,8.0,8.9,22.0,17.3,18.9,91.9,143.1,99.5,54.0,59.0,71.5,0.0,0.0,0.0,999.9,988.8,999.9,18,6.4,7.3
16585596,0723,79.9,73.3,85.4,58.4,40.4,42.6,866.4,880.9,871.4,10.0,11.1,10.0,9.3,8.0,8.9,18.1,17.4,18.9,102.0,143.3,99.5,57.0,59.1,71.5,0.0,0.0,0.0,999.9,988.8,999.9,18,6.5,7.3
16585596,0723,85.2,73.5,85.4,41.4,40.6,42.6,999.9,880.8,871.4,9.7,11.1,10.0,8.1,8.0,8.9,18.1,17.4,18.9,93.0,143.5,99.5,73.0,59.3,71.5,0.0,0.0,0.0,999.9,988.8,999.9,0,6.6,7.3
16585596,0723,87.8,73.6,85.4,39.9,40.7,42.6,871.0,881.4,871.4,9.8,11.1,10.0,6.3,8.0,8.9,20.0,17.5,18.9,104.0,143.6,99.5,71.1,59.5,71.5,0.01,0.0,0.0,999.9,988.8,999.9,0,6.6,7.3
16585596,0723,81.1,73.8,85.4,48.9,40.8,42.6,873.0,881.5,871.4,10.0,11.1,10.0,6.5,8.0,8.9,18.1,17.5,18.9,100.0,143.8,99.5,64.9,59.7,71.5,0.0,0.0,0.0,999.9,988.8,999.9,18,6.6,7.3
16585596,0723,86.6,74.0,85.4,39.9,41.0,42.6,873.0,881.5,871.4,10.0,11.1,10.0,9.8,8.0,8.9,15.9,17.5,18.9,102.9,143.9,99.5,71.1,59.8,71.5,0.0,0.0,0.0,999.9,988.8,999.9,0,6.7,7.3
16585596,0723,80.7,74.2,85.4,54.1,41.2,42.6,875.8,881.6,871.4,10.0,11.1,10.0,6.5,8.0,8.9,10.1,17.5,18.9,99.0,144.2,99.5,72.0,60.0,71.5,0.0,0.0,0.0,999.9,988.8,999.9,18,6.7,7.3
16585596,0723,87.8,74.5,85.4,45.2,41.3,42.6,873.6,881.6,871.4,9.8,11.1,10.0,9.3,8.0,8.9,19.0,17.4,18.9,91.9,144.4,99.5,68.0,60.3,71.5,0.0,0.0,0.0,999.9,994.4,999.9,0,6.7,7.3
16585596,0723,81.8,74.8,85.4,55.9,41.5,42.6,873.5,881.7,871.4,10.0,11.1,10.0,10.1,8.0,8.9,18.1,17.4,18.9,95.0,144.6,99.5,73.0,60.5,71.5,0.0,0.0,0.0,999.9,999.9,999.9,0,6.6,7.3
16585596,0723,74.2,75.0,85.4,41.6,41.7,42.6,869.5,881.7,871.4,9.9,11.1,10.0,10.2,8.0,8.9,18.1,17.5,18.9,95.0,144.8,99.5,70.0,60.7,71.5,0.0,0.0,0.0,999.9,999.9,999.9,18,6.6,7.3
16585596,0723,82.3,75.1,85.4,44.1,41.7,42.6,869.5,881.7,871.4,22.2,11.1,10.0,4.9,8.0,8.9,18.1,17.5,18.9,88.7,145.0,99.5,66.9,60.9,71.5,0.0,0.0,0.0,999.9,999.9,999.9,16,6.6,7.3
16585596,0723,88.8,75.3,85.4,47.1,41.8,42.6,869.0,881.7,871.4,41.0,11.2,10.0,3.7,8.0,8.9,12.0,17.4,18.9,87.1,145.2,99.5,71.1,61.1,71.5,0.03,0.0,0.0,999.9,999.9,999.9,16,6.6,7.3
16585596,0723,76.7,75.5,85.4,54.5,41.8,42.6,872.4,881.7,871.4,10.0,11.4,10.0,8.8,8.0,8.9,24.1,17.4,18.9,93.0,145.3,99.5,62.1,61.2,71.5,0.17,0.0,0.0,999.9,999.9,999.9,18,6.6,7.3
16585596,0723,78.4,75.6,85.4,46.5,42.0,42.6,869.5,881.7,871.4,41.0,11.4,10.0,6.5,8.0,8.9,15.0,17.5,18.9,102.0,145.4,99.5,62.1,61.4,71.5,0.02,0.0,0.0,999.9,999.9,999.9,0,6.7,7.3
16585596,0723,78.4,75.7,85.4,36.2,42.1,42.6,875.8,881.8,871.4,22.2,11.5,10.0,5.6,8.0,8.9,18.1,17.4,18.9,95.0,145.6,99.5,73.9,61.5,71.5,0.0,0.0,0.0,999.9,999.9,999.9,0,6.7,7.3
16585596,0723,77.5,75.9,85.4,46.5,42.1,42.6,999.9,881.8,871.4,13.5,11.6,10.0,10.2,8.0,8.9,8.9,17.4,18.9,98.1,145.7,99.5,66.2,61.7,71.5,0.0,0.0,0.0,999.9,999.9,999.9,0,6.7,7.3
16585596,0723,77.1,75.9,85.4,48.9,42.2,42.6,869.7,882.6,871.4,22.3,11.6,10.0,8.8,7.9,8.9,11.1,17.4,18.9,99.0,145.8,99.5,66.0,61.8,71.5,0.0,0.0,0.0,999.9,999.9,999.9,0,6.7,7.3
16585596,0723,85.2,76.1,85.4,46.5,42.3,42.6,873.5,882.6,871.4,10.0,11.7,10.0,8.7,7.9,8.9,11.1,17.3,18.9,90.0,146.0,99.5,62.1,61.9,71.5,0.0,0.0,0.0,999.9,999.9,999.9,18,6.6,7.3
16585596,0723,89.2,76.3,85.4,33.1,42.3,42.6,999.9,882.6,871.4,22.3,11.7,10.0,8.8,7.9,8.9,13.0,17.3,18.9,93.9,146.2,99.5,62.1,62.1,71.5,0.11,0.0,0.0,999.9,999.9,999.9,0,6.6,7.3
16585596,0723,80.7,76.5,85.4,34.9,42.3,42.6,869.5,883.3,871.4,10.0,11.8,10.0,9.3,8.0,8.9,13.0,17.2,18.9,102.0,146.4,99.5,57.9,62.2,71.5,0.0,0.0,0.0,999.9,999.9,999.9,18,6.6,7.3
16585596,0723,77.5,76.7,85.4,55.9,42.4,42.6,873.0,883.3,871.4,10.0,11.8,10.0,3.7,8.0,8.9,24.3,17.3,18.9,102.9,146.6,99.5,54.0,62.3,71.5,0.01,0.0,0.0,999.9,999.9,999.9,0,6.7,7.3
16585596,0723,77.5,76.8,85.4,57.5,42.6,42.6,873.6,883.3,871.4,9.9,11.8,10.0,6.6,7.9,8.9,12.0,17.3,18.9,90.0,146.7,99.5,66.0,62.4,71.5,0.03,0.0,0.0,999.9,999.9,999.9,0,6.7,7.3
16585596,0723,80.9,76.9,85.4,45.0,42.7,42.6,872.4,883.4,871.4,10.0,11.8,10.0,9.8,8.0,8.9,12.0,17.3,18.9,102.0,146.8,99.5,66.9,62.5,71.5,0.0,0.0,0.0,999.9,999.9,999.9,18,6.7,7.3
16585596,0723,62.0,77.0,85.4,48.9,42.8,42.6,873.1,883.4,871.4,9.9,11.8,10.0,10.2,8.0,8.9,15.0,17.2,18.9,99.0,146.9,99.5,73.9,62.6,71.5,0.0,0.0,0.0,999.9,999.9,999.9,0,6.8,7.3
16585596,0723,79.9,77.1,85.4,49.2,42.9,42.6,999.9,883.4,871.4,10.0,11.8,10.0,9.9,7.9,8.9,20.0,17.2,18.9,99.0,147.1,99.5,66.2,62.8,71.5,0.0,0.0,0.0,999.9,999.9,999.9,0,6.7,7.3
16585596,0723,79.9,77.2,85.4,37.5,43.1,42.6,871.4,884.1,871.4,10.0,11.8,10.0,7.8,8.0,8.9,19.0,17.2,18.9,104.0,147.3,99.5,61.0,62.9,71.5,0.0,0.0,0.0,999.9,999.9,999.9,0,6.7,7.3
16585596,0723,88.8,77.3,85.4,55.6,43.1,42.6,999.9,884.2,871.4,9.8,11.8,10.0,9.8,8.0,8.9,15.0,17.2,18.9,93.0,147.5,99.5,57.0,63.0,71.5,0.02,0.0,0.0,999.9,999.9,999.9,0,6.6,7.3
16585596,0723,81.1,77.5,85.4,57.6,43.2,42.6,999.9,884.9,871.4,13.5,11.8,10.0,6.5,8.0,8.9,31.1,17.2,18.9,99.0,147.6,99.5,70.0,63.1,71.5,0.14,0.0,0.0,999.9,999.9,999.9,0,6.5,7.3
16585596,0723,81.1,77.7,85.4,49.2,43.3,42.6,869.5,885.7,871.4,10.0,11.8,10.0,10.1,7.9,8.9,15.0,17.2,18.9,102.0,147.7,99.5,64.9,63.3,71.5,0.11,0.0,0.0,999.9,999.9,999.9,48,6.4,7.3
16585596,0723,78.3,77.9,85.4,45.2,43.4,42.6,871.5,885.6,871.4,9.9,11.8,10.0,9.8,8.0,8.9,18.1,17.2,18.9,99.0,148.0,99.5,71.1,63.4,71.5,0.0,0.0,0.0,999.9,999.9,999.9,18,6.5,7.3
16585596,0723,78.4,78.0,85.4,44.1,43.4,42.6,869.5,885.6,871.4,20.3,11.8,10.0,5.1,8.0,8.9,11.1,17.2,18.9,102.0,148.1,99.5,70.0,63.6,71.5,0.15,0.0,0.0,999.9,999.9,999.9,18,6.6,7.3
16585596,0723,80.3,78.1,85.4,49.3,43.5,42.6,869.5,885.6,871.4,10.0,11.9,10.0,3.7,8.0,8.9,14.0,17.1,18.9,99.0,148.2,99.5,75.0,63.7,71.5,0.0,0.0,0.0,999.9,999.9,999.9,18,6.7,7.3
16585596,0723,78.4,78.1,85.4,44.1,43.5,42.6,870.0,885.7,871.4,10.0,11.9,10.0,10.6,7.9,8.9,31.1,17.1,18.9,104.0,148.3,99.5,62.1,63.8,71.5,0.33,0.0,0.0,999.9,999.9,999.9,0,6.8,7.3
16585596,0723,82.8,78.3,85.4,47.1,43.6,42.6,869.5,885.7,871.4,10.0,11.9,10.0,10.6,7.9,8.9,12.0,17.1,18.9,95.0,148.5,99.5,66.0,63.9,71.5,0.15,0.0,0.0,999.9,999.9,999.9,48,6.8,7.3
16585596,0723,82.7,78.5,85.4,54.5,43.7,42.6,999.9,885.8,871.4,10.0,11.9,10.0,5.3,7.9,8.9,18.1,17.0,18.9,100.0,148.6,99.5,68.0,64.1,71.5,0.0,0.0,0.0,999.9,999.9,999.9,0,7.0,7.3
16585596,0723,80.7,78.7,85.4,52.0,43.9,42.6,869.0,886.5,871.4,20.3,11.9,10.0,6.4,7.9,8.9,17.1,17.0,18.9,93.9,148.9,99.5,57.9,64.3,71.5,0.0,0.0,0.0,999.9,999.9,999.9,0,7.0,7.3
16585596,0723,79.3,78.8,85.4,39.9,44.1,42.6,866.4,886.5,871.4,20.3,11.9,10.0,4.7,7.9,8.9,10.1,17.0,18.9,79.0,149.0,99.5,71.1,64.4,71.5,0.0,0.0,0.0,999.9,999.9,999.9,0,7.0,7.3
16585596,0723,79.9,79.0,85.4,44.6,44.2,42.6,871.5,886.5,871.4,10.0,12.0,10.0,8.8,7.9,8.9,34.0,16.9,18.9,99.0,149.0,99.5,70.0,64.6,71.5,0.02,0.0,0.0,999.9,999.9,999.9,18,6.9,7.3
16585596,0723,86.6,79.1,85.4,45.2,44.3,42.6,873.5,886.5,871.4,10.0,12.0,10.0,10.2,7.9,8.9,10.1,17.1,18.9,87.1,149.2,99.5,73.9,64.7,71.5,0.17,0.0,0.0,999.9,999.9,999.9,18,7.0,7.3
16585596,0723,81.8,79.2,85.4,52.0,44.3,42.6,872.4,886.5,871.4,20.3,12.0,10.0,10.4,7.9,8.9,15.0,17.1,18.9,102.9,149.2,99.5,57.0,64.9,71.5,0.33,0.0,0.0,999.9,999.9,999.9,0,7.1,7.3
16585596,0723,88.8,79.3,85.4,47.1,44.4,42.6,872.4,886.5,871.4,9.9,12.0,10.0,6.9,8.0,8.9,15.9,17.1,18.9,99.0,149.3,99.5,54.0,65.0,71.5,0.0,0.0,0.0,999.9,999.9,999.9,18,7.1,7.3
16585596,0723,82.8,79.4,85.4,34.9,44.4,42.6,873.5,886.5,871.4,9.7,12.0,10.0,8.8,8.0,8.9,18.1,17.1,18.9,93.9,149.4,99.5,61.0,65.0,71.5,0.0,0.0,0.0,999.9,999.9,999.9,18,7.2,7.3
16585596,0723,62.0,79.4,85.4,48.9,44.4,42.6,872.4,886.5,871.4,13.5,12.0,10.0,9.9,8.0,8.9,13.0,17.1,18.9,90.0,149.4,99.5,66.0,65.0,71.5,0.0,0.0,0.0,999.9,999.9,999.9,0,7.3,7.3
16585596,0723,89.6,79.4,85.4,47.2,44.5,42.6,869.5,886.5,871.4,10.0,12.1,10.0,9.9,8.0,8.9,19.0,17.2,18.9,89.1,149.5,99.5,73.9,65.0,71.5,0.0,0.0,0.0,999.9,999.9,999.9,0,7.3,7.3
16585596,0723,86.8,79.5,85.4,44.6,44.5,42.6,869.7,886.5,871.4,10.0,12.1,10.0,5.6,8.0,8.9,26.0,17.1,18.9,98.1,149.5,99.5,57.9,65.1,71.5,0.0,0.0,0.0,999.9,999.9,999.9,0,7.3,7.3
16585596,0723,62.0,79.7,85.4,47.2,44.7,42.6,869.7,886.6,871.4,9.9,12.1,10.0,6.4,8.0,8.9,13.0,17.1,18.9,90.0,149.6,99.5,73.0,65.2,71.5,0.02,0.0,0.0,999.9,999.9,999.9,18,7.3,7.3
16585596,0723,77.1,79.8,85.4,58.4,44.8,42.6,872.4,886.6,871.4,9.7,12.1,10.0,6.6,8.0,8.9,11.1,17.1,18.9,88.7,149.8,99.5,66.9,65.4,71.5,0.0,0.0,0.0,999.9,999.9,999.9,0,7.4,7.3
16585596,0723,78.4,79.9,85.4,45.0,45.0,42.6,870.5,886.6,871.4,39.8,12.1,10.0,6.5,8.0,8.9,14.0,17.1,18.9,93.0,149.8,99.5,54.0,65.5,71.5,0.0,0.0,0.0,999.9,999.9,999.9,0,7.4,7.3
16585596,0723,79.9,80.0,85.4,37.5,45.1,42.6,875.8,886.5,871.4,9.9,12.2,10.0,9.8,8.0,8.9,15.9,17.0,18.9,88.7,150.0,99.5,70.0,65.6,71.5,0.0,0.0,0.0,999.9,999.9,999.9,18,7.4,7.3
16585596,0723,82.7,80.1,85.4,34.9,45.2,42.6,873.1,886.6,871.4,10.0,12.2,10.0,10.1,8.0,8.9,13.0,17.0,18.9,93.9,150.0,99.5,71.1,65.7,71.5,0.11,0.0,0.0,999.9,999.9,999.9,0,7.5,7.3
16585596,0723,62.0,80.2,85.4,54.6,45.2,42.6,869.5,886.6,871.4,9.9,12.2,10.0,10.1,8.0,8.9,14.0,17.0,18.9,93.0,150.1,99.5,61.0,65.9,71.5,0.0,0.0,0.0,999.9,999.9,999.9,0,7.5,7.3
16585596,0723,76.8,80.1,85.4,54.6,45.4,42.6,869.0,886.6,871.4,10.0,12.2,10.0,11.6,8.0,8.9,10.1,17.0,18.9,104.0,150.1,99.5,75.9,65.9,71.5,0.33,0.0,0.0,999.9,999.9,999.9,18,7.5,7.3
16585596,0723,86.6,80.1,85.4,37.5,45.5,42.6,869.5,886.6,871.4,10.0,12.2,10.0,8.7,8.0,8.9,13.0,17.0,18.9,104.0,150.2,99.5,62.1,66.0,71.5,0.11,0.0,0.0,999.9,999.9,999.9,0,7.6,7.3
16585596,0723,89.6,80.2,85.4,39.9,45.4,42.6,873.6,886.6,871.4,9.8,12.2,10.0,9.5,8.0,8.9,31.1,16.9,18.9,93.0,150.3,99.5,66.2,66.1,71.5,0.0,0.0,0.0,999.9,999.9,999.9,0,7.5,7.3
16585596,0723,77.5,80.4,85.4,48.9,45.4,42.6,869.5,886.7,871.4,13.5,12.2,10.0,8.7,8.0,8.9,18.1,17.0,18.9,93.9,150.4,99.5,66.9,66.2,71.5,0.0,0.0,0.0,999.9,999.9,999.9,16,7.4,7.3
16585596,0723,77.5,80.6,85.4,52.0,45.5,42.6,868.1,886.7,871.4,9.8,12.2,10.0,5.6,8.1,8.9,11.1,17.0,18.9,102.9,150.6,99.5,66.9,66.3,71.5,0.0,0.0,0.0,999.9,999.9,999.9,18,7.4,7.3
16585596,0723,80.7,80.7,85.4,47.2,45.6,42.6,999.9,886.7,871.4,10.0,12.2,10.0,10.2,8.1,8.9,17.1,17.0,18.9,102.9,150.8,99.5,66.2,66.4,71.5,0.0,0.0,0.0,999.9,999.9,999.9,0,7.4,7.3
16585596,0723,89.6,80.8,85.4,47.1,45.6,42.6,999.9,887.4,871.4,9.7,12.2,10.0,11.6,8.1,8.9,34.0,17.0,18.9,99.0,150.9,99.5,62.1,66.5,71.5,0.33,0.0,0.0,999.9,999.9,999.9,0,7.3,7.3
16585596,0723,86.6,81.0,85.4,57.2,45.7,42.6,999.9,888.1,871.4,10.0,12.2,10.0,10.1,8.1,8.9,19.0,17.2,18.9,100.0,151.0,99.5,59.0,66.6,71.5,0.17,0.0,0.0,999.9,999.9,999.9,18,7.3,7.3
16585596,0723,78.3,81.0,85.4,40.5,45.8,42.6,875.8,888.9,871.4,10.0,12.2,10.0,4.9,8.2,8.9,14.0,17.2,18.9,95.0,151.1,99.5,71.1,66.7,71.5,0.0,0.0,0.0,999.9,999.9,999.9,18,7.4,7.3
16585596,0723,78.3,81.0,85.4,54.6,45.8,42.6,869.0,888.9,871.4,10.0,12.2,10.0,5.3,8.1,8.9,14.0,17.2,18.9,99.0,151.1,99.5,73.9,66.7,71.5,0.0,0.0,0.0,999.9,999.9,999.9,0,7.5,7.3
16585596,0723,76.7,81.1,85.4,45.2,45.8,42.6,872.4,888.9,871.4,10.0,12.2,10.0,6.2,8.1,8.9,14.0,17.2,18.9,95.0,151.2,99.5,71.1,66.8,71.5,0.0,0.0,0.0,999.9,999.9,999.9,0,7.5,7.3
16585596,0723,82.7,81.1,85.4,36.2,45.8,42.6,868.1,889.0,871.4,10.0,12.2,10.0,4.9,8.1,8.9,14.0,17.2,18.9,99.0,151.3,99.5,61.0,66.9,71.5,0.0,0.0,0.0,999.9,999.9,999.9,18,7.5,7.3
16585596,0723,85.4,81.2,85.4,57.6,45.8,42.6,873.6,889.0,871.4,9.9,12.2,10.0,11.6,8.1,8.9,18.1,17.2,18.9,90.0,151.4,99.5,71.1,66.9,71.5,0.0,0.0,0.0,999.9,999.9,999.9,0,7.6,7.3
16585596,0723,82.3,81.3,85.4,33.1,45.9,42.6,873.1,889.0,871.4,22.3,12.2,10.0,7.8,8.1,8.9,17.1,17.2,18.9,93.9,151.3,99.5,66.0,67.0,71.5,0.0,0.0,0.0,999.9,999.9,999.9,18,7.6,7.3
16585596,0723,82.8,81.3,85.4,54.6,45.9,42.6,870.0,889.0,871.4,9.9,12.3,10.0,5.3,8.2,8.9,19.0,17.3,18.9,90.0,151.4,99.5,64.9,67.0,71.5,0.0,0.0,0.0,999.9,999.9,999.9,0,7.7,7.3
16585596,0723,78.3,81.3,85.4,44.6,45.9,42.6,999.9,889.0,871.4,9.8,12.3,10.0,10.2,8.2,8.9,11.1,17.3,18.9,102.0,151.3,99.5,62.1,67.0,71.5,0.03,0.0,0.0,999.9,999.9,999.9,18,7.7,7.3
16585596,0723,83.0,81.3,85.4,41.4,45.9,42.6,999.9,889.7,871.4,22.3,12.3,10.0,8.1,8.2,8.9,34.0,17.3,18.9,99.0,151.4,99.5,66.2,67.0,71.5,0.0,0.0,0.0,999.9,999.9,999.9,18,7.8,7.3
16585596,0723,81.1,81.3,85.4,44.1,46.0,42.6,873.5,890.5,871.4,9.7,12.4,10.0,5.6,8.2,8.9,12.0,17.4,18.9,95.0,151.3,99.5,71.1,67.0,71.5,0.02,0.0,0.0,999.9,999.9,999.9,18,7.9,7.3
16585596,0723,76.7,81.3,85.4,47.2,46.0,42.6,870.0,890.5,871.4,14.9,12.4,10.0,9.3,8.1,8.9,15.9,17.3,18.9,98.1,96.3,99.5,73.0,67.1,71.5,0.0,0.0,0.0,999.9,999.9,999.9,0,7.9,7.3
16585596,0723,85.2,81.4,85.4,41.4,46.0,42.6,871.4,890.5,871.4,9.9,12.4,10.0,8.1,8.1,8.9,13.0,17.3,18.9,99.0,96.5,99.5,64.9,67.2,71.5,0.17,0.0,0.0,999.9,999.9,999.9,18,7.8,7.3
16585596,0723,82.8,81.6,85.4,57.5,46.1,42.6,869.5,890.5,871.4,9.8,12.4,10.0,6.9,8.2,8.9,26.0,17.2,18.9,100.0,96.6,99.5,62.1,67.3,71.5,0.0,0.0,0.0,999.9,999.9,999.9,48,7.9,7.3
16585596,0723,79.3,81.6,85.4,54.6,46.2,42.6,872.7,890.5,871.4,10.0,12.4,10.0,6.6,8.2,8.9,13.0,17.2,18.9,100.0,96.6,99.5,75.9,67.4,71.5,0.0,0.0,0.0,999.9,999.9,999.9,18,8.1,7.3
16585596,0723,76.7,81.6,85.4,39.9,46.4,42.6,872.4,890.6,871.4,9.7,12.4,10.0,6.3,8.1,8.9,12.0,17.2,18.9,98.1,96.6,99.5,71.1,67.4,71.5,0.0,0.0,0.0,999.9,999.9,999.9,18,8.2,7.3
16585596,0723,87.8,81.5,85.4,52.0,46.4,42.6,873.1,890.6,871.4,10.0,12.4,10.0,9.5,8.1,8.9,15.9,17.1,18.9,93.9,96.6,99.5,66.2,67.4,71.5,0.15,0.0,0.0,999.9,999.9,999.9,0,8.3,7.3
16585596,0723,85.2,81.6,85.4,40.5,46.6,42.6,999.9,890.7,871.4,14.9,12.4,10.0,6.9,8.1,8.9,18.1,17.0,18.9,102.0,96.6,99.5,73.9,67.4,71.5,0.02,0.0,0.0,999.9,999.9,999.9,0,8.3,7.3
16585596,0723,86.6,81.7,85.4,49.2,46.6,42.6,871.4,891.4,871.4,22.3,12.4,10.0,5.3,8.1,8.9,19.0,17.0,18.9,88.7,96.7,99.5,64.9,67.6,71.5,0.0,0.0,0.0,999.9,999.9,999.9,18,8.2,7.3
16585596,0723,81.1,81.8,85.4,41.6,46.7,42.6,873.6,891.3,871.4,9.9,12.5,10.0,8.8,8.1,8.9,31.1,17.0,18.9,89.1,96.7,99.5,73.0,67.6,71.5,0.01,0.0,0.0,999.9,999.9,999.9,0,8.3,7.3
16585596,0723,77.5,81.9,85.4,58.4,46.7,42.6,871.0,891.3,871.4,9.9,12.5,10.0,8.1,8.1,8.9,11.1,17.1,18.9,88.7,96.7,99.5,62.2,67.8,71.5,0.0,0.0,0.0,999.9,999.9,999.9,18,8.3,7.3
16585596,0723,77.5,81.8,85.2,47.2,46.8,43.2,869.0,891.3,871.4,10.0,12.5,9.9,8.1,8.1,8.9,24.1,17.1,18.7,98.1,96.7,99.4,75.9,67.7,71.1,0.11,0.0,0.0,999.9,999.9,999.9,0,8.3,7.3
16585596,0723,62.0,81.8,85.2,37.5,46.8,43.3,871.4,891.3,871.4,10.0,12.5,10.0,6.3,8.1,9.0,24.1,17.1,18.7,98.1,96.7,99.6,72.0,67.8,71.4,0.0,0.0,0.0,999.9,999.9,999.9,18,8.2,6.7
16585596,0723,89.2,81.8,84.8,36.2,46.8,43.2,873.5,891.3,871.3,22.3,12.5,10.0,6.6,8.1,8.9,18.1,17.2,19.1,99.0,96.8,99.9,62.1,67.8,71.8,0.0,0.0,0.0,999.9,999.9,999.9,0,8.3,7.3
16585596,0723,77.1,81.8,85.1,50.9,46.8,43.2,872.4,891.3,871.2,10.0,12.6,10.4,8.2,8.1,9.0,15.9,17.2,19.4,79.0,96.8,100.1,73.9,67.8,71.8,0.02,0.0,0.0,999.9,999.9,999.9,18,8.3,7.3
16585596,0723,86.8,81.8,85.0,57.2,46.9,43.6,873.0,891.3,871.1,9.9,12.6,10.4,7.8,8.1,9.1,10.1,17.3,19.5,95.0,96.7,99.4,64.9,67.9,72.2,0.17,0.0,0.0,999.9,999.9,999.9,0,8.4,7.9
16585596,0723,86.6,81.8,85.0,41.2,47.0,44.2,873.6,891.3,871.1,14.9,12.6,10.4,9.8,8.1,9.0,12.0,17.2,18.9,95.0,96.7,99.3,61.0,67.9,72.1,0.11,0.0,0.0,999.9,999.9,999.9,18,8.4,7.4
16585596,0723,80.7,81.8,85.0,57.6,47.0,44.1,872.7,891.3,871.1,9.9,12.6,10.5,10.4,8.1,9.0,18.1,17.1,18.5,99.0,96.6,99.2,63.0,67.8,71.7,0.0,0.0,0.0,999.9,999.9,999.9,18,8.4,7.5
16585596,0723,69.7,81.8,85.0,34.9,47.0,44.4,872.4,891.3,871.2,9.9,12.6,10.5,4.9,8.1,9.1,22.0,17.1,18.7,93.0,96.7,99.3,70.0,67.8,71.5,0.02,0.0,0.0,999.9,999.9,999.9,0,8.4,7.5
16585596,0723,77.5,81.7,84.5,44.1,46.9,44.0,870.0,891.3,871.3,9.7,12.6,10.5,6.6,8.1,8.9,13.0,17.1,18.8,102.9,96.6,99.2,62.1,67.8,71.5,0.17,0.0,0.0,999.9,999.9,999.9,18,8.3,6.9
16585596,0723,86.6,81.7,84.2,41.2,46.9,44.1,870.0,891.3,871.4,14.9,12.6,10.5,5.3,8.1,8.8,18.1,17.1,18.5,89.1,96.7,99.3,71.1,67.7,71.1,0.0,0.0,0.0,999.9,999.9,999.9,18,8.3,6.9
16585596,0723,83.0,81.7,84.1,34.9,47.0,44.3,873.6,891.4,871.6,10.0,12.6,10.7,5.6,8.0,8.4,19.0,17.1,18.4,99.0,96.6,98.9,64.9,67.7,71.0,0.0,0.0,0.0,999.9,999.9,999.9,0,8.4,7.5
16585596,0723,82.3,81.6,83.9,47.2,47.0,44.6,869.5,891.4,871.8,10.0,12.6,10.7,10.1,7.9,8.1,31.1,17.1,18.4,93.9,96.6,98.9,70.0,67.6,70.6,0.0,0.0,0.0,999.9,999.9,999.9,0,8.4,7.5
16585596,0723,82.3,81.6,83.8,54.5,47.1,45.3,869.6,891.4,871.9,13.5,12.6,10.7,4.9,7.9,8.0,15.9,17.1,18.7,93.9,96.6,98.7,70.0,67.6,70.4,0.0,0.0,0.0,999.9,999.9,999.9,18,8.4,7.5
16585596,0723,87.8,81.6,83.7,41.2,47.2,45.8,873.0,891.4,871.9,9.7,12.6,10.8,6.9,7.9,7.8,17.1,17.1,18.6,93.0,96.5,98.6,75.0,67.5,70.2,0.0,0.0,0.0,999.9,999.9,999.9,18,8.5,8.1
16585596,0723,88.1,81.6,83.7,45.0,47.3,46.0,869.7,891.4,872.1,10.0,12.6,10.8,9.6,7.9,7.7,11.1,17.1,18.6,93.0,96.5,98.4,62.1,67.5,70.2,0.0,0.0,0.0,999.9,999.9,999.9,18,8.6,8.7
16585596,0723,76.7,81.6,83.7,49.3,47.3,46.5,999.9,891.4,872.0,9.9,12.6,10.8,5.3,7.9,7.6,13.0,17.0,18.2,90.0,96.5,98.1,62.1,67.5,69.8,0.02,0.0,0.0,999.9,999.9,999.9,18,8.7,9.3
16585596,0723,86.8,81.5,83.3,41.2,47.4,47.0,999.9,892.1,876.2,10.0,12.6,10.8,6.2,7.8,7.4,15.9,17.0,17.9,104.0,96.4,97.7,66.0,67.4,69.4,0.11,0.0,0.0,999.9,999.9,999.9,0,8.8,9.9
16585596,0723,79.3,81.5,83.2,45.2,47.4,47.1,871.0,892.8,880.4,10.0,12.6,10.8,4.7,7.8,7.4,18.1,17.0,18.0,98.1,96.4,97.7,57.0,67.4,69.3,0.0,0.0,0.0,999.9,999.9,999.9,0,8.8,9.9
16585596,0723,80.7,81.5,83.1,40.5,47.5,47.2,869.5,892.8,880.3,10.0,12.6,10.8,6.6,7.8,7.4,10.1,17.0,18.2,99.0,96.4,97.6,66.9,67.3,68.9,0.0,0.0,0.0,999.9,999.9,999.9,18,8.8,9.9
16585596,0723,83.0,81.5,82.9,52.0,47.5,47.2,872.4,892.8,880.2,10.0,12.6,10.8,6.2,7.8,7.4,13.0,17.0,18.1,102.9,96.4,97.5,68.0,67.3,68.9,0.17,0.0,0.0,999.9,999.9,999.9,18,8.9,10.5
16585596,0723,88.8,81.4,82.7,40.5,47.5,47.3,999.9,892.8,880.3,10.0,12.6,10.8,6.5,7.8,7.3,15.9,17.0,17.9,99.0,96.4,97.5,75.9,67.3,68.8,0.0,0.0,0.0,999.9,999.9,999.9,0,8.9,10.5
16585596,0723,89.2,81.4,82.8,47.1,47.4,46.9,873.6,893.5,884.5,9.9,12.6,10.8,5.6,7.8,7.1,18.1,16.9,17.4,99.0,96.3,97.4,64.9,67.3,68.8,0.0,0.0,0.0,999.9,999.9,999.9,0,8.8,9.9
16585596,0723,82.8,81.5,83.0,57.2,47.4,46.6,869.7,893.5,884.5,13.5,12.6,10.8,5.6,7.8,7.0,8.9,16.9,17.5,102.9,96.3,97.4,57.0,67.3,68.6,0.0,0.0,0.0,999.9,999.9,999.9,0,8.7,9.4
16585596,0723,83.0,81.5,83.0,54.6,47.4,46.7,872.7,893.5,884.4,9.9,12.7,10.9,7.8,7.8,7.0,15.0,16.9,17.4,87.1,96.3,97.4,70.0,67.2,68.2,0.01,0.0,0.0,999.9,999.9,999.9,18,8.7,9.4
16585596,0723,82.7,81.4,82.7,50.9,47.4,47.0,866.4,893.5,884.5,10.0,12.7,10.9,6.2,7.8,7.0,18.1,16.9,17.3,93.9,96.2,96.8,73.9,67.2,68.1,0.0,0.0,0.0,999.9,999.9,999.9,18,8.8,10.0
16585596,0723,88.8,81.4,82.6,57.6,47.4,46.9,869.5,893.5,884.3,10.0,12.7,10.9,9.6,7.8,6.9,15.0,16.8,16.7,99.0,96.2,96.3,61.0,67.2,68.0,0.14,0.0,0.0,999.9,999.9,999.9,0,8.8,10.1
16585596,0723,77.5,81.4,82.7,47.2,47.4,47.0,873.0,893.4,884.2,10.0,12.7,10.9,6.3,7.7,6.9,26.0,16.7,16.2,102.9,96.2,96.3,71.1,67.1,67.5,0.0,0.0,0.0,999.9,999.9,999.9,0,8.7,9.5
16585596,0723,89.6,81.4,82.4,58.4,47.4,46.9,869.0,893.4,884.1,9.9,12.7,10.9,9.9,7.8,6.9,15.9,16.8,16.6,93.0,96.2,96.4,71.1,67.1,67.4,0.0,0.0,0.0,999.9,999.9,999.9,0,8.7,9.5
16585596,0723,86.8,81.4,82.5,57.5,47.5,47.3,866.4,893.4,884.0,10.0,12.7,10.9,6.4,7.8,7.1,19.0,16.8,16.8,93.9,96.1,96.1,66.9,67.1,67.3,0.0,0.0,0.0,999.9,999.9,999.9,2,8.7,9.5
16585596,0723,83.0,81.4,82.3,52.0,47.5,47.6,869.7,893.4,883.9,9.9,12.7,10.9,6.9,7.8,7.1,10.1,16.8,16.8,93.9,96.1,95.8,62.2,67.0,67.1,0.03,0.0,0.0,999.9,999.9,999.9,18,8.6,9.1
16585596,0723,80.9,81.4,82.5,54.1,47.5,47.4,872.4,893.4,883.9,9.7,12.7,10.9,5.3,7.7,7.0,15.9,16.7,16.7,98.1,96.1,96.0,66.0,67.0,67.1,0.0,0.0,0.0,999.9,999.9,999.9,18,8.6,9.1
16585596,0723,77.5,81.4,82.6,55.9,47.5,47.6,873.5,893.4,884.0,10.0,12.7,10.9,8.1,7.7,6.9,11.1,16.7,16.5,102.9,96.1,96.0,73.9,66.9,66.7,0.17,0.0,0.0,999.9,999.9,999.9,0,8.6,9.7
16585596,0723,62.0,81.4,83.2,41.2,47.6,48.2,870.4,893.4,884.1,10.0,12.7,10.9,6.4,7.7,7.0,14.0,16.7,16.0,93.9,96.2,96.1,66.9,66.9,66.8,0.0,0.0,0.0,999.9,999.9,999.9,0,8.5,9.1
16585596,0723,76.7,81.3,82.3,52.0,47.5,48.4,870.4,893.4,883.9,10.0,12.7,10.5,8.7,7.7,7.0,15.9,16.7,15.9,93.9,96.2,96.0,73.9,66.9,67.0,0.01,0.0,0.0,999.9,999.9,999.9,18,8.5,9.1
16585596,0723,76.7,81.2,82.2,55.9,47.5,48.4,999.9,892.7,883.9,9.9,12.7,10.5,9.9,7.7,7.0,15.0,16.7,15.9,95.0,96.2,96.5,73.9,66.9,67.0,0.0,0.0,0.0,999.9,999.9,999.9,18,8.6,9.1
16585596,0723,81.1,81.2,81.9,50.2,47.5,48.4,870.5,893.4,888.1,10.0,12.7,10.5,7.8,7.8,7.1,24.1,16.7,16.0,99.0,96.1,96.5,73.9,67.0,67.3,0.0,0.0,0.0,999.9,999.9,999.9,0,8.5,9.7
16585596,0723,87.8,81.2,81.7,33.1,47.6,48.7,869.5,893.4,888.0,30.7,12.7,10.3,9.6,7.8,7.0,11.1,16.7,16.4,99.0,96.2,96.6,73.9,67.1,67.7,0.0,0.0,0.0,999.9,999.9,999.9,0,8.5,9.1
16585596,0723,79.9,81.3,82.0,54.1,47.5,47.9,869.6,892.7,887.9,39.8,12.8,11.0,7.8,7.8,7.0,24.1,16.7,16.2,93.9,96.2,96.6,57.0,67.1,68.1,0.0,0.0,0.0,999.9,999.9,999.9,0,8.5,8.5
16585596,0723,62.0,81.3,82.3,45.2,47.5,48.5,872.4,892.7,887.8,10.0,12.9,12.0,9.5,7.8,7.1,14.0,16.7,16.3,102.9,96.1,96.6,61.0,67.0,67.6,0.0,0.0,0.0,999.9,999.9,999.9,0,8.5,8.5
16585596,0723,81.1,81.1,81.8,44.6,47.4,48.6,869.6,892.7,887.9,10.0,12.9,12.0,6.3,7.8,7.2,13.0,16.7,16.3,93.9,96.2,96.6,59.0,67.0,67.6,0.0,0.0,0.0,999.9,999.9,999.9,0,8.5,7.9
16585596,0723,89.2,81.3,81.6,37.5,47.4,48.7,872.9,892.7,887.9,10.0,12.9,11.9,6.5,7.8,7.2,34.0,16.7,16.1,91.9,96.1,96.8,73.9,67.0,67.2,0.11,0.0,0.0,999.9,999.9,999.9,0,8.4,7.3
16585596,0723,78.3,81.3,81.8,49.3,47.3,48.8,870.0,892.0,887.9,9.9,12.9,11.9,9.9,7.8,7.2,24.3,16.8,16.6,93.0,96.1,96.6,62.1,67.0,67.5,0.11,0.0,0.0,999.9,999.9,999.9,0,8.4,7.3
16585596,0723,82.8,81.3,81.7,36.2,47.3,48.8,872.9,892.0,887.9,10.0,12.9,11.9,9.6,7.8,7.2,26.0,16.8,16.4,93.9,96.1,96.5,75.0,67.0,67.2,0.11,0.0,0.0,999.9,999.9,999.9,18,8.4,7.3
16585596,0723,69.7,81.3,81.7,40.5,47.2,48.2,868.1,892.0,888.0,9.9,12.9,11.8,5.3,7.8,7.4,15.0,16.9,16.8,102.9,96.1,96.5,68.0,67.0,67.4,0.33,0.0,0.0,999.9,999.9,999.9,0,8.5,7.3
16585596,0723,80.7,81.3,81.1,33.1,47.2,48.2,868.1,892.0,887.8,41.0,12.9,11.8,5.1,7.8,7.3,13.0,16.8,16.7,100.0,96.1,96.9,66.0,67.0,67.2,0.0,0.0,0.0,999.9,999.9,999.9,0,8.5,6.7
16585596,0723,78.4,81.2,80.8,41.4,47.1,47.8,872.4,892.0,887.8,10.0,13.0,12.8,5.6,7.8,7.2,13.0,16.9,16.8,102.9,96.1,97.1,66.9,67.1,67.3,0.0,0.0,0.0,999.9,999.9,999.9,18,8.5,6.1
16585596,0723,83.0,81.2,80.9,34.9,47.1,47.5,999.9,892.0,883.5,9.7,13.0,12.8,3.7,7.7,7.2,19.0,16.9,16.8,104.0,96.1,97.5,71.1,67.1,67.4,0.14,0.0,0.0,999.9,999.9,999.9,0,8.5,6.1
16585596,0723,89.2,81.2,80.8,33.1,47.0,47.3,873.1,892.7,883.5,10.0,12.8,12.8,7.8,7.7,7.1,18.1,16.9,16.9,93.9,96.2,97.5,71.1,67.1,67.6,0.0,0.0,0.0,999.9,999.9,999.9,18,8.4,6.1
16585596,0723,79.3,81.2,81.1,33.1,46.9,46.9,873.5,892.7,883.6,39.8,12.8,12.8,7.8,7.7,7.2,15.9,16.9,16.9,98.1,96.2,97.4,61.0,67.1,68.1,0.0,0.0,0.0,999.9,999.9,999.9,2,8.5,6.7
16585596,0723,76.7,81.2,81.0,45.0,46.8,46.7,871.0,892.7,883.7,10.0,13.0,13.8,3.7,7.7,7.3,11.1,16.9,17.1,93.0,96.3,97.4,64.9,67.1,67.9,0.03,0.0,0.0,999.9,999.9,999.9,18,8.5,6.1
16585596,0723,76.7,81.2,80.8,55.9,46.8,46.4,872.9,892.7,883.7,10.0,13.0,13.8,6.4,7.7,7.2,24.3,16.8,17.0,99.0,96.2,97.0,57.9,67.1,67.8,0.02,0.0,0.0,999.9,999.9,999.9,0,8.6,6.1
16585596,0723,79.3,81.2,80.4,49.3,46.9,47.0,873.0,892.7,879.4,10.0,13.0,13.8,3.7,7.7,7.2,10.1,16.8,17.3,102.0,96.2,97.0,59.0,67.0,67.2,0.0,0.0,0.0,999.9,999.9,999.9,18,8.6,6.1
16585596,0723,82.3,81.2,80.1,47.2,46.8,47.0,871.5,892.7,879.4,10.0,12.9,13.8,11.6,7.7,7.1,13.0,16.8,17.0,89.1,96.2,97.1,72.0,66.9,67.0,0.0,0.0,0.0,999.9,999.9,999.9,0,8.7,6.7
16585596,0723,82.7,81.2,80.1,49.2,46.8,46.7,873.1,892.7,879.5,10.0,12.9,13.7,6.9,7.7,7.3,22.0,16.7,17.1,93.9,96.2,96.7,64.9,67.0,67.5,0.0,0.0,0.0,999.9,999.9,999.9,0,8.7,6.7
16585596,0723,77.5,81.2,80.1,45.2,46.9,46.5,870.4,892.7,879.5,39.8,12.9,13.7,10.1,7.7,7.3,12.0,16.7,17.4,95.0,96.2,96.9,70.0,67.0,67.3,0.0,0.0,0.0,999.9,999.9,999.9,18,8.7,6.1
16585596,0723,82.3,81.2,79.9,41.6,46.9,46.3,999.9,892.0,879.6,41.0,13.0,14.7,9.3,7.7,7.4,18.1,16.7,17.2,99.0,96.1,96.9,54.0,66.9,67.2,0.11,0.0,0.0,999.9,999.9,999.9,0,8.8,6.1
16585596,0723,85.2,81.3,79.7,52.0,46.8,45.8,870.4,892.7,884.0,10.0,13.2,15.7,6.6,7.7,7.4,12.0,16.7,17.3,90.0,96.1,96.9,62.1,66.9,67.0,0.0,0.0,0.0,999.9,999.9,999.9,18,8.7,6.1
16585596,0723,77.5,81.3,79.9,55.9,46.9,46.0,872.4,892.7,883.9,10.0,13.2,15.7,6.3,7.7,7.4,19.0,16.7,16.8,91.9,96.2,96.5,57.9,66.8,66.7,0.0,0.0,0.0,999.9,999.9,999.9,0,8.7,6.7
16585596,0723,82.3,81.2,79.5,40.5,46.9,45.9,870.4,892.7,884.0,20.3,13.2,15.7,4.9,7.7,7.3,26.0,16.7,16.9,102.0,96.1,96.5,66.0,66.8,66.2,0.0,0.0,0.0,999.9,999.9,999.9,0,8.7,6.7
16585596,0723,88.8,81.3,79.4,45.2,46.8,45.3,872.4,892.7,884.1,39.8,13.3,16.0,8.8,7.6,7.2,12.0,16.8,17.1,102.9,96.2,96.7,64.9,66.8,66.2,0.0,0.0,0.0,999.9,999.9,999.9,0,8.7,6.7
16585596,0723,88.1,81.3,79.6,34.9,46.8,45.1,871.5,892.7,884.2,10.0,13.4,17.0,9.9,7.6,7.3,12.0,16.8,17.2,88.7,96.2,97.0,66.0,66.7,66.3,0.0,0.0,0.0,999.9,999.9,999.9,18,8.7,6.1
16585596,0723,82.3,81.3,79.8,54.1,46.8,44.4,873.6,892.7,884.2,22.2,13.4,17.1,5.3,7.6,7.5,24.1,16.8,17.1,98.1,96.1,96.7,66.9,66.7,66.3,0.0,0.0,0.0,999.9,999.9,999.9,0,8.8,6.1
16585596,0723,81.8,81.3,80.0,48.9,46.8,44.4,869.5,892.7,884.2,9.9,13.5,17.5,6.9,7.6,7.4,31.1,16.9,17.5,89.1,96.1,96.6,57.0,66.7,66.0,0.0,0.0,0.0,999.9,999.9,999.9,0,8.8,6.1
16585596,0723,87.8,81.3,80.6,45.2,46.9,44.6,872.4,892.0,884.2,10.0,13.4,17.5,6.5,7.6,7.4,24.1,17.0,18.1,87.1,96.0,96.4,64.9,66.7,65.7,0.0,0.0,0.0,999.9,999.9,999.9,0,8.8,6.1
16585596,0723,87.8,81.4,81.0,46.5,46.8,44.4,869.7,892.0,884.2,10.0,13.4,17.5,6.2,7.6,7.3,18.1,17.0,18.4,99.0,96.1,96.2,75.9,66.6,65.4,0.0,0.0,0.0,999.9,999.9,999.9,0,8.8,5.5
16585596,0723,78.4,81.4,81.4,54.6,46.8,44.1,871.5,892.0,879.9,10.0,13.3,17.5,10.2,7.6,7.2,11.1,17.0,18.5,98.1,96.1,96.3,71.1,66.7,65.5,0.0,0.0,0.0,999.9,999.9,999.9,18,8.8,4.9
16585596,0723,86.8,81.3,81.3,54.6,46.8,44.2,873.6,892.0,879.9,10.0,13.3,17.5,10.4,7.6,7.3,24.3,17.0,18.0,104.0,96.1,96.3,61.0,66.7,65.4,0.0,0.0,0.0,999.9,999.9,999.9,18,8.9,5.5
16585596,0723,89.2,81.4,81.3,57.5,46.8,45.0,869.0,891.3,880.1,9.9,13.3,16.8,6.3,7.6,7.3,18.1,17.1,18.5,95.0,96.1,96.4,71.1,66.6,65.0,0.0,0.0,0.0,999.9,999.9,999.9,0,8.9,6.1
16585596,0723,76.4,81.4,81.6,52.0,46.8,45.1,869.6,891.3,880.0,9.9,13.3,15.8,9.5,7.6,7.2,24.1,17.1,18.3,93.0,96.2,96.5,75.9,66.7,65.4,0.0,0.0,0.0,999.9,999.9,999.9,18,8.8,6.1
16585596,0723,85.4,81.4,82.1,44.6,46.8,45.3,999.9,891.3,879.9,10.0,13.2,15.8,6.2,7.6,7.2,24.1,17.2,18.6,102.0,96.1,96.1,71.1,66.7,65.9,0.0,0.0,0.0,999.9,999.9,999.9,0,8.9,6.7
16585596,0723,89.6,81.4,82.2,57.6,46.7,45.3,999.9,891.3,884.3,10.0,13.2,15.8,10.6,7.6,7.2,26.0,17.2,19.0,90.0,96.1,96.4,62.1,66.8,66.3,0.02,0.0,0.0,999.9,999.9,999.9,0,8.9,6.7
16585596,0723,62.0,81.5,82.2,52.0,46.8,46.0,872.4,892.0,888.5,9.9,13.2,15.8,6.3,7.6,7.4,18.1,17.3,18.7,104.0,96.1,96.4,64.9,66.7,65.9,0.0,0.0,0.0,999.9,999.9,999.9,0,8.9,6.7
16585596,0723,76.7,81.4,81.7,54.6,46.9,46.1,873.1,892.0,888.6,10.0,13.2,15.8,9.6,7.6,7.2,15.9,17.3,18.5,93.9,96.1,96.7,63.0,66.8,66.0,0.14,0.0,0.0,999.9,999.9,999.9,0,8.9,6.7
16585596,0723,77.5,81.4,81.5,37.5,46.9,46.7,869.7,892.0,888.6,10.0,13.2,15.8,10.6,7.6,7.2,15.0,17.3,18.2,98.1,96.0,96.7,73.9,66.7,65.6,0.0,0.0,0.0,999.9,999.9,999.9,0,8.8,6.1
16585596,0723,81.8,81.4,81.7,55.6,46.8,46.6,869.6,891.3,888.7,30.7,13.2,15.8,7.8,7.7,7.4,34.0,17.3,18.2,90.0,96.1,96.6,68.0,66.7,65.8,0.0,0.0,0.0,999.9,999.9,999.9,0,8.7,6.1
16585596,0723,88.8,81.4,81.8,37.5,46.9,47.3,875.8,891.3,888.7,10.0,13.3,15.4,11.6,7.7,7.5,10.1,17.4,18.9,99.0,96.0,96.2,75.0,66.7,65.9,0.02,0.0,0.0,999.9,999.9,999.9,18,8.6,6.1
16585596,0723,74.2,81.4,82.1,58.4,46.9,47.2,872.9,891.3,888.8,10.0,13.3,15.4,8.8,7.7,7.7,34.0,17.4,18.8,102.0,96.1,96.1,68.0,66.7,66.2,0.0,0.0,0.0,999.9,999.9,999.9,0,8.7,6.1
16585596,0723,77.1,81.3,81.8,39.9,47.1,48.0,873.5,891.3,884.6,14.9,13.3,15.4,6.5,7.7,7.9,22.0,17.4,19.3,95.0,96.1,96.0,71.1,66.7,66.0,0.0,0.0,0.0,999.9,999.9,999.9,0,8.6,6.1
16585596,0723,78.3,81.3,81.4,45.0,47.0,48.2,871.0,891.3,884.6,13.5,13.3,15.6,3.7,7.7,7.8,34.0,17.5,19.4,95.0,96.1,96.1,62.1,66.7,66.0,0.0,0.0,0.0,999.9,999.9,999.9,0,8.5,5.5
16585596,0723,82.7,81.3,81.4,46.5,47.0,48.6,873.6,890.6,884.5,10.0,13.4,14.7,5.1,7.7,7.7,24.1,17.6,20.0,102.9,96.1,96.0,62.1,66.7,66.1,0.0,0.0,0.0,999.9,999.9,999.9,2,8.4,5.4
16585596,0723,69.7,81.3,81.6,49.2,47.0,48.6,870.4,889.9,884.6,10.0,13.3,14.7,11.6,7.7,7.8,13.0,17.7,20.4,90.0,96.2,96.3,59.0,66.8,66.0,0.14,0.0,0.0,999.9,999.9,999.9,0,8.4,4.9
16585596,0723,85.4,81.2,81.3,55.9,47.0,48.4,873.5,889.9,884.5,10.0,13.3,14.7,10.4,7.7,7.9,12.0,17.6,20.1,99.0,96.2,96.0,57.9,66.7,66.0,0.0,0.0,0.0,999.9,999.9,999.9,0,8.4,4.9
16585596,0723,86.6,81.2,81.5,49.2,47.1,48.6,999.9,889.2,884.5,20.3,13.3,14.7,5.6,7.7,8.2,22.0,17.6,20.1,99.0,96.2,95.9,61.0,66.7,66.0,0.0,0.0,0.0,999.9,999.9,999.9,0,8.3,4.3
16585596,0723,77.1,81.2,81.7,37.5,47.1,48.7,869.5,889.9,888.8,39.8,13.3,15.1,10.1,7.7,8.0,24.3,17.7,20.4,93.0,96.2,96.2,64.9,66.6,65.6,0.0,0.0,0.0,999.9,999.9,999.9,0,8.2,4.3
16585596,0723,85.2,81.2,81.5,54.1,47.1,48.3,871.0,889.9,888.7,41.0,13.5,16.1,7.8,7.7,8.1,12.0,17.7,20.5,102.0,96.2,96.2,70.0,66.6,65.6,0.33,0.0,0.0,999.9,999.9,999.9,0,8.1,4.3
16585596,0723,89.2,81.2,81.8,55.9,47.1,48.6,873.1,889.9,888.7,20.3,13.5,16.1,7.8,7.7,8.0,15.9,17.6,20.5,98.1,96.3,96.4,73.9,66.7,65.6,0.0,0.0,0.0,999.9,999.9,999.9,2,8.1,3.7
16585596,0723,85.2,81.3,82.0,57.5,47.1,49.1,999.9,889.2,884.5,10.0,13.6,15.4,6.2,7.8,7.9,18.1,17.6,20.4,89.1,96.3,96.4,66.9,66.7,66.3,0.0,0.0,0.0,999.9,999.9,999.9,0,8.1,3.7
16585596,0723,78.4,81.3,82.0,47.1,47.2,49.3,868.1,889.9,888.8,9.9,13.6,15.4,6.4,7.8,7.9,13.0,17.6,20.6,100.0,96.3,96.4,68.0,66.7,66.5,0.0,0.0,0.0,999.9,999.9,999.9,0,8.1,3.1
16585596,0723,78.3,81.3,82.0,54.6,47.2,49.0,872.4,889.9,888.7,10.0,13.5,15.4,9.5,7.7,7.9,31.1,17.6,20.4,99.0,96.3,96.6,64.9,66.7,66.8,0.0,0.0,0.0,999.9,999.9,999.9,0,8.0,3.1
16585596,0723,78.3,81.3,81.9,34.9,47.3,49.5,868.1,889.2,888.7,10.0,13.5,15.1,6.6,7.8,8.1,18.1,17.6,20.6,93.9,96.4,96.5,71.1,66.7,66.8,0.0,0.0,0.0,999.9,999.9,999.9,0,8.0,3.1
16585596,0723,85.2,81.2,81.5,54.6,47.2,49.1,999.9,889.1,888.6,10.0,13.6,14.1,6.5,7.8,8.0,24.3,17.6,20.8,95.0,96.4,96.2,75.9,66.7,67.0,0.0,0.0,0.0,999.9,999.9,999.9,16,8.0,3.1
16585596,0723,82.3,81.2,81.4,54.5,47.2,49.8,869.6,889.9,892.9,10.0,13.6,14.1,5.3,7.8,7.9,15.0,17.6,21.2,99.0,96.4,96.4,62.1,66.8,67.3,0.02,0.0,0.0,999.9,999.9,999.9,18,8.0,3.1
16585596,0723,82.3,81.2,81.4,52.0,47.2,49.8,999.9,889.8,892.7,20.3,13.5,13.7,10.4,7.8,7.9,13.0,17.6,20.9,90.0,96.4,96.5,64.9,66.7,67.1,0.0,0.0,0.0,999.9,999.9,999.9,0,8.1,3.7
16585596,0723,80.7,81.2,81.5,47.2,47.2,49.9,999.9,890.6,897.1,9.8,13.6,14.0,6.3,7.8,8.0,13.0,17.6,20.3,99.0,96.4,96.5,62.1,66.7,67.4,0.0,0.0,0.0,999.9,999.9,999.9,18,8.0,3.7
16585596,0723,85.2,81.2,81.2,58.4,47.2,50.0,873.0,890.6,901.3,10.0,13.6,14.0,6.6,7.8,8.0,24.1,17.6,19.9,93.9,96.4,96.9,66.9,66.7,67.3,0.0,0.0,0.0,999.9,999.9,999.9,0,8.1,4.3
16585596,0723,69.7,81.2,81.1,57.2,47.2,50.4,871.4,890.6,901.4,41.0,13.5,14.0,9.8,7.7,8.0,10.1,17.6,20.1,95.0,96.4,96.7,70.0,66.7,67.0,0.0,0.0,0.0,999.9,999.9,999.9,0,7.8,4.3
16585596,0723,79.3,81.2,80.8,49.3,47.3,50.4,870.4,890.6,901.4,10.0,13.6,15.0,10.2,7.7,8.0,19.0,17.6,20.1,90.0,96.4,96.6,61.0,66.7,67.0,0.0,0.0,0.0,999.9,999.9,999.9,0,7.8,3.7
16585596,0723,82.7,81.1,80.6,34.9,47.3,50.3,999.9,890.6,901.3,22.2,13.6,15.0,8.8,7.7,8.0,18.1,17.6,19.9,95.0,96.4,96.2,72.0,66.7,67.0,0.0,0.0,0.0,999.9,999.9,999.9,18,7.8,3.1
16585596,0723,80.7,81.1,80.4,55.9,47.3,49.5,871.4,891.3,905.7,9.9,13.7,15.4,4.7,7.7,8.1,15.9,17.6,19.9,79.0,96.3,96.2,75.0,66.7,67.0,0.0,0.0,0.0,999.9,999.9,999.9,2,7.9,3.7
16585596,0723,82.8,81.1,80.5,47.1,47.3,49.6,869.5,890.6,905.8,9.9,13.7,15.4,5.6,7.7,7.9,19.0,17.6,19.6,90.0,96.2,95.7,66.0,66.7,67.0,0.15,0.0,0.0,999.9,999.9,999.9,0,7.8,3.1
16585596,0723,78.4,81.1,80.4,49.3,47.3,49.7,870.5,890.6,901.4,10.0,13.7,15.4,9.5,7.7,7.9,34.0,17.6,19.5,102.9,96.1,95.3,71.1,66.7,66.8,0.0,0.0,0.0,999.9,999.9,999.9,18,7.7,3.1
16585596,0723,89.2,81.1,80.1,58.4,47.3,49.4,999.9,890.6,897.1,20.3,13.6,15.4,7.8,7.7,7.9,11.1,17.7,19.7,90.0,96.2,95.7,64.9,66.7,67.1,0.0,0.0,0.0,999.9,999.9,999.9,18,7.8,3.7
16585596,0723,89.6,81.1,81.0,41.6,47.4,49.7,872.4,891.3,901.3,10.0,13.7,15.8,10.4,7.7,7.9,14.0,17.7,19.5,93.9,96.2,95.3,62.2,66.7,67.1,0.11,0.0,0.0,999.9,999.9,999.9,0,7.8,4.3
16585596,0723,77.5,81.1,81.4,57.5,47.3,49.2,870.0,891.3,901.3,10.0,13.7,15.8,10.2,7.7,7.9,15.9,17.7,19.4,104.0,96.1,95.3,62.1,66.8,67.1,0.0,0.0,0.0,999.9,999.9,999.9,0,7.7,4.3
16585596,0723,69.7,81.1,81.4,34.9,47.3,49.9,872.4,890.6,901.3,39.8,13.7,15.8,6.9,7.7,7.9,13.0,17.6,19.5,100.0,96.2,95.5,57.9,66.7,66.7,0.0,0.0,0.0,999.9,999.9,999.9,0,7.7,4.3
16585596,0723,79.9,81.0,81.0,45.0,47.3,49.2,873.0,890.6,901.4,10.0,13.9,16.1,5.3,7.7,7.9,15.9,17.6,18.8,95.0,96.2,95.8,63.0,66.6,66.3,0.02,0.0,0.0,999.9,999.9,999.9,16,7.7,4.3
16585596,0723,89.2,81.0,80.7,41.6,47.3,49.5,999.9,890.6,901.3,22.3,13.9,16.1,10.4,7.7,7.7,15.9,17.6,19.0,102.9,96.1,95.7,71.1,66.6,65.9,0.0,0.0,0.0,999.9,999.9,999.9,18,7.7,4.3
16585596,0723,82.3,81.0,81.2,39.9,47.3,48.9,866.4,891.3,905.6,9.9,13.9,16.5,3.7,7.7,7.7,13.0,17.6,18.4,98.1,96.1,95.7,61.0,66.6,66.0,0.0,0.0,0.0,999.9,999.9,999.9,48,7.8,4.9
16585596,0723,77.1,81.0,81.4,41.4,47.2,48.9,869.0,891.3,905.3,10.0,13.9,16.3,6.5,7.7,7.6,11.1,17.6,18.1,88.7,96.1,95.8,62.1,66.6,65.7,0.03,0.0,0.0,999.9,999.9,999.9,0,8.0,6.5
16585596,0723,86.8,80.9,81.3,44.6,47.2,48.8,871.5,891.2,905.3,10.0,13.9,16.2,6.9,7.7,7.7,11.1,17.6,17.3,91.9,96.1,95.6,66.0,66.5,65.7,0.0,0.0,0.0,999.9,999.9,999.9,0,8.0,6.5
16585596,0723,78.4,81.0,81.5,50.9,47.1,48.7,872.4,891.2,905.2,41.0,13.9,16.2,6.4,7.7,7.8,13.0,17.5,16.9,99.0,96.1,95.2,73.9,66.5,65.8,0.02,0.0,0.0,999.9,999.9,999.9,0,8.0,6.4
16585596,0723,89.2,81.0,81.8,34.9,47.2,48.8,869.5,891.2,905.3,9.7,14.1,17.3,9.8,7.6,7.6,34.0,17.5,16.9,89.1,96.1,95.5,63.0,66.5,66.3,0.03,0.0,0.0,999.9,999.9,999.9,0,7.9,6.4
16585596,0723,81.1,81.0,81.9,54.1,47.1,48.1,872.4,891.2,905.1,9.9,14.0,17.2,9.8,7.7,7.6,13.0,17.6,17.6,100.0,96.1,95.2,66.9,66.5,66.5,0.15,0.0,0.0,999.9,999.9,999.9,48,7.8,6.4
16585596,0723,69.7,81.0,81.7,49.3,47.2,48.2,873.0,891.3,900.9,9.9,13.9,16.9,3.7,7.7,7.7,26.0,17.6,17.3,98.1,96.2,95.2,61.0,66.5,66.7,0.11,0.0,0.0,999.9,999.9,999.9,18,8.0,8.0
16585596,0723,79.9,80.9,81.5,34.9,47.2,48.6,873.5,891.3,901.0,9.8,13.8,15.9,3.7,7.7,7.5,13.0,17.6,17.4,98.1,96.2,95.4,61.0,66.5,66.6,0.0,0.0,0.0,999.9,999.9,999.9,18,8.0,8.6
16585596,0723,76.8,80.9,81.3,37.5,47.1,48.0,873.1,891.3,901.1,10.0,13.7,14.9,6.9,7.7,7.4,22.0,17.6,17.4,93.0,96.2,95.3,71.1,66.5,66.3,0.0,0.0,0.0,999.9,999.9,999.9,0,8.1,9.2
16585596,0723,78.3,80.9,80.9,45.2,47.1,47.4,873.5,891.3,901.1,22.3,13.6,14.5,4.7,7.7,7.4,31.1,17.6,17.6,104.0,96.2,95.1,66.9,66.4,66.2,0.15,0.0,0.0,999.9,999.9,999.9,0,8.1,9.1
16585596,0723,80.3,80.9,80.6,54.6,47.1,47.0,872.4,890.6,896.9,10.0,13.7,14.9,4.9,7.6,7.3,31.1,17.7,18.0,87.1,96.2,95.6,57.9,66.4,66.2,0.0,0.0,0.0,999.9,999.9,999.9,18,8.1,9.1
16585596,0723,76.4,81.0,80.7,57.5,47.1,47.2,873.0,890.6,897.0,10.0,13.6,14.9,6.3,7.6,7.3,10.1,17.8,18.6,93.9,96.2,95.2,66.9,66.4,65.8,0.0,0.0,0.0,999.9,999.9,999.9,0,8.2,9.7
16585596,0723,83.0,80.9,80.6,50.9,47.2,47.3,873.1,890.6,897.0,41.0,13.6,14.9,8.7,7.6,7.2,22.0,17.8,17.9,88.7,96.2,95.0,73.9,66.4,65.9,0.0,0.0,0.0,999.9,999.9,999.9,18,8.1,9.7
16585596,0723,82.7,80.9,80.8,57.5,47.3,47.8,872.9,889.9,897.2,10.0,13.7,16.0,10.6,7.6,7.2,15.9,17.9,18.1,99.0,96.2,94.8,59.0,66.5,66.0,0.0,0.0,0.0,999.9,999.9,999.9,18,8.2,10.3
16585596,0723,82.3,80.9,80.7,33.1,47.4,47.9,866.4,889.9,893.0,10.0,13.7,16.0,10.6,7.6,7.4,12.0,17.9,17.8,91.9,96.1,94.9,57.9,66.5,65.4,0.0,0.0,0.0,999.9,999.9,999.9,18,8.2,10.4
16585596,0723,86.8,80.9,80.7,44.1,47.3,47.2,999.9,889.9,892.9,10.0,13.7,16.0,5.1,7.6,7.5,15.9,17.8,17.7,88.7,96.1,94.7,66.9,66.5,65.3,0.17,0.0,0.0,999.9,999.9,999.9,0,8.3,10.4
16585596,0723,74.2,81.0,80.9,36.2,47.2,47.0,999.9,890.6,892.9,9.8,13.7,15.6,10.2,7.6,7.4,8.9,17.9,17.8,95.0,96.1,94.7,64.9,66.5,65.4,0.0,0.0,0.0,999.9,999.9,999.9,16,8.3,10.4
16585596,0723,77.1,80.9,80.6,55.6,47.2,46.6,873.0,891.3,892.9,9.9,13.7,15.6,9.3,7.6,7.5,19.0,17.8,17.6,102.0,96.0,94.5,62.1,66.5,65.5,0.0,0.0,0.0,999.9,999.9,999.9,0,8.2,10.3
16585596,0723,77.1,81.0,80.4,55.9,47.2,46.5,872.4,891.3,892.9,9.9,13.7,15.6,10.4,7.6,7.6,19.0,17.9,17.5,93.0,96.0,94.8,63.0,66.4,65.3,0.0,0.0,0.0,999.9,999.9,999.9,0,8.2,10.3
16585596,0723,77.5,81.0,80.6,57.6,47.2,46.5,872.4,890.6,892.9,9.8,13.7,14.6,5.3,7.6,7.6,15.9,17.9,17.8,104.0,96.0,94.7,57.9,66.4,65.1,0.0,0.0,0.0,999.9,999.9,999.9,48,8.2,10.3
16585596,0723,78.4,81.0,80.6,49.3,47.3,46.7,999.9,890.6,893.0,9.9,13.7,14.6,5.3,7.6,7.4,19.0,17.8,17.7,93.0,96.0,95.2,61.0,66.4,65.0,0.0,0.0,0.0,999.9,999.9,999.9,18,8.5,11.9
16585596,0723,86.8,80.9,80.4,48.9,47.3,47.2,871.0,890.6,893.0,10.0,13.7,14.2,8.7,7.6,7.3,13.0,17.9,17.7,89.1,96.0,95.1,68.0,66.4,64.6,0.0,0.0,0.0,999.9,999.9,999.9,0,8.6,11.9
16585596,0723,62.0,81.0,80.6,45.0,47.3,47.0,871.5,889.9,892.9,10.0,13.7,14.2,10.4,7.6,7.5,15.0,17.8,17.6,93.0,96.0,95.5,66.2,66.4,64.4,0.0,0.0,0.0,999.9,999.9,999.9,18,8.6,11.9
16585596,0723,76.8,80.8,79.9,52.0,47.2,46.9,999.9,889.9,893.0,9.9,13.7,14.2,10.1,7.6,7.6,24.1,17.8,17.5,87.1,95.9,95.6,66.0,66.4,64.4,0.11,0.0,0.0,999.9,999.9,999.9,16,8.4,12.5
16585596,0723,62.0,80.8,79.9,40.5,47.3,47.0,871.5,890.6,897.3,9.9,13.7,14.2,8.1,7.6,7.6,15.9,17.8,17.1,98.1,95.8,95.0,72.0,66.4,64.2,0.02,0.0,0.0,999.9,999.9,999.9,18,8.4,12.4
16585596,0723,89.2,80.7,79.0,52.0,47.3,46.4,868.1,890.6,893.0,9.9,13.6,13.8,6.5,7.6,7.6,22.0,17.8,17.3,93.0,95.8,95.3,66.0,66.4,64.4,0.02,0.0,0.0,999.9,999.9,999.9,0,8.4,12.4
16585596,0723,78.3,80.8,79.0,57.6,47.3,46.7,872.4,890.6,892.9,10.0,13.6,13.8,6.9,7.6,7.5,15.9,17.9,17.6,90.0,95.8,95.3,62.1,66.4,64.6,0.33,0.0,0.0,999.9,999.9,999.9,0,8.3,12.4
16585596,0723,87.8,80.8,79.0,54.1,47.3,46.8,870.0,890.6,893.0,10.0,13.6,13.8,8.2,7.6,7.4,22.0,17.8,17.6,102.0,95.7,94.8,71.1,66.4,64.6,0.0,0.0,0.0,999.9,999.9,999.9,0,8.3,12.4
16585596,0723,88.8,80.8,79.6,41.2,47.4,47.4,871.0,890.6,892.9,9.7,13.6,12.8,10.4,7.6,7.4,31.1,17.8,17.9,99.0,95.8,94.9,71.1,66.4,65.0,0.0,0.0,0.0,999.9,999.9,999.9,0,8.1,12.4
16585596,0723,87.8,80.9,79.9,49.3,47.3,47.3,872.9,889.9,892.8,10.0,13.6,12.8,9.8,7.6,7.6,24.1,17.9,18.4,104.0,95.7,95.0,64.9,66.4,65.3,0.14,0.0,0.0,999.9,999.9,999.9,18,8.1,11.9
16585596,0723,76.8,80.9,79.8,57.6,47.3,47.5,871.0,889.9,888.6,10.0,13.6,12.4,4.7,7.7,7.6,24.3,17.9,18.6,93.0,95.8,95.1,62.1,66.4,65.1,0.0,0.0,0.0,999.9,999.9,999.9,0,8.2,11.9
16585596,0723,77.1,80.9,79.6,37.5,47.4,48.1,872.4,889.9,888.8,10.0,13.5,12.4,9.6,7.7,7.6,22.0,18.0,19.0,95.0,95.9,94.9,66.0,66.4,65.1,0.17,0.0,0.0,999.9,999.9,999.9,18,8.2,10.3
16585596,0723,82.7,80.9,79.6,46.5,47.4,48.0,999.9,889.9,888.9,20.3,13.5,12.4,6.3,7.7,7.7,11.1,18.0,19.4,93.0,95.9,95.1,70.0,66.4,65.2,0.0,0.0,0.0,999.9,999.9,999.9,18,8.2,10.9
16585596,0723,81.8,80.8,79.5,50.9,47.4,48.0,870.5,890.6,893.1,9.9,13.6,12.8,6.2,7.6,7.7,18.1,18.0,19.4,93.0,95.9,95.1,70.0,66.4,65.4,0.33,0.0,0.0,999.9,999.9,999.9,0,8.2,11.5
16585596,0723,77.1,80.8,79.6,45.0,47.4,48.0,873.0,890.6,893.1,9.9,13.5,11.7,3.7,7.6,7.7,18.1,18.0,19.6,102.9,95.8,94.9,64.9,66.4,65.2,0.0,0.0,0.1,999.9,999.9,999.9,0,8.2,11.5
16585596,0723,79.3,80.8,79.2,48.9,47.3,48.4,999.9,890.6,893.2,10.0,13.5,11.7,9.8,7.6,7.5,15.9,18.0,19.0,102.9,95.9,95.4,57.0,66.5,65.3,0.0,0.0,0.1,999.9,999.9,999.9,18,8.1,11.5
16585596,0723,85.4,80.8,79.2,50.2,47.4,48.2,999.9,891.3,897.4,10.0,13.5,11.7,6.5,7.6,7.5,10.1,18.0,19.1,90.0,95.9,95.5,73.9,66.5,65.0,0.0,0.0,0.1,999.9,999.9,999.9,0,8.1,10.5
16585596,0723,82.8,80.9,79.7,54.1,47.4,48.2,870.4,892.0,901.7,22.2,13.5,11.7,6.2,7.6,7.6,14.0,18.0,18.6,93.9,95.9,95.2,71.1,66.5,65.4,0.0,0.0,0.0,999.9,999.9,999.9,18,8.1,9.9
16585596,0723,81.8,80.9,79.8,55.9,47.5,48.9,870.4,892.0,901.6,10.0,13.5,12.1,5.1,7.6,7.7,11.1,17.9,18.6,89.1,95.9,95.1,54.0,66.5,65.7,0.0,0.0,0.0,999.9,999.9,999.9,18,8.2,9.9
16585596,0723,77.5,80.8,79.9,49.3,47.5,49.5,870.0,892.1,901.5,10.0,13.5,12.1,10.4,7.6,7.6,13.0,17.9,18.3,90.0,95.9,94.9,75.0,66.5,65.2,0.0,0.0,0.0,999.9,999.9,999.9,16,8.3,10.5
16585596,0723,83.0,80.9,79.9,46.5,47.5,49.6,999.9,892.1,901.4,10.0,13.5,11.7,4.7,7.6,7.8,31.1,17.9,17.7,102.9,95.9,94.5,62.1,66.5,65.4,0.0,0.0,0.0,999.9,999.9,999.9,0,8.3,11.0
16585596,0723,79.3,80.9,80.0,58.4,47.5,49.4,871.4,892.8,905.6,9.9,13.5,11.7,5.3,7.6,7.8,22.0,18.0,17.7,90.0,96.0,95.0,54.0,66.5,65.6,0.03,0.0,0.0,999.9,999.9,999.9,0,8.3,10.4
16585596,0723,79.9,80.9,80.1,41.6,47.6,49.4,873.5,892.8,905.6,9.8,13.4,11.7,5.3,7.6,7.8,14.0,18.0,18.1,102.0,95.9,94.9,62.1,66.5,65.1,0.0,0.0,0.0,999.9,999.9,999.9,18,8.3,10.4
16585596,0723,81.8,80.9,80.0,54.6,47.6,49.1,871.5,892.8,905.6,39.8,13.4,10.7,5.6,7.5,7.7,18.1,18.0,17.8,104.0,96.0,95.3,62.1,66.4,64.7,0.02,0.0,0.0,999.9,999.9,999.9,2,8.3,10.4
16585596,0723,89.2,80.9,80.0,52.0,47.7,49.0,872.4,892.7,905.5,9.9,13.5,11.7,5.6,7.5,7.5,14.0,18.0,17.9,89.1,96.1,95.5,75.0,66.4,64.8,0.0,0.0,0.0,999.9,999.9,999.9,0,8.3,9.9
16585596,0723,80.9,81.1,80.2,55.6,47.7,49.6,866.4,892.8,905.7,13.5,13.5,11.7,11.6,7.5,7.3,24.3,18.0,17.9,93.9,96.1,95.4,66.0,66.4,65.4,0.0,0.0,0.0,999.9,999.9,999.9,2,8.3,9.3
16585596,0723,62.0,81.1,80.0,48.9,47.7,50.0,873.6,892.7,901.3,9.7,13.6,11.8,8.2,7.5,7.5,15.9,18.1,18.2,99.0,96.0,95.6,73.9,66.4,65.4,0.0,0.0,0.0,999.9,999.9,999.9,18,8.2,9.3
16585596,0723,79.9,81.0,79.6,49.3,47.7,50.4,873.0,892.8,897.1,9.7,13.6,11.8,6.3,7.5,7.5,12.0,18.1,18.4,89.1,96.0,95.7,54.0,66.4,65.7,0.17,0.0,0.0,999.9,999.9,999.9,18,8.3,9.4
16585596,0723,82.7,80.9,79.7,41.2,47.8,50.2,871.4,892.8,897.1,9.9,13.6,11.8,6.3,7.5,7.4,31.1,18.0,18.2,102.9,95.9,95.3,75.0,66.4,65.4,0.0,0.0,0.0,999.9,999.9,999.9,0,8.4,10.0
16585596,0723,81.8,81.0,79.9,36.2,47.7,49.7,869.5,892.8,897.0,22.3,13.5,11.8,6.9,7.5,7.2,12.0,18.1,18.6,102.0,96.0,95.6,66.0,66.4,65.8,0.0,0.0,0.0,999.9,999.9,999.9,18,8.3,10.0
16585596,0723,81.8,81.0,80.0,45.2,47.7,49.0,870.4,892.8,896.9,10.0,13.6,12.2,10.2,7.5,7.3,13.0,18.1,18.5,100.0,96.0,95.5,66.0,66.4,66.1,0.0,0.0,0.0,999.9,999.9,999.9,0,8.3,9.0
16585596,0723,69.7,81.0,80.1,57.2,47.6,48.9,872.9,892.1,892.6,9.9,13.6,12.2,5.6,7.5,7.5,24.3,18.1,18.3,100.0,96.0,95.8,62.1,66.4,66.3,0.0,0.0,0.0,999.9,999.9,999.9,0,8.3,8.4
16585596,0723,77.5,80.9,79.6,46.5,47.7,49.1,869.6,891.4,892.7,14.9,13.6,12.2,8.2,7.4,7.3,19.0,18.0,18.7,93.9,96.0,96.1,61.0,66.4,66.1,0.0,0.0,0.0,999.9,999.9,999.9,0,8.3,8.4
16585596,0723,85.4,80.8,80.1,41.4,47.6,49.2,872.7,890.6,892.6,9.9,13.6,12.4,11.6,7.4,7.3,31.1,18.0,18.8,102.9,95.9,96.2,66.2,66.4,65.9,0.01,0.0,0.0,999.9,999.9,999.9,18,8.2,7.8
16585596,0723,79.3,80.9,80.4,57.2,47.6,48.8,871.0,890.6,888.4,10.0,13.6,12.4,5.6,7.5,7.3,11.1,18.1,19.0,95.0,96.0,96.7,71.1,66.4,65.9,0.0,0.0,0.0,999.9,999.9,999.9,18,8.2,7.9
16585596,0723,74.2,80.9,80.9,45.2,47.7,49.4,999.9,890.6,888.4,9.9,13.6,12.4,3.7,7.5,7.2,10.1,18.1,18.9,99.0,96.0,96.6,68.0,66.4,65.9,0.0,0.0,0.0,999.9,999.9,999.9,0,8.3,7.9
16585596,0723,78.4,80.9,80.4,45.2,47.7,49.2,873.5,891.3,892.8,9.9,13.6,12.4,10.2,7.4,7.1,15.9,18.1,18.5,93.0,96.0,96.8,73.0,66.4,65.9,0.0,0.0,0.0,999.9,999.9,999.9,0,8.3,7.9
16585596,0723,79.3,80.8,80.5,33.1,47.7,48.8,869.5,891.4,892.8,10.0,13.6,12.4,9.9,7.5,7.3,17.1,18.1,18.5,79.0,96.0,96.9,71.1,66.4,66.3,0.0,0.0,0.0,999.9,999.9,999.9,0,8.2,7.9
16585596,0723,82.7,80.8,80.2,48.9,47.6,48.1,999.9,891.3,892.8,9.9,13.6,12.4,6.3,7.5,7.3,18.1,18.1,18.3,102.0,95.9,96.1,63.0,66.4,66.3,0.0,0.0,0.0,999.9,999.9,999.9,18,8.2,7.9
16585596,0723,86.8,80.8,80.0,55.9,47.7,48.3,868.1,892.0,897.1,13.5,13.6,12.4,10.1,7.5,7.2,15.0,18.1,17.9,104.0,95.9,96.2,54.0,66.4,66.0,0.11,0.0,0.0,999.9,999.9,999.9,0,8.2,8.5
16585596,0723,81.1,80.8,79.9,44.1,47.7,48.5,871.5,892.0,896.9,10.0,13.6,12.5,10.2,7.5,7.2,26.0,18.1,17.6,104.0,96.0,96.2,70.0,66.4,65.7,0.0,0.0,0.0,999.9,999.9,999.9,18,8.2,7.9
16585596,0723,80.7,80.8,80.1,41.4,47.7,48.1,870.0,891.3,896.9,9.9,13.6,12.5,5.1,7.5,7.4,13.0,18.1,17.6,99.0,96.0,96.6,70.0,66.4,65.9,0.0,0.0,0.0,999.9,999.9,999.9,0,8.2,8.5
16585596,0723,89.6,80.8,80.2,45.2,47.7,48.2,871.5,890.6,896.9,14.9,13.5,12.5,5.3,7.5,7.2,34.0,18.0,17.3,95.0,96.0,96.7,71.1,66.4,66.1,0.0,0.0,0.0,999.9,999.9,999.9,18,8.1,7.9
16585596,0723,78.4,80.9,80.4,49.2,47.7,48.2,870.4,890.6,892.6,10.0,13.6,12.3,5.1,7.5,7.2,11.1,18.2,18.1,93.0,96.0,96.8,62.1,66.4,66.1,0.0,0.0,0.0,999.9,999.9,999.9,0,8.1,7.9
16585596,0723,86.6,80.9,80.3,41.2,47.7,48.1,870.4,890.6,892.6,10.0,13.5,12.3,5.6,7.4,7.2,26.0,18.1,17.9,99.0,96.0,96.8,75.0,66.4,65.8,0.0,0.0,0.0,999.9,999.9,999.9,0,8.1,7.9
16585596,0723,81.8,80.9,80.6,57.5,47.7,48.0,870.0,890.6,892.5,9.7,13.5,12.3,10.6,7.4,7.2,18.1,18.2,18.1,99.0,96.0,96.7,64.9,66.4,66.2,0.0,0.0,0.0,999.9,999.9,999.9,48,8.0,7.9
16585596,0723,80.3,80.9,80.7,50.9,47.7,48.3,870.0,890.6,888.2,13.5,13.5,12.3,6.6,7.5,7.2,14.0,18.2,18.2,98.1,96.0,96.5,61.0,66.4,66.4,0.14,0.0,0.0,999.9,999.9,999.9,0,8.0,8.9
16585596,0723,81.1,80.9,80.5,44.1,47.7,48.3,872.4,890.6,883.8,10.0,13.5,12.4,7.8,7.5,7.2,15.9,18.2,18.3,100.0,96.0,96.8,59.0,66.4,66.0,0.0,0.0,0.0,999.9,999.9,999.9,0,7.9,8.9
16585596,0723,80.3,80.9,80.5,57.6,47.7,48.0,869.0,890.6,883.9,10.0,13.5,12.0,5.6,7.5,7.3,22.0,18.2,18.4,95.0,96.0,97.0,66.0,66.3,65.6,0.0,0.0,0.0,999.9,999.9,999.9,18,7.8,8.3
16585596,0723,74.2,80.9,80.4,45.2,47.7,48.0,872.4,890.6,883.8,10.0,13.5,12.0,6.3,7.4,7.3,10.1,18.2,18.7,95.0,96.0,97.2,72.0,66.3,66.0,0.0,0.0,0.0,999.9,999.9,999.9,18,7.9,8.3
16585596,0723,89.2,80.8,80.3,45.2,47.7,47.9,869.5,889.8,883.9,10.0,13.5,12.0,11.6,7.4,7.2,19.0,18.2,18.6,99.0,96.0,97.4,64.9,66.3,65.9,0.0,0.0,0.0,999.9,999.9,999.9,18,8.0,8.3
16585596,0723,86.6,80.8,80.5,39.9,47.7,47.8,872.4,889.8,879.6,10.0,13.5,12.0,9.9,7.5,7.4,15.9,18.2,18.2,102.9,96.0,97.2,71.1,66.3,66.0,0.11,0.0,0.0,999.9,999.9,999.9,0,8.0,8.9
16585596,0723,83.0,80.9,80.8,55.6,47.7,47.2,869.7,889.8,879.6,9.8,13.5,12.0,8.2,7.5,7.6,19.0,18.1,18.0,95.0,96.1,97.7,59.0,66.3,66.6,0.33,0.0,0.0,999.9,999.9,999.9,0,8.0,8.9
16585596,0723,85.2,80.9,80.9,50.9,47.7,47.7,869.6,889.8,879.5,9.7,13.5,12.0,6.2,7.5,7.7,15.9,18.1,18.2,102.0,96.1,97.4,64.9,66.2,66.5,0.0,0.0,0.0,999.9,999.9,999.9,18,7.9,8.3
16585596,0723,79.9,80.9,81.0,33.1,47.7,47.6,873.0,889.8,879.4,10.0,13.5,11.0,6.9,7.5,7.7,14.0,18.1,18.1,95.0,96.2,97.4,59.0,66.2,66.5,0.11,0.0,0.0,999.9,999.9,999.9,0,8.0,8.9
16585596,0723,88.8,81.0,80.7,39.9,47.7,46.9,873.5,889.8,879.4,10.0,13.5,11.0,11.6,7.5,7.7,14.0,18.0,18.1,104.0,96.1,97.6,73.0,66.1,66.0,0.0,0.0,0.0,999.9,999.9,999.9,18,7.9,8.9
16585596,0723,76.8,81.0,80.9,41.2,47.7,46.4,869.0,889.8,879.7,10.0,13.4,10.9,5.1,7.5,7.7,15.9,18.0,17.8,104.0,96.2,97.9,68.0,66.2,66.2,0.0,0.0,0.0,999.9,999.9,999.9,0,8.0,9.4
16585596,0723,85.4,81.0,81.4,54.5,47.7,46.2,869.5,889.8,879.5,13.5,13.4,10.9,6.2,7.5,7.6,24.1,18.0,17.8,98.1,96.3,98.1,71.1,66.1,66.0,0.17,0.0,0.0,999.9,999.9,999.9,0,7.9,8.8
16585596,0723,77.1,81.0,81.6,33.1,47.6,46.3,869.6,889.8,879.4,41.0,13.4,11.0,6.2,7.5,7.6,26.0,18.1,18.2,91.9,96.3,98.4,66.9,66.2,66.6,0.0,0.0,0.0,999.9,999.9,999.9,0,7.9,8.2
16585596,0723,74.2,81.0,81.4,54.6,47.6,46.1,999.9,889.8,879.3,10.0,13.5,12.1,10.4,7.5,7.6,24.3,18.2,18.0,100.0,96.3,98.0,68.0,66.2,66.4,0.02,0.0,0.0,999.9,999.9,999.9,18,7.8,8.2
16585596,0723,79.9,80.9,81.2,58.4,47.6,46.7,871.0,890.5,883.7,41.0,13.5,11.7,6.9,7.5,7.7,19.0,18.2,18.4,99.0,96.3,97.9,66.9,66.2,66.4,0.0,0.0,0.0,999.9,999.9,999.9,2,7.8,8.2
16585596,0723,79.9,81.0,81.1,54.5,47.7,47.1,872.4,890.5,883.7,10.0,13.7,12.7,5.3,7.5,7.6,19.0,18.2,18.6,90.0,96.3,97.9,75.0,66.2,66.4,0.0,0.0,0.0,999.9,999.9,999.9,48,7.8,8.3
16585596,0723,87.8,81.0,81.5,41.6,47.8,47.0,870.0,890.5,883.7,39.8,13.7,12.7,6.2,7.5,7.6,15.0,18.2,18.5,88.7,96.3,97.6,66.2,66.3,66.9,0.0,0.0,0.0,999.9,999.9,999.9,0,8.0,9.9
16585596,0723,82.8,81.0,81.8,45.0,47.8,46.9,999.9,890.5,883.7,10.0,13.9,13.5,11.6,7.5,7.5,13.0,18.2,18.3,79.0,96.3,97.4,70.0,66.3,67.1,0.0,0.0,0.0,999.9,999.9,999.9,2,7.9,9.9
16585596,0723,81.1,81.0,81.7,50.9,47.8,47.0,871.5,891.2,888.0,9.9,13.9,13.5,5.3,7.5,7.5,24.3,18.2,17.7,87.1,96.2,96.6,72.0,66.3,67.2,0.0,0.0,0.0,999.9,999.9,999.9,18,7.9,9.3
16585596,0723,88.8,81.0,81.8,37.5,47.9,46.8,999.9,891.2,888.0,39.8,13.9,13.5,8.1,7.5,7.5,13.0,18.1,18.2,102.0,96.1,96.3,75.0,66.3,67.2,0.02,0.0,0.0,999.9,999.9,999.9,0,8.0,9.3
16585596,0723,78.4,81.0,82.3,57.6,47.8,46.5,999.9,891.9,888.0,10.0,14.0,14.5,8.8,7.5,7.7,18.1,18.1,18.3,91.9,96.2,96.4,62.1,66.3,67.4,0.0,0.0,0.0,999.9,999.9,999.9,48,7.9,9.3
16585596,0723,82.3,81.0,82.3,57.5,47.8,46.9,872.7,892.6,892.2,10.0,14.0,14.5,5.1,7.5,7.6,10.1,18.1,18.3,95.0,96.2,96.4,61.0,66.3,67.1,0.0,0.0,0.0,999.9,999.9,999.9,0,8.0,10.9
16585596,0723,80.7,80.9,82.4,54.5,47.9,47.7,869.6,892.6,892.3,9.8,14.0,14.5,9.9,7.5,7.5,11.1,18.1,18.1,102.9,96.2,96.9,71.1,66.3,66.7,0.0,0.0,0.0,999.9,999.9,999.9,0,7.9,10.9
16585596,0723,77.5,81.0,82.3,50.2,47.9,47.9,873.0,891.9,887.9,9.9,14.0,14.5,5.3,7.5,7.6,31.1,18.1,17.9,100.0,96.2,97.0,66.0,66.3,67.0,0.02,0.0,0.0,999.9,999.9,999.9,18,7.8,10.3
16585596,0723,79.3,80.9,82.0,45.2,48.0,47.7,873.0,891.2,888.1,10.0,14.0,14.4,4.7,7.5,7.4,11.1,18.2,18.4,90.0,96.2,96.8,72.0,66.3,67.4,0.0,0.0,0.0,999.9,999.9,999.9,0,7.9,10.9
16585596,0723,77.5,80.9,81.9,50.2,48.0,47.8,869.6,891.2,888.2,14.9,14.0,14.4,8.7,7.5,7.3,15.0,18.1,17.9,102.9,96.2,96.4,75.0,66.4,67.5,0.0,0.0,0.0,999.9,999.9,999.9,0,7.9,10.3
16585596,0723,85.2,80.9,81.8,39.9,48.1,48.1,870.4,891.2,888.1,14.9,14.0,14.6,9.8,7.5,7.4,12.0,18.2,18.0,95.0,96.2,96.5,73.0,66.4,67.6,0.0,0.0,0.0,999.9,999.9,999.9,18,7.8,10.3
16585596,0723,82.7,80.9,81.7,50.9,48.0,47.9,868.1,891.2,888.1,10.0,14.1,14.6,6.2,7.5,7.5,24.3,18.2,17.2,90.0,96.2,96.5,62.1,66.5,67.7,0.0,0.0,0.0,999.9,999.9,999.9,0,7.8,10.3
16585596,0723,62.0,80.9,81.8,55.6,48.0,47.9,999.9,890.5,888.0,9.8,14.1,14.6,6.5,7.5,7.6,22.0,18.2,17.7,93.0,96.1,96.4,62.1,66.4,67.7,0.0,0.0,0.0,999.9,999.9,999.9,18,7.8,10.3
16585596,0723,74.2,80.7,81.0,50.2,48.1,48.4,872.7,891.2,892.3,10.0,14.1,14.6,10.4,7.5,7.6,26.0,18.2,17.5,102.9,96.1,96.2,54.0,66.4,67.3,0.11,0.0,0.0,999.9,999.9,999.9,0,7.9,10.9
16585596,0723,86.8,80.7,80.7,55.9,48.1,48.2,873.0,891.2,892.4,22.3,14.0,14.6,5.1,7.6,7.6,24.3,18.3,17.8,93.0,96.1,96.3,61.0,66.4,66.9,0.0,0.0,0.0,999.9,999.9,999.9,0,7.9,9.3
16585596,0723,82.3,80.7,81.0,50.2,48.1,48.4,999.9,891.2,892.5,30.7,14.1,14.9,4.7,7.5,7.5,12.0,18.4,18.2,87.1,96.1,96.1,66.9,66.3,66.9,0.0,0.0,0.0,999.9,999.9,999.9,0,7.8,9.3
16585596,0723,74.2,80.7,81.0,45.0,48.1,48.6,870.0,891.9,896.8,9.8,14.2,15.6,5.1,7.5,7.4,13.0,18.3,18.0,99.0,96.1,95.7,54.0,66.3,67.2,0.11,0.0,0.0,999.9,999.9,999.9,0,7.7,9.3
16585596,0723,86.8,80.6,80.8,47.1,48.0,48.1,870.0,891.9,896.8,10.0,14.2,15.6,9.9,7.5,7.4,31.1,18.3,17.7,88.7,96.1,95.8,75.9,66.2,66.8,0.02,0.0,0.0,999.9,999.9,999.9,0,7.7,8.7
16585596,0723,81.1,80.7,81.2,37.5,48.0,48.2,999.9,891.9,896.7,10.0,14.2,15.6,10.6,7.5,7.5,20.0,18.4,18.4,99.0,96.0,95.6,57.9,66.2,66.9,0.0,0.0,0.0,999.9,999.9,999.9,18,7.7,8.1
16585596,0723,78.4,80.6,80.9,41.2,47.9,47.9,872.9,892.7,901.1,20.3,14.2,15.6,6.2,7.5,7.5,14.0,18.4,18.5,91.9,96.0,95.6,61.0,66.2,66.7,0.0,0.0,0.0,999.9,999.9,999.9,48,7.8,8.1
16585596,0723,87.8,80.6,80.7,48.9,47.8,48.0,869.5,892.7,901.1,30.7,14.3,15.9,9.3,7.5,7.4,34.0,18.4,18.4,88.7,96.0,95.3,62.1,66.1,66.3,0.0,0.0,0.0,999.9,999.9,999.9,0,8.1,9.7
16585596,0723,76.4,80.6,80.8,44.6,47.8,47.8,873.6,892.7,901.1,39.8,14.4,16.6,7.8,7.5,7.4,10.1,18.5,18.9,90.0,96.0,95.1,72.0,66.1,66.4,0.0,0.0,0.0,999.9,999.9,999.9,18,8.0,9.7
16585596,0723,81.1,80.6,80.5,44.1,47.7,47.6,870.4,892.7,901.2,14.9,14.6,17.6,5.3,7.6,7.5,20.0,18.5,18.7,104.0,95.9,94.7,70.0,66.2,66.7,0.0,0.0,0.0,999.9,999.9,999.9,18,8.0,9.7
16585596,0723,86.8,80.6,80.6,48.9,47.6,47.9,866.4,892.7,901.1,10.0,14.6,17.8,9.8,7.5,7.4,15.0,18.5,18.9,90.0,95.9,95.0,66.0,66.2,67.0,0.03,0.0,0.0,999.9,999.9,999.9,0,8.1,10.3
16585596,0723,76.8,80.7,80.5,49.2,47.7,48.2,999.9,892.7,900.9,10.0,14.6,17.8,8.8,7.6,7.3,22.0,18.5,18.9,102.0,95.9,94.5,54.0,66.1,66.8,0.0,0.0,0.0,999.9,999.9,999.9,0,8.1,9.7
16585596,0723,81.8,80.7,80.5,54.6,47.7,48.5,873.0,893.4,905.3,10.0,14.6,17.8,7.8,7.6,7.5,19.0,18.5,19.1,99.0,96.0,94.4,75.9,66.0,66.3,0.03,0.0,0.0,999.9,999.9,999.9,0,8.0,9.7
16585596,0723,85.4,80.8,80.4,48.9,47.7,48.5,869.5,892.7,905.4,10.0,14.6,17.6,9.9,7.5,7.5,15.0,18.6,19.0,87.1,96.0,94.5,63.0,66.1,66.5,0.14,0.0,0.0,999.9,999.9,999.9,0,7.9,9.7
16585596,0723,89.2,80.8,80.7,54.6,47.7,49.0,871.4,892.7,905.4,41.0,14.6,16.6,10.2,7.6,7.7,20.0,18.5,18.6,102.9,95.9,94.3,62.1,66.0,66.4,0.02,0.0,0.0,999.9,999.9,999.9,0,7.9,9.7
16585596,0723,79.3,80.8,81.2,33.1,47.8,49.0,999.9,892.7,901.1,10.0,14.6,17.6,5.6,7.6,7.6,15.0,18.6,18.5,95.0,95.9,94.4,57.9,65.9,66.2,0.0,0.0,0.0,999.9,999.9,999.9,0,7.9,9.1
16585596,0723,77.1,80.8,81.1,44.6,47.7,48.2,999.9,893.4,905.4,9.9,14.5,16.6,9.6,7.6,7.6,15.9,18.5,18.3,93.9,95.9,94.3,66.9,65.9,65.9,0.0,0.0,0.0,999.9,999.9,999.9,18,7.9,9.1
16585596,0723,74.2,80.9,81.1,47.2,47.7,47.8,873.5,894.1,909.6,9.9,14.5,16.6,9.6,7.6,7.7,14.0,18.5,18.2,104.0,95.9,94.4,64.9,66.0,65.6,0.15,0.0,0.0,999.9,999.9,999.9,0,8.0,8.1
16585596,0723,82.3,80.8,80.6,45.0,47.7,48.0,999.9,894.1,909.8,9.7,14.5,15.6,6.2,7.6,7.9,10.1,18.5,18.2,99.0,96.0,94.9,61.0,66.0,65.6,0.01,0.0,0.0,999.9,999.9,999.9,2,8.0,8.1
16585596,0723,79.9,80.8,80.6,44.6,47.7,48.0,999.9,894.8,909.8,22.2,14.5,15.6,6.5,7.6,7.7,13.0,18.4,18.1,93.0,96.0,95.6,62.1,65.9,65.3,0.0,0.0,0.0,999.9,999.9,999.9,48,8.0,8.1
16585596,0723,89.6,80.8,80.5,57.2,47.7,47.8,873.5,895.6,914.0,9.8,14.5,16.0,6.4,7.5,7.7,19.0,18.3,17.7,99.0,96.0,95.8,62.1,65.9,64.9,0.02,0.0,0.0,999.9,999.9,999.9,0,8.3,9.1
16585596,0723,87.8,80.8,80.6,54.5,47.8,48.5,869.0,895.6,909.8,13.5,14.5,15.0,9.8,7.5,7.7,10.1,18.3,17.9,102.9,96.0,95.7,57.9,65.9,64.5,0.01,0.0,0.0,999.9,999.9,999.9,18,8.2,9.1
16585596,0723,81.1,80.9,80.9,50.2,47.9,48.4,869.5,895.6,905.5,9.8,14.6,15.1,6.9,7.6,7.7,31.1,18.3,17.6,93.9,96.0,96.0,70.0,65.8,64.4,0.0,0.0,0.0,999.9,999.9,999.9,0,8.3,8.1
16585596,0723,76.4,81.0,80.8,44.1,48.0,48.1,999.9,895.6,905.4,9.7,14.4,15.1,6.2,7.6,7.8,31.1,18.4,18.3,93.9,96.0,96.0,68.0,65.8,64.7,0.0,0.0,0.0,999.9,999.9,999.9,0,8.3,8.1
16585596,0723,81.1,80.9,80.7,57.6,48.0,47.8,870.0,896.3,909.7,10.0,14.4,15.1,9.5,7.6,7.6,11.1,18.5,19.0,99.0,95.9,95.7,57.0,65.8,64.6,0.15,0.0,0.0,999.9,999.9,999.9,0,8.2,8.1
16585596,0723,74.2,80.9,80.8,57.2,48.1,48.0,869.5,895.6,909.6,9.9,14.4,15.1,5.3,7.6,7.8,8.9,18.4,18.3,95.0,95.9,95.7,62.1,65.7,64.3,0.0,0.0,0.0,999.9,999.9,999.9,0,8.2,7.5
16585596,0723,82.7,80.8,80.6,52.0,48.2,48.4,871.4,895.5,909.5,10.0,14.4,15.1,9.5,7.6,7.8,8.9,18.4,18.3,102.0,95.9,95.8,73.9,65.7,63.9,0.0,0.0,0.0,999.9,999.9,999.9,0,8.1,7.5
16585596,0723,87.8,80.9,80.8,54.6,48.4,48.5,999.9,895.5,909.5,10.0,14.2,15.0,5.1,7.6,7.8,8.9,18.3,18.1,102.9,95.9,95.8,57.0,65.8,63.9,0.0,0.0,0.0,999.9,999.9,999.9,18,8.1,7.5
16585596,0723,81.1,80.9,80.9,54.5,48.4,49.0,871.0,896.2,913.9,10.0,14.2,14.8,11.6,7.6,7.7,13.0,18.3,18.0,99.0,96.0,96.1,59.0,65.7,63.4,0.0,0.0,0.0,999.9,999.9,999.9,0,8.1,7.5
16585596,0723,77.5,81.0,80.9,33.1,48.4,49.1,875.8,896.2,914.0,10.0,14.2,14.8,4.7,7.6,7.8,19.0,18.3,17.6,102.9,96.0,96.4,71.1,65.7,63.3,0.0,0.0,0.0,999.9,999.9,999.9,18,8.1,7.5
16585596,0723,81.8,80.9,81.4,57.2,48.3,48.3,999.9,896.3,909.8,9.9,14.2,14.8,3.7,7.6,7.8,11.1,18.3,17.5,95.0,96.0,96.7,72.0,65.8,63.6,0.01,0.0,0.0,999.9,999.9,999.9,0,8.1,7.5
16585596,0723,76.4,80.9,81.6,54.5,48.4,48.6,873.5,897.0,914.1,9.9,14.2,14.8,8.7,7.6,7.6,10.1,18.3,17.0,99.0,96.0,96.4,71.1,65.8,64.2,0.0,0.0,0.0,999.9,999.9,999.9,48,8.1,7.5
16585596,0723,62.0,80.9,81.3,49.3,48.4,48.5,868.1,897.0,914.1,10.0,14.2,14.4,9.9,7.6,7.7,19.0,18.2,16.5,100.0,96.1,96.6,54.0,65.8,64.5,0.0,0.0,0.0,999.9,999.9,999.9,18,8.3,9.1
16585596,0723,89.6,80.8,80.6,54.1,48.4,48.5,869.5,897.0,909.7,10.0,14.1,13.7,6.3,7.6,7.8,20.0,18.3,16.8,102.9,96.1,97.1,75.9,65.7,64.1,0.0,0.0,0.0,999.9,999.9,999.9,0,8.3,9.7
16585596,0723,87.8,80.9,81.1,54.5,48.5,48.8,999.9,896.2,909.7,10.0,13.9,13.7,3.7,7.6,7.9,15.0,18.3,17.0,91.9,96.1,97.2,62.2,65.9,64.8,0.0,0.0,0.0,999.9,999.9,999.9,18,8.3,9.7
16585596,0723,76.4,80.9,81.2,33.1,48.5,49.1,873.6,897.0,914.0,10.0,13.9,13.7,5.6,7.6,7.7,19.0,18.3,16.4,93.9,96.1,97.3,73.9,65.9,64.3,0.0,0.0,0.0,999.9,999.9,999.9,18,8.3,10.3
16585596,0723,80.7,80.9,81.0,50.2,48.4,48.9,870.0,897.0,909.8,10.0,13.9,13.7,9.5,7.6,7.5,15.9,18.3,16.4,98.1,96.1,97.1,62.1,66.0,64.9,0.01,0.0,0.0,999.9,999.9,999.9,0,8.4,10.3
16585596,0723,74.2,80.9,81.1,48.9,48.4,49.2,870.4,897.0,909.7,9.8,13.8,13.4,6.2,7.6,7.6,15.0,18.2,16.5,87.1,96.1,97.3,73.9,65.9,64.9,0.0,0.0,0.0,999.9,999.9,999.9,18,8.4,8.7
16585596,0723,86.6,80.8,80.6,50.9,48.4,49.2,872.9,896.9,909.7,22.3,13.7,12.7,10.2,7.6,7.5,10.1,18.3,15.8,93.0,96.0,97.3,70.0,66.0,65.3,0.0,0.0,0.0,999.9,999.9,999.9,0,8.5,9.3
16585596,0723,88.8,80.8,81.0,48.9,48.5,49.4,870.4,897.0,909.7,9.9,13.7,12.1,6.2,7.6,7.6,24.3,18.3,15.8,98.1,96.0,97.4,71.1,66.0,65.2,0.0,0.0,0.0,999.9,999.9,999.9,0,8.4,8.7
16585596,0723,88.1,80.8,81.2,41.4,48.5,49.6,868.1,896.9,909.7,13.5,13.7,11.9,9.6,7.6,7.6,12.0,18.3,16.0,102.0,96.0,97.2,66.9,66.0,65.3,0.0,0.0,0.0,999.9,999.9,999.9,18,8.4,8.1
16585596,0723,87.8,80.8,81.3,55.6,48.5,49.3,869.0,896.9,909.8,10.0,13.7,12.0,3.7,7.6,7.6,8.9,18.1,15.9,104.0,96.1,97.6,62.1,66.1,65.3,0.0,0.0,0.0,999.9,999.9,999.9,48,8.5,8.7
16585596,0723,69.7,80.8,81.6,44.6,48.5,49.5,873.0,896.9,905.4,9.8,13.7,12.0,6.2,7.6,7.5,31.1,18.1,15.5,99.0,96.2,97.6,68.0,66.1,65.6,0.14,0.0,0.0,999.9,999.9,999.9,0,8.8,10.3
16585596,0723,76.7,80.7,81.2,39.9,48.5,49.2,999.9,896.9,905.4,9.9,13.7,12.0,6.2,7.6,7.4,11.1,18.1,15.9,95.0,96.2,97.6,71.1,66.0,65.3,0.15,0.0,0.0,999.9,999.9,999.9,0,8.8,10.3
16585596,0723,88.8,80.7,80.9,54.1,48.4,48.9,872.4,897.6,909.7,9.7,13.7,12.0,8.2,7.6,7.3,10.1,18.1,15.7,93.0,96.2,97.9,62.1,66.0,65.6,0.0,0.0,0.0,999.9,999.9,999.9,0,8.7,10.3
16585596,0723,81.1,80.7,80.9,47.2,48.4,48.9,873.6,897.6,909.8,22.2,13.7,11.0,6.3,7.6,7.2,8.9,18.1,15.4,93.0,96.1,97.6,71.1,66.0,65.6,0.11,0.0,0.0,999.9,999.9,999.9,18,8.6,10.3
16585596,0723,87.8,80.7,81.0,47.2,48.4,49.4,872.4,897.7,905.6,10.0,13.8,11.4,10.2,7.6,7.2,18.1,18.0,15.2,90.0,96.1,97.5,73.9,66.0,66.0,0.0,0.0,0.0,999.9,999.9,999.9,2,8.7,10.9
16585596,0723,74.2,80.8,81.3,48.9,48.3,49.4,873.6,897.7,901.3,10.0,13.8,11.4,5.3,7.6,7.3,19.0,18.0,15.3,93.0,96.1,97.4,57.9,66.0,66.2,0.0,0.0,0.0,999.9,999.9,999.9,0,8.6,10.3
16585596,0723,85.4,80.7,81.3,37.5,48.4,49.5,869.5,897.0,901.3,9.9,13.8,11.4,7.8,7.5,7.1,22.0,17.9,15.4,102.0,96.1,97.0,73.9,65.9,66.0,0.0,0.0,0.0,999.9,999.9,999.9,0,8.6,10.3
16585596,0723,79.3,80.7,81.4,58.4,48.3,49.3,870.4,896.2,897.0,9.9,13.8,11.4,8.7,7.5,7.2,19.0,17.9,15.8,102.0,96.1,97.1,72.0,66.0,66.4,0.0,0.0,0.0,999.9,999.9,999.9,0,8.6,10.3
16585596,0723,82.3,80.8,81.4,50.9,48.3,49.7,872.4,896.2,892.7,10.0,13.8,11.0,6.6,7.5,7.2,22.0,17.9,16.0,102.0,96.1,97.4,71.1,66.0,66.8,0.02,0.0,0.0,999.9,999.9,999.9,0,8.6,8.7
16585596,0723,78.4,80.8,81.2,50.2,48.3,49.5,873.5,896.2,892.6,9.9,13.8,11.0,9.6,7.5,7.2,19.0,18.0,16.1,91.9,96.2,97.5,57.0,66.1,67.1,0.33,0.0,0.0,999.9,999.9,999.9,0,8.6,8.7
16585596,0723,79.9,80.8,80.9,36.2,48.3,49.4,872.9,896.3,892.8,10.0,13.8,10.9,5.6,7.5,7.2,15.0,18.0,16.4,102.9,96.1,97.2,57.0,66.0,67.0,0.14,0.0,0.0,999.9,999.9,999.9,0,8.6,8.1
16585596,0723,79.3,80.8,80.8,55.9,48.2,48.9,870.5,896.3,892.9,41.0,13.6,10.9,8.8,7.5,7.2,14.0,17.9,15.9,102.9,96.2,97.5,75.0,65.9,66.6,0.0,0.0,0.0,999.9,999.9,999.9,16,8.6,8.1
16585596,0723,80.7,80.7,80.9,50.2,48.3,49.3,870.5,896.2,888.6,9.9,13.8,11.9,8.1,7.5,7.3,18.1,17.9,15.3,95.0,96.2,97.8,75.9,65.9,66.8,0.0,0.0,0.0,999.9,999.9,999.9,0,8.6,8.6
16585596,0723,78.4,80.8,80.9,52.0,48.3,49.0,870.0,896.2,888.6,10.0,13.8,11.9,5.3,7.5,7.2,22.0,17.8,15.6,93.9,96.2,97.6,73.9,66.0,67.5,0.0,0.0,0.0,999.9,999.9,999.9,18,8.6,8.6
16585596,0723,89.6,80.8,81.0,41.2,48.4,48.9,999.9,896.2,888.6,9.9,13.8,11.9,8.7,7.5,7.2,8.9,17.8,16.0,79.0,96.2,97.6,66.0,66.0,67.9,0.33,0.0,0.0,999.9,999.9,999.9,0,8.7,9.2
16585596,0723,80.9,80.8,81.3,39.9,48.3,48.5,872.9,896.9,892.9,10.0,13.8,11.9,8.1,7.5,7.2,12.0,17.7,16.0,91.9,96.1,96.8,66.0,66.0,67.6,0.0,0.0,0.0,999.9,999.9,999.9,0,8.7,9.2
16585596,0723,79.9,80.8,81.0,48.9,48.3,48.0,873.0,896.9,888.7,9.9,13.8,11.9,8.8,7.5,7.3,19.0,17.6,16.1,91.9,96.0,96.4,54.0,66.0,67.9,0.0,0.0,0.0,999.9,999.9,999.9,0,8.7,8.6
16585596,0723,86.8,80.9,81.0,45.2,48.3,47.8,999.9,896.9,888.7,10.0,13.8,11.9,4.7,7.5,7.2,14.0,17.6,16.3,88.7,96.0,96.2,66.9,66.0,67.7,0.0,0.0,0.0,999.9,999.9,999.9,18,8.7,8.6
16585596,0723,88.1,80.9,81.3,49.2,48.2,48.2,999.9,897.6,892.9,10.0,13.8,11.9,10.2,7.5,7.2,19.0,17.6,16.1,100.0,96.0,95.7,66.2,66.1,67.6,0.0,0.0,0.0,999.9,999.9,999.9,0,8.8,8.6
16585596,0723,89.6,80.9,81.5,55.9,48.2,48.0,870.0,897.6,892.9,20.3,13.7,11.9,5.6,7.5,7.4,26.0,17.6,16.4,95.0,96.0,95.9,57.0,66.1,67.4,0.0,0.0,0.0,999.9,999.9,999.9,0,8.8,8.6
16585596,0723,88.8,81.0,82.0,54.6,48.3,48.0,999.9,897.6,892.7,14.9,13.6,12.3,9.6,7.5,7.3,10.1,17.6,16.9,90.0,96.0,95.8,72.0,66.0,66.9,0.15,0.0,0.0,999.9,999.9,999.9,0,8.8,7.0
16585596,0723,77.5,81.0,82.9,37.5,48.3,48.2,873.1,898.4,897.1,10.0,13.4,12.4,5.6,7.5,7.3,24.1,17.6,16.6,102.0,95.9,95.4,59.0,66.1,67.5,0.0,0.0,0.0,999.9,999.9,999.9,18,8.8,6.4
16585596,0723,81.1,80.9,82.5,57.6,48.2,47.6,870.4,898.4,897.3,10.0,13.4,12.4,8.1,7.5,7.3,24.1,17.7,16.8,104.0,95.9,95.4,66.0,66.0,67.0,0.0,0.0,0.0,999.9,999.9,999.9,18,8.9,7.0
16585596,0723,85.4,80.9,82.2,41.4,48.2,47.7,872.7,897.6,892.9,9.7,13.4,12.4,8.8,7.5,7.4,11.1,17.7,17.1,104.0,96.0,95.8,72.0,66.0,67.1,0.0,0.0,0.0,999.9,999.9,999.9,0,9.0,7.0
16585596,0723,80.9,81.0,82.5,45.2,48.2,48.0,999.9,897.7,892.9,9.8,13.4,12.4,6.2,7.5,7.5,20.0,17.7,16.8,104.0,96.0,96.1,59.0,66.0,67.0,0.14,0.0,0.0,999.9,999.9,999.9,18,9.0,6.4
16585596,0723,81.1,81.0,82.5,47.2,48.2,47.9,873.0,898.4,897.2,10.0,13.4,12.4,9.9,7.5,7.4,10.1,17.6,16.9,99.0,96.1,96.3,71.1,66.0,66.9,0.0,0.0,0.1,999.9,999.9,999.9,0,9.1,7.0
16585596,0723,81.1,81.0,82.8,39.9,48.2,47.8,870.0,898.4,897.3,10.0,13.4,12.4,6.2,7.5,7.6,11.1,17.6,16.8,93.0,96.1,96.7,61.0,66.0,66.8,0.0,0.0,0.1,999.9,999.9,999.9,18,9.1,6.4
16585596,0723,88.1,81.0,82.6,49.2,48.1,47.4,871.5,897.7,897.2,10.0,13.4,12.0,6.9,7.5,7.4,15.0,17.5,16.8,95.0,96.1,96.7,71.1,65.9,66.5,0.0,0.0,0.1,999.9,999.9,999.9,18,9.1,7.0
16585596,0723,76.7,81.0,82.6,47.2,48.1,47.4,871.4,897.7,897.3,10.0,13.4,12.0,6.9,7.5,7.5,24.1,17.5,16.5,99.0,96.1,96.6,62.1,65.9,66.5,0.0,0.0,0.1,999.9,999.9,999.9,18,9.1,7.6
16585596,0723,79.9,81.0,82.2,46.5,48.1,47.6,871.5,897.0,897.4,39.8,13.3,11.9,7.8,7.5,7.4,11.1,17.6,16.9,95.0,96.1,96.5,66.9,65.9,66.4,0.0,0.0,0.1,999.9,999.9,999.9,0,9.2,7.6
16585596,0723,87.8,81.0,81.9,50.2,48.1,47.3,999.9,896.3,897.5,10.0,13.5,12.9,8.1,7.5,7.5,12.0,17.6,17.0,91.9,96.1,96.2,66.2,65.9,66.5,0.01,0.0,0.1,999.9,999.9,999.9,0,9.1,6.0
16585596,0723,76.7,81.0,82.5,47.1,48.0,47.5,871.0,897.0,901.7,9.9,13.5,12.9,6.2,7.5,7.6,11.1,17.5,16.3,79.0,96.1,96.0,73.9,65.9,66.5,0.0,0.0,0.0,999.9,999.9,999.9,0,9.1,6.0
16585596,0723,81.8,81.0,82.5,45.2,48.0,47.8,869.0,897.0,897.4,10.0,13.3,12.9,5.3,7.5,7.6,19.0,17.5,16.3,93.0,96.0,95.5,66.9,66.0,66.6,0.0,0.0,0.0,999.9,999.9,999.9,18,9.1,6.0
16585596,0723,89.2,81.0,82.3,52.0,48.0,47.5,872.4,897.0,897.3,10.0,13.3,12.9,9.6,7.5,7.5,11.1,17.5,16.6,102.0,96.0,95.5,61.0,66.0,66.7,0.0,0.0,0.0,999.9,999.9,999.9,0,9.2,6.6
16585596,0723,83.0,81.1,82.6,57.2,48.1,47.6,869.6,896.2,897.2,10.0,13.3,12.5,6.5,7.5,7.6,10.1,17.5,16.7,93.9,96.1,95.8,62.1,65.9,66.4,0.11,0.0,0.0,999.9,999.9,999.9,0,9.1,6.0
16585596,0723,82.3,81.1,82.4,34.9,48.1,48.0,870.4,896.2,897.1,10.0,13.3,12.5,3.7,7.5,7.5,17.1,17.4,16.4,100.0,96.1,95.9,71.1,65.9,66.0,0.03,0.0,0.0,999.9,999.9,999.9,18,9.1,5.9
16585596,0723,79.3,81.1,82.7,40.5,48.0,47.5,869.5,896.2,897.0,9.9,13.3,12.5,6.5,7.5,7.4,19.0,17.4,16.4,100.0,96.2,96.1,61.0,65.9,66.4,0.0,0.0,0.0,999.9,999.9,999.9,0,9.2,6.5
16585596,0723,87.8,81.1,82.5,48.9,47.9,47.6,872.9,896.2,897.0,10.0,13.3,12.5,10.4,7.5,7.4,19.0,17.3,16.3,99.0,96.2,96.1,68.0,65.8,66.0,0.0,0.0,0.0,999.9,999.9,999.9,0,9.1,6.5
16585596,0723,80.9,81.1,82.7,49.3,47.9,47.3,870.4,895.5,897.1,22.3,13.2,12.5,10.1,7.5,7.4,18.1,17.4,16.3,102.9,96.2,96.0,70.0,65.8,65.9,0.02,0.0,0.0,999.9,999.9,999.9,2,9.0,6.5
16585596,0723,81.1,81.0,82.7,55.9,47.9,47.2,875.8,895.5,897.1,13.5,13.3,12.9,4.7,7.5,7.5,13.0,17.4,16.1,102.0,96.3,96.0,71.1,65.9,65.8,0.0,0.0,0.0,999.9,999.9,999.9,0,9.0,6.6
16585596,0723,85.4,81.0,82.8,54.5,47.9,47.4,869.5,895.6,897.1,9.9,13.3,13.0,9.5,7.4,7.4,10.1,17.4,15.9,95.0,96.3,96.3,71.1,65.9,66.3,0.0,0.0,0.0,999.9,999.9,999.9,0,9.0,6.6
16585596,0723,76.8,81.1,83.0,39.9,48.0,48.0,869.5,895.5,897.0,10.0,13.1,13.0,6.5,7.4,7.5,18.1,17.4,15.8,95.0,96.2,96.1,72.0,66.0,66.8,0.0,0.0,0.0,999.9,999.9,999.9,18,9.0,6.6
16585596,0723,80.9,81.1,82.9,47.2,48.0,47.5,872.9,895.5,897.0,39.8,13.1,12.0,6.9,7.5,7.4,10.1,17.4,15.9,99.0,96.2,95.8,73.0,66.1,66.7,0.0,0.0,0.0,999.9,999.9,999.9,0,9.0,6.7
16585596,0723,79.3,81.1,82.9,44.6,48.0,47.4,873.6,894.8,897.1,10.0,13.2,13.0,9.9,7.4,7.4,11.1,17.4,15.7,99.0,96.2,95.9,66.0,66.1,66.6,0.0,0.0,0.0,999.9,999.9,999.9,0,8.9,6.7
16585596,0723,86.6,81.0,82.9,47.2,48.1,47.1,999.9,894.9,897.2,10.0,13.2,13.0,5.3,7.5,7.5,11.1,17.3,15.3,93.0,96.2,96.1,66.0,66.1,66.3,0.0,0.0,0.0,999.9,999.9,999.9,18,8.6,6.1
16585596,0723,82.3,81.1,82.8,45.2,48.1,47.3,866.4,895.6,897.2,10.0,13.2,13.0,10.2,7.5,7.4,13.0,17.3,15.4,102.0,96.2,96.6,71.1,66.1,66.3,0.0,0.0,0.0,999.9,999.9,999.9,0,8.7,6.7
16585596,0723,82.7,81.1,82.9,55.9,48.1,47.5,872.4,895.5,897.0,13.5,13.2,13.0,5.6,7.5,7.5,8.9,17.4,15.4,91.9,96.3,96.9,64.9,66.2,66.5,0.0,0.0,0.0,999.9,999.9,999.9,0,8.7,6.7
16585596,0723,88.8,81.1,83.0,33.1,48.1,47.7,869.5,895.5,896.9,20.3,13.1,13.1,5.6,7.5,7.4,11.1,17.3,15.1,91.9,96.3,96.9,62.1,66.1,66.9,0.0,0.0,0.0,999.9,999.9,999.9,0,8.7,6.7
16585596,0723,78.4,81.1,83.0,54.5,48.1,47.3,875.8,895.5,892.6,9.8,13.1,13.5,6.3,7.5,7.4,12.0,17.2,15.0,79.0,96.3,97.0,63.0,66.1,66.7,0.0,0.0,0.0,999.9,999.9,999.9,0,8.7,6.1
16585596,0723,86.8,81.1,82.7,39.9,48.1,47.5,873.6,895.6,888.5,9.9,13.1,13.4,6.2,7.4,7.3,11.1,17.2,14.7,88.7,96.2,96.3,71.1,66.1,66.6,0.17,0.0,0.0,999.9,999.9,999.9,0,8.5,6.1
16585596,0723,80.9,81.2,82.6,52.0,48.1,47.0,873.6,895.6,888.6,10.0,13.1,13.1,5.3,7.4,7.3,18.1,17.1,14.2,87.1,96.1,96.1,73.0,66.1,67.1,0.11,0.0,0.0,999.9,999.9,999.9,0,8.4,6.1
16585596,0723,78.3,81.2,82.4,47.2,48.2,46.9,873.0,895.6,884.4,10.0,13.1,12.9,6.3,7.5,7.2,19.0,17.1,14.5,98.1,96.0,96.0,66.9,66.2,67.1,0.0,0.0,0.0,999.9,999.9,999.9,0,8.3,6.1
16585596,0723,83.0,81.2,82.4,54.6,48.2,47.2,866.4,895.6,884.4,41.0,13.1,12.9,6.9,7.5,7.2,18.1,17.1,14.3,90.0,96.1,95.9,71.1,66.2,67.4,0.0,0.0,0.0,999.9,999.9,999.9,0,8.3,5.5
16585596,0723,76.4,81.2,82.4,57.2,48.3,47.1,869.7,895.5,884.2,30.7,13.2,14.0,6.3,7.5,7.1,10.1,17.1,14.1,87.1,96.0,95.4,70.0,66.2,67.5,0.0,0.0,0.0,999.9,999.9,999.9,0,8.3,4.9
16585596,0723,81.1,81.2,82.1,41.2,48.3,47.6,873.1,895.5,884.1,10.0,13.3,14.7,10.4,7.5,7.1,31.1,16.9,14.1,88.7,96.0,94.8,62.1,66.3,67.5,0.02,0.0,0.0,999.9,999.9,999.9,0,8.2,4.9
16585596,0723,79.9,81.2,82.2,36.2,48.2,47.5,999.9,895.5,879.9,9.8,13.3,14.7,6.2,7.5,7.2,26.0,17.1,14.5,93.0,96.0,94.3,61.0,66.2,67.6,0.0,0.0,0.0,999.9,999.9,999.9,0,8.2,4.3
16585596,0723,76.7,81.2,82.1,41.4,48.1,47.1,999.9,896.2,884.1,9.9,13.2,14.7,8.2,7.5,7.1,13.0,17.1,15.0,102.9,96.0,94.1,59.0,66.2,67.2,0.0,0.0,0.0,999.9,999.9,999.9,0,8.1,4.3
16585596,0723,83.0,81.2,82.0,47.1,48.0,47.2,870.5,896.9,888.5,9.9,13.2,14.7,5.6,7.5,7.1,14.0,17.1,15.1,100.0,96.0,94.5,59.0,66.2,67.2,0.0,0.0,0.0,999.9,999.9,999.9,0,8.0,3.7
16585596,0723,79.9,81.2,81.8,36.2,48.1,47.1,872.7,897.0,888.4,22.3,13.2,14.7,6.5,7.4,7.1,24.3,17.1,15.0,90.0,96.1,94.6,64.9,66.2,66.8,0.0,0.0,0.0,999.9,999.9,999.9,18,7.9,3.1
16585596,0723,89.2,81.1,81.9,57.5,48.1,46.8,869.6,896.2,888.5,10.0,13.2,15.1,10.6,7.4,7.1,19.0,17.1,15.0,102.9,96.1,94.3,68.0,66.2,66.8,0.0,0.0,0.0,999.9,999.9,999.9,0,8.0,3.1
16585596,0723,74.2,81.2,82.2,44.1,48.2,47.1,999.9,895.5,888.4,22.3,13.2,14.1,7.8,7.5,7.2,17.1,17.2,15.3,95.0,96.1,94.6,66.0,66.2,66.9,0.33,0.0,0.0,999.9,999.9,999.9,0,7.9,3.1
16585596,0723,78.3,81.2,81.8,45.2,48.1,46.9,999.9,896.2,888.4,10.0,13.3,14.5,6.9,7.4,7.2,26.0,17.2,15.5,102.9,96.1,94.7,66.0,66.2,66.9,0.0,0.0,0.0,999.9,999.9,999.9,16,7.9,3.1
16585596,0723,82.8,81.2,81.8,34.9,48.1,46.9,866.4,896.9,892.7,9.8,13.3,14.5,9.5,7.4,7.2,15.0,17.2,16.0,99.0,96.1,95.5,61.0,66.2,66.6,0.02,0.0,0.0,999.9,999.9,999.9,18,8.0,3.6
16585596,0723,80.9,81.2,81.8,52.0,47.9,46.5,999.9,896.9,892.6,30.7,13.3,14.5,5.6,7.4,7.3,19.0,17.2,15.8,99.0,96.1,95.7,66.0,66.2,66.4,0.0,0.0,0.0,999.9,999.9,999.9,18,7.8,3.6
16585596,0723,74.2,81.2,81.6,45.2,47.9,46.5,869.5,896.9,896.9,20.3,13.4,15.2,6.2,7.4,7.2,10.1,17.2,16.1,79.0,96.1,95.6,75.0,66.3,66.6,0.0,0.0,0.0,999.9,999.9,999.9,0,7.8,4.2
16585596,0723,74.2,81.2,81.3,47.1,47.9,46.1,873.0,896.9,896.9,10.0,13.5,15.5,11.6,7.4,7.2,15.9,17.2,16.1,90.0,96.1,95.1,71.1,66.3,67.0,0.02,0.0,0.0,999.9,999.9,999.9,18,7.8,4.2
16585596,0723,81.1,81.2,81.0,54.6,47.9,46.5,870.4,896.9,897.0,10.0,13.5,15.5,6.2,7.4,7.5,22.0,17.2,16.1,95.0,96.1,94.8,70.0,66.3,67.0,0.0,0.0,0.0,999.9,999.9,999.9,0,7.8,4.2
16585596,0723,77.5,81.3,81.1,41.4,47.9,47.0,866.4,896.2,897.0,10.0,13.5,15.5,9.9,7.4,7.4,11.1,17.2,16.1,98.1,96.1,94.6,68.0,66.4,67.3,0.0,0.0,0.0,999.9,999.9,999.9,18,7.7,4.2
16585596,0723,76.4,81.4,80.7,52.0,48.0,46.7,869.5,896.2,896.8,10.0,13.5,15.5,6.3,7.4,7.4,19.0,17.2,15.9,91.9,96.1,94.6,64.9,66.3,67.3,0.0,0.0,0.0,999.9,999.9,999.9,18,7.7,4.8
16585596,0723,85.2,81.3,80.6,34.9,48.0,46.8,873.6,896.2,896.7,9.8,13.5,15.1,6.9,7.4,7.3,8.9,17.1,15.9,104.0,96.1,94.2,57.9,66.3,67.1,0.11,0.0,0.0,999.9,999.9,999.9,0,7.8,5.3
16585596,0723,76.8,81.3,80.7,57.5,47.8,46.1,999.9,896.2,896.7,41.0,13.5,15.0,8.8,7.4,7.4,11.1,17.1,15.8,102.9,96.2,94.3,71.1,66.3,66.7,0.0,0.0,0.0,999.9,999.9,999.9,0,7.8,5.3
16585596,0723,85.4,81.3,80.4,41.2,47.8,46.2,873.5,896.9,901.0,9.9,13.7,16.0,8.7,7.4,7.4,14.0,17.0,15.8,100.0,96.2,94.5,66.0,66.3,66.7,0.0,0.0,0.0,999.9,999.9,999.9,48,7.8,5.3
16585596,0723,86.8,81.2,80.7,41.2,47.8,46.3,869.7,896.9,901.1,10.0,13.7,16.0,5.6,7.4,7.4,10.1,16.9,15.7,95.0,96.2,94.7,70.0,66.3,66.5,0.0,0.0,0.0,999.9,999.9,999.9,18,8.1,6.3
16585596,0723,74.2,81.2,80.9,49.3,47.8,46.1,870.4,896.9,901.0,9.7,13.7,15.0,8.1,7.4,7.4,19.0,16.9,15.7,95.0,96.1,94.6,57.0,66.3,66.4,0.0,0.0,0.0,999.9,999.9,999.9,0,8.1,6.9
16585596,0723,88.1,81.2,80.7,55.9,47.8,46.2,869.7,896.9,900.9,22.3,13.7,15.0,5.3,7.4,7.3,13.0,16.8,15.9,89.1,96.1,94.4,68.0,66.3,66.1,0.33,0.0,0.0,999.9,999.9,999.9,0,8.1,6.9
16585596,0723,85.4,81.3,80.8,50.2,47.9,46.5,873.0,896.9,896.6,20.3,13.7,15.4,9.3,7.4,7.3,13.0,16.8,16.0,98.1,96.1,94.3,62.2,66.3,66.2,0.0,0.0,0.0,999.9,999.9,999.9,18,8.0,6.3
16585596,0723,80.7,81.3,80.9,47.2,47.9,46.7,873.6,896.2,896.8,39.8,13.7,15.8,9.9,7.4,7.3,12.0,16.8,16.0,102.9,96.1,94.2,66.9,66.2,65.9,0.0,0.0,0.0,999.9,999.9,999.9,0,8.0,6.9
16585596,0723,88.1,81.3,80.8,57.2,47.9,46.4,873.0,896.2,896.9,10.0,13.9,16.7,10.2,7.4,7.4,26.0,16.8,16.1,99.0,96.2,94.5,66.0,66.2,65.9,0.17,0.0,0.0,999.9,999.9,999.9,0,8.0,6.9
16585596,0723,77.5,81.4,80.8,57.2,47.9,47.2,869.5,896.2,897.0,9.9,13.9,16.3,6.2,7.5,7.6,18.1,16.8,16.6,99.0,96.2,94.8,66.9,66.2,66.1,0.0,0.0,0.0,999.9,999.9,999.9,0,8.0,6.9
16585596,0723,86.6,81.3,80.8,54.5,48.0,47.3,872.4,895.5,896.8,10.0,13.9,16.3,10.6,7.4,7.6,15.9,16.8,16.8,102.0,96.2,95.4,72.0,66.3,66.2,0.0,0.0,0.0,999.9,999.9,999.9,0,7.9,6.9
16585596,0723,76.7,81.4,80.8,41.6,48.0,47.8,869.5,894.7,896.7,14.9,13.9,16.3,6.5,7.5,7.7,12.0,16.8,17.0,104.0,96.2,95.9,57.9,66.3,66.2,0.0,0.0,0.0,999.9,999.9,999.9,18,7.9,6.9
16585596,0723,88.1,81.3,80.6,46.5,47.9,47.4,999.9,894.7,896.6,13.5,13.9,16.5,5.6,7.5,7.8,8.9,16.8,16.8,90.0,96.3,96.5,66.9,66.2,65.7,0.0,0.0,0.0,999.9,999.9,999.9,18,7.9,7.5
16585596,0723,81.1,81.4,80.9,41.4,47.9,47.4,873.0,895.5,900.8,9.9,13.9,16.6,8.2,7.5,7.7,10.1,16.8,16.4,104.0,96.3,96.2,66.2,66.3,65.7,0.11,0.0,0.0,999.9,999.9,999.9,18,7.9,8.1
16585596,0723,80.3,81.4,80.9,36.2,47.8,47.0,999.9,895.5,901.0,41.0,13.9,15.6,6.9,7.5,7.8,31.1,16.8,16.2,93.0,96.4,96.7,66.0,66.2,65.6,0.0,0.0,0.0,999.9,999.9,999.9,0,7.9,8.7
16585596,0723,81.1,81.4,81.0,41.4,47.8,46.3,871.4,895.5,905.4,10.0,14.0,15.9,6.3,7.5,7.8,14.0,16.8,16.9,87.1,96.3,96.8,62.1,66.2,65.4,0.02,0.0,0.0,999.9,999.9,999.9,0,7.9,8.7
16585596,0723,81.1,81.4,81.0,55.6,47.7,46.3,999.9,895.5,905.3,22.3,14.0,15.9,5.6,7.5,7.7,14.0,16.8,16.3,102.9,96.3,96.8,66.0,66.3,65.4,0.01,0.0,0.0,999.9,999.9,999.9,0,7.9,8.7
16585596,0723,78.3,81.4,81.1,57.6,47.8,46.9,869.5,896.2,905.3,10.0,14.1,16.3,5.1,7.5,7.7,24.3,16.8,15.9,100.0,96.3,97.1,62.1,66.3,65.6,0.0,0.0,0.0,999.9,999.9,999.9,0,7.8,8.7
16585596,0723,77.5,81.4,81.1,44.1,47.8,47.5,872.7,896.2,901.0,20.3,13.9,16.3,10.6,7.5,7.5,26.0,16.8,16.3,89.1,96.3,97.0,70.0,66.3,65.7,0.0,0.0,0.0,999.9,999.9,999.9,0,7.8,8.7
16585596,0723,78.4,81.3,80.9,44.1,47.7,47.4,869.5,896.2,901.0,9.8,14.0,16.7,10.2,7.5,7.7,11.1,16.9,16.7,93.9,96.3,96.7,61.0,66.3,66.1,0.15,0.0,0.0,999.9,999.9,999.9,0,7.8,8.7
16585596,0723,80.7,81.3,80.9,47.2,47.7,47.6,869.6,896.2,900.9,10.0,14.0,16.2,10.4,7.5,7.8,14.0,16.8,16.2,95.0,96.3,96.8,62.1,66.3,65.9,0.01,0.0,0.0,999.9,999.9,999.9,0,7.8,8.1
16585596,0723,81.1,81.4,80.6,54.1,47.7,47.3,872.7,896.2,900.9,9.8,14.0,16.2,8.2,7.5,7.8,8.9,16.8,16.1,91.9,96.2,96.5,70.0,66.2,65.7,0.11,0.0,0.0,999.9,999.9,999.9,0,7.7,8.1
16585596,0723,80.7,81.4,80.8,37.5,47.7,47.6,868.1,896.2,896.7,9.9,14.0,15.8,4.7,7.5,7.8,14.0,16.8,15.8,95.0,96.3,96.4,70.0,66.3,65.9,0.0,0.0,0.0,999.9,999.9,999.9,0,7.6,8.1
16585596,0723,62.0,81.4,80.9,48.9,47.7,47.4,870.0,896.1,892.3,9.7,14.0,15.8,9.3,7.5,7.8,22.0,16.7,15.4,104.0,96.2,96.2,66.9,66.3,66.0,0.01,0.0,0.0,999.9,999.9,999.9,18,7.6,7.6
16585596,0723,80.9,81.3,80.2,33.1,47.7,47.8,866.4,896.1,892.4,9.9,13.9,15.8,4.7,7.5,7.8,10.1,16.7,15.6,87.1,96.2,96.3,75.9,66.3,66.2,0.0,0.0,0.0,999.9,999.9,999.9,18,7.6,7.6
16585596,0723,85.2,81.3,80.2,47.1,47.7,47.2,869.7,896.1,888.0,10.0,13.9,15.1,8.1,7.5,7.7,17.1,16.7,15.3,87.1,96.2,95.9,66.9,66.3,66.5,0.0,0.0,0.0,999.9,999.9,999.9,0,7.7,7.6
16585596,0723,86.6,81.3,80.6,58.4,47.6,47.3,872.7,896.1,888.0,14.9,13.9,14.8,10.4,7.5,7.8,11.1,16.7,15.6,88.7,96.1,96.2,64.9,66.3,66.3,0.0,0.0,0.0,999.9,999.9,999.9,18,7.7,7.6
16585596,0723,77.1,81.4,81.0,50.9,47.7,47.6,872.4,896.1,888.0,9.9,13.9,15.0,5.6,7.5,7.8,24.3,16.6,15.4,93.9,96.1,96.2,62.1,66.4,66.1,0.0,0.0,0.0,999.9,999.9,999.9,0,7.8,7.6
16585596,0723,81.1,81.4,80.9,45.2,47.7,47.5,870.4,896.1,888.0,9.8,13.9,14.9,10.4,7.5,7.7,15.9,16.6,15.5,98.1,96.0,96.1,62.1,66.3,65.8,0.02,0.0,0.0,999.9,999.9,999.9,16,7.7,7.6
16585596,0723,79.9,81.4,81.0,49.3,47.7,47.6,871.4,896.1,888.2,9.9,13.9,14.9,4.9,7.5,7.8,11.1,16.6,15.6,93.9,96.0,96.1,71.1,66.3,65.6,0.0,0.0,0.0,999.9,999.9,999.9,0,7.7,7.5
16585596,0723,85.4,81.4,81.1,45.2,47.7,47.6,870.5,895.4,888.2,9.9,13.9,14.9,9.5,7.5,7.7,13.0,16.6,15.4,93.0,96.0,96.2,61.0,66.3,65.8,0.11,0.0,0.0,999.9,999.9,999.9,0,7.7,6.9
16585596,0723,62.0,81.4,81.1,57.5,47.7,47.9,872.4,895.4,888.1,14.9,13.9,14.9,5.1,7.5,7.8,8.9,16.6,15.5,102.0,96.0,95.8,73.9,66.2,65.9,0.0,0.0,0.0,999.9,999.9,999.9,0,7.7,6.9
16585596,0723,69.7,81.3,80.6,49.3,47.8,47.9,869.7,895.4,883.9,10.0,13.9,14.1,11.6,7.5,7.7,15.9,16.6,15.4,91.9,96.1,95.8,75.9,66.3,66.0,0.0,0.0,0.0,999.9,999.9,999.9,0,7.7,6.9
16585596,0723,77.1,81.3,80.1,54.1,47.8,48.2,871.4,894.7,883.8,9.7,13.9,14.1,6.4,7.5,7.8,34.0,16.5,15.5,93.9,96.1,95.5,62.1,66.3,66.3,0.11,0.0,0.0,999.9,999.9,999.9,18,7.6,5.3
16585596,0723,78.4,81.2,79.8,40.5,47.8,48.6,999.9,894.7,883.8,39.8,13.9,14.1,6.5,7.5,7.8,15.0,16.7,16.3,104.0,96.0,95.5,72.0,66.4,66.1,0.0,0.0,0.0,999.9,999.9,999.9,0,7.7,5.3
16585596,0723,76.4,81.2,79.9,36.2,47.8,48.3,870.5,895.4,888.1,10.0,14.1,15.1,10.6,7.5,7.7,10.1,16.6,16.2,95.0,96.0,95.8,62.1,66.4,66.6,0.33,0.0,0.0,999.9,999.9,999.9,0,7.6,5.3
16585596,0723,82.8,81.2,79.5,49.2,47.8,47.6,866.4,895.4,888.2,9.8,14.1,14.7,5.3,7.5,7.9,18.1,16.6,16.1,99.0,96.0,96.0,62.1,66.3,66.4,0.0,0.0,0.0,999.9,999.9,999.9,0,7.6,5.3
16585596,0723,87.8,81.1,79.4,47.1,47.8,47.6,999.9,895.4,887.9,10.0,14.1,14.3,10.6,7.5,7.8,26.0,16.5,16.2,104.0,96.0,96.0,71.1,66.3,66.4,0.0,0.0,0.0,999.9,999.9,999.9,0,7.5,4.7
16585596,0723,82.8,81.2,79.7,47.1,47.8,47.6,870.0,896.1,892.1,39.8,14.1,13.3,8.1,7.5,7.8,34.0,16.6,16.7,102.0,96.1,96.0,75.0,66.3,66.5,0.0,0.0,0.0,999.9,999.9,999.9,0,7.5,4.7
16585596,0723,85.4,81.2,79.5,46.5,47.8,47.3,873.0,896.1,892.0,22.3,14.2,14.3,8.2,7.6,7.7,13.0,16.6,17.0,98.1,96.1,96.2,61.0,66.3,66.8,0.0,0.0,0.0,999.9,999.9,999.9,18,7.5,4.7
16585596,0723,79.9,81.2,79.7,50.2,47.7,46.9,872.9,896.1,892.2,10.0,14.3,14.7,6.6,7.5,7.8,15.9,16.6,16.8,90.0,96.1,96.1,66.2,66.3,66.6,0.0,0.0,0.0,999.9,999.9,999.9,16,7.3,5.3
16585596,0723,80.9,81.2,79.5,54.6,47.7,46.8,869.5,896.1,892.2,10.0,14.3,14.7,9.8,7.5,7.7,8.9,16.6,16.8,90.0,96.0,95.7,66.0,66.3,66.4,0.0,0.0,0.0,999.9,999.9,999.9,0,7.4,5.9
16585596,0723,81.1,81.2,79.7,45.2,47.8,47.2,999.9,896.1,892.2,10.0,14.3,14.6,6.9,7.6,7.8,8.9,16.6,16.7,95.0,96.0,95.3,66.2,66.4,66.7,0.11,0.0,0.0,999.9,999.9,999.9,0,7.4,5.3
16585596,0723,78.3,81.2,79.4,41.2,47.7,47.2,873.1,896.8,892.2,41.0,14.3,14.4,6.2,7.6,7.8,19.0,16.5,16.7,102.9,96.0,95.4,62.1,66.4,66.7,0.0,0.0,0.0,999.9,999.9,999.9,0,7.3,4.7
16585596,0723,74.2,81.2,79.3,44.1,47.7,47.2,869.6,896.9,892.2,10.0,14.4,15.5,9.6,7.6,7.8,18.1,16.5,17.0,102.0,96.0,95.4,61.0,66.3,66.5,0.0,0.0,0.0,999.9,999.9,999.9,18,7.2,4.1
16585596,0723,79.9,81.1,79.1,57.2,47.7,47.4,999.9,896.9,887.8,10.0,14.4,14.4,6.4,7.5,7.8,12.0,16.5,16.6,93.9,96.0,95.7,62.1,66.3,66.4,0.0,0.0,0.0,999.9,999.9,999.9,0,7.2,4.7
16585596,0723,81.8,81.1,79.1,57.5,47.8,47.9,871.5,897.6,892.1,10.0,14.4,14.4,10.6,7.5,7.9,18.1,16.5,16.5,79.0,96.0,95.9,66.9,66.3,66.4,0.0,0.0,0.0,999.9,999.9,999.9,0,7.2,4.7
16585596,0723,81.1,81.1,79.1,50.9,47.8,48.0,872.9,897.6,887.8,30.7,14.4,14.0,10.2,7.5,8.0,22.0,16.5,16.6,102.0,95.9,95.1,75.9,66.3,66.4,0.02,0.0,0.0,999.9,999.9,999.9,0,7.2,4.7
16585596,0723,74.2,81.1,79.2,40.5,47.8,47.8,872.9,897.6,888.0,10.0,14.6,14.7,6.3,7.6,8.2,15.9,16.5,16.6,102.9,95.9,95.2,72.0,66.4,66.9,0.0,0.0,0.0,999.9,999.9,999.9,0,7.1,4.7
16585596,0723,77.5,81.0,79.1,49.2,47.8,47.7,872.4,897.6,888.0,14.9,14.6,14.4,5.6,7.6,8.0,13.0,16.5,16.2,98.1,96.0,95.6,73.9,66.4,66.9,0.0,0.0,0.0,999.9,999.9,999.9,18,7.1,4.7
16585596,0723,81.8,81.0,79.1,55.9,47.9,47.8,872.4,897.6,888.1,10.0,14.6,14.6,6.9,7.5,7.9,26.0,16.5,16.3,102.0,95.9,95.8,61.0,66.4,67.3,0.02,0.0,0.0,999.9,999.9,999.9,18,7.1,5.3
16585596,0723,81.8,81.0,79.1,49.2,48.0,48.1,869.5,897.6,888.2,10.0,14.6,14.6,10.2,7.5,7.8,11.1,16.6,16.7,90.0,95.9,96.0,73.9,66.4,67.3,0.0,0.0,0.0,999.9,999.9,999.9,0,7.2,5.9
16585596,0723,85.4,81.0,79.1,50.9,48.0,48.0,999.9,897.6,888.0,9.8,14.6,14.6,10.2,7.6,7.8,14.0,16.5,16.8,104.0,95.9,96.0,70.0,66.4,67.4,0.0,0.0,0.0,999.9,999.9,999.9,0,7.2,5.9
16585596,0723,79.9,81.0,79.3,47.1,48.0,48.4,869.5,898.3,892.4,10.0,14.4,14.6,6.2,7.6,8.0,18.1,16.5,16.8,90.0,95.9,96.2,66.2,66.4,67.4,0.0,0.0,0.0,999.9,999.9,999.9,0,7.2,5.9
16585596,0723,77.5,81.0,79.9,34.9,48.0,48.3,873.1,897.6,892.4,9.7,14.4,14.6,9.3,7.6,7.9,14.0,16.4,16.6,93.9,95.9,95.8,66.0,66.4,67.4,0.0,0.0,0.0,999.9,999.9,999.9,18,7.1,5.3
16585596,0723,80.3,81.0,79.8,44.6,47.9,48.4,872.4,897.6,892.6,9.9,14.2,14.6,9.9,7.6,8.1,11.1,16.4,16.8,102.0,95.8,96.0,57.0,66.4,67.1,0.0,0.0,0.0,999.9,999.9,999.9,18,7.2,5.3
16585596,0723,82.3,81.0,79.6,36.2,47.8,48.3,873.0,897.6,892.7,10.0,14.2,14.6,9.6,7.6,8.1,15.0,16.4,16.6,102.0,95.9,96.5,63.0,66.3,66.8,0.11,0.0,0.0,999.9,999.9,999.9,18,7.0,5.9
16585596,0723,79.3,81.0,79.5,47.1,47.8,47.6,873.6,897.6,892.7,20.3,14.1,14.4,8.8,7.6,8.1,26.0,16.4,16.7,93.9,96.0,97.0,62.2,66.3,66.7,0.15,0.0,0.0,999.9,999.9,999.9,18,7.1,5.9
16585596,0723,85.2,81.0,79.5,39.9,47.8,47.5,869.5,896.9,892.8,9.7,14.1,14.7,3.7,7.6,8.2,10.1,16.4,16.7,98.1,96.1,97.0,73.9,66.3,66.7,0.02,0.0,0.0,999.9,999.9,999.9,0,7.2,6.5
16585596,0723,80.3,81.0,79.7,57.2,47.7,47.3,872.4,896.9,892.8,9.9,14.1,14.7,8.1,7.6,8.0,19.0,16.3,16.5,90.0,96.1,97.0,61.0,66.3,67.1,0.0,0.0,0.0,999.9,999.9,999.9,48,7.1,5.9
16585596,0723,80.7,81.0,79.7,49.3,47.9,47.5,869.5,896.2,892.8,10.0,13.9,14.7,6.2,7.6,8.1,15.9,16.4,16.8,104.0,96.1,96.8,66.9,66.2,66.8,0.17,0.0,0.0,999.9,999.9,999.9,0,7.4,7.5
16585596,0723,87.8,81.0,79.5,45.0,47.8,47.7,869.0,895.5,892.8,9.9,13.9,14.7,9.5,7.6,8.0,15.0,16.4,16.9,93.9,96.1,97.2,62.1,66.2,67.0,0.02,0.0,0.0,999.9,999.9,999.9,18,7.1,7.5
16585596,0723,88.8,81.0,80.4,40.5,47.7,47.3,871.5,895.5,892.6,10.0,13.9,14.6,5.6,7.6,8.1,18.1,16.4,17.1,91.9,96.1,96.9,64.9,66.2,66.6,0.03,0.0,0.0,999.9,999.9,999.9,0,7.2,8.1
16585596,0723,83.0,81.1,81.0,50.9,47.7,47.0,872.7,895.5,892.7,9.9,13.9,14.6,9.3,7.6,7.9,18.1,16.4,17.2,79.0,96.1,96.9,71.1,66.2,66.2,0.0,0.0,0.0,999.9,999.9,999.9,0,7.2,8.1
16585596,0723,83.0,81.1,81.2,34.9,47.7,46.9,999.9,895.5,892.7,10.0,13.9,14.6,9.6,7.6,8.0,15.0,16.4,16.7,99.0,95.9,96.4,64.9,66.2,66.5,0.0,0.0,0.0,999.9,999.9,999.9,18,7.1,7.5
16585596,0723,74.2,81.1,81.4,48.9,47.6,46.7,872.4,896.2,892.7,10.0,13.9,13.6,9.5,7.6,8.1,8.9,16.4,16.7,88.7,96.0,96.3,54.0,66.2,66.3,0.0,0.0,0.0,999.9,999.9,999.9,0,7.2,8.1
16585596,0723,78.4,81.1,81.3,52.0,47.6,47.1,870.0,896.2,892.8,10.0,13.9,13.6,5.1,7.6,8.1,24.1,16.3,16.6,79.0,95.9,96.0,61.0,66.1,66.0,0.0,0.0,0.0,999.9,999.9,999.9,0,7.2,8.1
16585596,0723,89.6,81.0,81.2,34.9,47.7,47.2,999.9,896.2,892.9,9.8,13.9,13.6,8.2,7.6,8.1,19.0,16.4,16.8,104.0,95.8,95.4,70.0,66.0,66.0,0.0,0.0,0.0,999.9,999.9,999.9,0,7.1,8.1
16585596,0723,82.7,81.1,81.2,50.2,47.6,46.8,869.6,896.9,892.9,9.8,13.9,13.6,8.7,7.6,8.0,10.1,16.4,16.6,99.0,95.9,95.4,54.0,66.0,65.9,0.02,0.0,0.0,999.9,999.9,999.9,0,7.1,8.1
16585596,0723,74.2,81.2,81.2,57.2,47.5,46.9,873.1,896.2,892.9,9.7,13.9,12.6,10.2,7.6,8.0,12.0,16.3,15.8,95.0,95.9,95.3,62.1,66.0,65.2,0.33,0.0,0.0,999.9,999.9,999.9,0,7.0,8.1
16585596,0723,86.6,81.2,80.8,45.2,47.6,47.2,873.1,896.2,892.9,10.0,13.9,12.2,6.2,7.6,8.1,17.1,16.2,15.7,99.0,95.9,95.2,57.9,66.0,65.3,0.0,0.0,0.0,999.9,999.9,999.9,2,7.0,7.5
16585596,0723,80.7,81.2,81.1,49.3,47.5,47.1,869.5,896.2,892.9,10.0,13.8,12.2,4.7,7.6,8.1,18.1,16.2,15.8,95.0,95.9,95.5,62.2,66.0,65.0,0.0,0.0,0.0,999.9,999.9,999.9,0,7.0,7.1
16585596,0723,80.3,81.2,81.1,49.2,47.5,46.9,869.0,895.5,892.9,41.0,13.7,12.2,8.7,7.6,7.9,22.0,16.2,16.1,89.1,96.0,95.6,66.0,66.0,64.8,0.0,0.0,0.0,999.9,999.9,999.9,0,7.0,7.1
16585596,0723,81.1,81.2,81.0,45.0,47.5,47.0,866.4,895.5,888.6,10.0,13.9,13.2,10.1,7.7,8.0,12.0,16.3,16.5,87.1,95.9,95.4,66.0,66.1,64.8,0.14,0.0,0.0,999.9,999.9,999.9,18,7.0,7.1
16585596,0723,86.8,81.2,81.1,39.9,47.5,47.2,869.6,895.5,888.3,9.9,13.9,12.2,9.6,7.7,8.1,15.9,16.2,16.3,91.9,95.9,94.9,54.0,66.0,65.0,0.0,0.0,0.0,999.9,999.9,999.9,0,7.1,7.7
16585596,0723,86.6,81.2,81.5,55.9,47.5,47.0,873.1,894.7,888.3,10.0,13.9,12.2,6.2,7.6,8.1,14.0,16.2,16.2,90.0,95.9,94.6,54.0,66.0,64.7,0.0,0.0,0.0,999.9,999.9,999.9,18,7.0,7.1
16585596,0723,82.8,81.3,81.8,36.2,47.6,47.0,868.1,894.7,884.1,10.0,13.8,12.2,9.6,7.6,8.1,11.1,16.2,16.3,90.0,95.9,94.5,71.1,65.9,64.5,0.0,0.0,0.0,999.9,999.9,999.9,0,6.8,7.7
16585596,0723,77.1,81.2,81.8,37.5,47.6,46.3,869.7,894.7,884.0,14.9,13.7,12.2,5.6,7.7,8.1,15.9,16.0,16.1,91.9,95.9,94.8,59.0,66.0,64.6,0.0,0.0,0.0,999.9,999.9,999.9,0,6.8,7.7
16585596,0723,77.1,81.2,81.7,37.5,47.5,45.8,999.9,894.7,883.9,9.9,13.6,11.6,6.2,7.6,7.9,11.1,16.1,15.9,79.0,95.9,94.5,63.0,65.9,64.0,0.0,0.0,0.0,999.9,999.9,999.9,18,6.7,7.7
16585596,0723,86.6,81.2,81.8,45.0,47.5,45.7,870.4,895.4,888.1,10.0,13.5,11.6,9.5,7.6,7.9,14.0,16.0,15.7,95.0,95.7,93.7,57.0,65.9,63.7,0.15,0.0,0.0,999.9,999.9,999.9,0,6.7,8.3
16585596,0723,86.6,81.2,82.1,45.2,47.5,45.6,869.5,895.4,888.1,10.0,13.5,11.5,10.1,7.6,8.0,19.0,16.0,15.7,95.0,95.8,93.6,71.1,65.8,63.2,0.0,0.0,0.0,999.9,999.9,999.9,0,6.7,7.7
16585596,0723,81.8,81.3,82.2,44.1,47.4,45.2,866.4,894.7,888.0,9.9,13.5,11.5,7.8,7.6,8.1,15.9,16.0,15.5,99.0,95.7,93.3,68.0,65.9,63.5,0.15,0.0,0.0,999.9,999.9,999.9,18,6.7,7.1
16585596,0723,76.8,81.3,82.2,54.1,47.4,45.1,873.6,894.7,887.9,10.0,13.5,11.5,5.3,7.6,8.1,14.0,16.0,15.7,93.0,95.7,93.6,70.0,65.9,63.3,0.02,0.0,0.0,999.9,999.9,999.9,18,6.8,7.7
16585596,0723,88.1,81.2,81.9,49.2,47.4,45.2,869.7,894.7,883.6,9.9,13.5,11.5,3.7,7.6,7.9,15.0,16.0,15.7,104.0,95.8,93.3,66.2,65.9,63.3,0.02,0.0,0.0,999.9,999.9,999.9,0,6.9,8.3
16585596,0723,78.3,81.2,82.2,54.1,47.4,45.2,871.4,894.7,883.7,22.2,13.4,11.5,8.1,7.6,7.8,18.1,15.9,15.6,102.9,95.8,93.7,66.9,65.9,63.3,0.0,0.0,0.0,999.9,999.9,999.9,0,6.9,8.3
16585596,0723,83.0,81.2,82.2,54.6,47.5,45.9,872.4,894.0,883.6,22.2,13.4,11.9,9.6,7.6,7.8,12.0,16.0,15.7,102.0,95.8,94.0,73.9,66.0,63.4,0.33,0.0,0.0,999.9,999.9,999.9,18,6.9,7.7
16585596,0723,83.0,81.3,82.3,48.9,47.6,46.2,872.9,893.3,883.6,22.2,13.5,12.3,6.6,7.6,7.8,22.0,15.9,15.7,95.0,95.9,94.0,61.0,66.0,63.9,0.0,0.0,0.1,999.9,999.9,999.9,16,6.9,7.7
16585596,0723,78.3,81.3,82.3,50.2,47.6,46.6,870.0,893.3,883.6,9.7,13.6,12.7,6.2,7.6,7.7,10.1,16.0,15.9,102.0,95.8,93.8,71.1,66.0,63.8,0.0,0.0,0.1,999.9,999.9,999.9,0,7.0,7.6
16585596,0723,76.4,81.3,82.3,54.5,47.6,46.7,999.9,892.5,883.5,10.0,13.6,12.3,5.6,7.6,7.6,24.3,16.0,15.4,102.0,95.8,94.1,66.2,66.1,64.1,0.11,0.0,0.0,999.9,999.9,999.9,0,7.0,7.0
16585596,0723,85.2,81.3,82.0,55.6,47.6,47.2,872.4,892.5,887.8,41.0,13.5,12.4,8.8,7.6,7.6,14.0,16.0,15.9,93.9,95.9,94.2,75.0,66.1,63.9,0.02,0.0,0.0,999.9,999.9,999.9,0,6.7,7.0
16585596,0723,74.2,81.2,82.2,50.2,47.6,47.2,999.9,892.5,887.8,9.9,13.7,13.4,10.2,7.6,7.7,18.1,16.0,15.7,90.0,95.8,94.3,59.0,66.2,64.4,0.17,0.0,0.1,999.9,999.9,999.9,18,6.7,5.4
16585596,0723,81.1,81.2,82.0,47.2,47.6,47.2,869.5,893.3,892.2,9.9,13.7,13.4,9.3,7.6,7.8,24.1,16.1,15.8,104.0,95.8,93.9,66.2,66.2,64.1,0.0,0.0,0.1,999.9,999.9,999.9,2,6.7,6.0
16585596,0723,74.2,81.2,81.7,33.1,47.6,47.3,873.0,893.3,892.2,13.5,13.7,13.4,5.6,7.6,7.8,24.3,16.0,16.1,93.0,95.8,94.2,70.0,66.1,64.2,0.0,0.0,0.0,999.9,999.9,999.9,18,6.8,5.5
16585596,0723,89.2,81.1,81.3,33.1,47.5,47.0,869.6,892.6,892.2,10.0,13.7,13.5,6.5,7.6,7.8,22.0,16.0,16.3,98.1,95.8,94.3,73.9,66.2,64.4,0.0,0.0,0.0,999.9,999.9,999.9,18,6.9,6.1
16585596,0723,79.9,81.2,81.5,47.2,47.4,46.4,869.5,892.6,892.1,9.7,13.7,13.5,6.6,7.6,7.7,13.0,16.0,16.4,102.9,95.8,94.9,70.0,66.3,64.5,0.01,0.0,0.0,999.9,999.9,999.9,18,7.0,6.7
16585596,0723,86.6,81.2,81.4,52.0,47.3,46.8,872.4,892.6,887.8,9.9,13.7,13.5,8.7,7.6,7.6,10.1,16.1,16.4,99.0,95.9,95.0,62.1,66.3,64.7,0.01,0.0,0.0,999.9,999.9,999.9,18,7.1,6.7
16585596,0723,89.6,81.2,81.8,41.2,47.3,46.9,999.9,892.6,887.8,10.0,13.7,13.5,7.8,7.6,7.6,15.0,16.1,16.4,99.0,95.8,95.4,71.1,66.2,64.9,0.0,0.0,0.0,999.9,999.9,999.9,0,7.2,7.3
16585596,0723,78.3,81.3,82.1,48.9,47.3,46.6,875.8,892.6,892.1,9.9,13.7,13.5,10.2,7.6,7.7,18.1,16.1,16.1,102.9,95.8,96.0,73.0,66.3,65.3,0.0,0.0,0.0,999.9,999.9,999.9,0,7.1,7.3
16585596,0723,79.3,81.2,81.8,49.3,47.2,47.1,868.1,892.6,888.0,10.0,13.7,13.5,3.7,7.6,7.7,17.1,16.1,16.1,99.0,95.8,96.0,64.9,66.4,65.4,0.0,0.0,0.0,999.9,999.9,999.9,48,7.1,7.3
16585596,0723,80.7,81.2,81.7,47.1,47.3,47.0,870.5,892.6,887.9,10.0,13.7,13.5,3.7,7.6,7.6,12.0,16.1,16.3,88.7,95.8,96.0,66.9,66.4,65.7,0.0,0.0,0.0,999.9,999.9,999.9,18,7.2,8.9
16585596,0723,89.6,81.2,81.9,50.2,47.3,46.7,869.5,891.8,887.8,13.5,13.7,13.5,6.5,7.6,7.3,31.1,16.1,16.3,95.0,95.8,95.8,64.9,66.3,65.9,0.03,0.0,0.0,999.9,999.9,999.9,0,7.3,9.5
16585596,0723,62.0,81.3,82.0,47.1,47.2,46.9,871.5,891.8,887.7,10.0,13.7,13.6,10.4,7.6,7.4,19.0,16.2,16.8,102.0,95.8,95.6,64.9,66.3,66.1,0.03,0.0,0.0,999.9,999.9,999.9,18,7.1,9.4
16585596,0723,85.2,81.3,81.4,41.2,47.2,46.8,869.7,891.8,887.8,30.7,13.7,13.6,9.6,7.6,7.5,24.3,16.2,16.8,93.9,95.8,95.9,73.0,66.4,66.2,0.0,0.0,0.0,999.9,999.9,999.9,18,7.1,10.0
16585596,0723,85.2,81.3,81.5,55.6,47.2,46.5,873.6,891.8,887.8,10.0,13.8,13.3,6.2,7.6,7.6,15.9,16.3,16.9,104.0,95.7,96.0,71.1,66.3,66.4,0.0,0.0,0.0,999.9,999.9,999.9,0,7.2,10.6
16585596,0723,81.1,81.3,81.7,54.6,47.2,46.9,872.4,891.1,888.0,39.8,13.8,13.3,6.5,7.6,7.4,13.0,16.3,17.0,102.0,95.8,96.6,71.1,66.4,66.6,0.11,0.0,0.0,999.9,999.9,999.9,18,7.1,10.0
16585596,0723,62.0,81.3,81.5,57.2,47.3,47.4,870.0,891.1,888.1,10.0,14.0,14.3,5.3,7.6,7.3,31.1,16.2,16.9,104.0,95.8,96.9,54.0,66.4,67.2,0.0,0.0,0.0,999.9,999.9,999.9,0,7.1,10.6
16585596,0723,83.0,81.2,80.6,52.0,47.3,47.4,869.6,891.1,888.0,10.0,14.0,14.3,9.9,7.6,7.3,11.1,16.3,17.5,93.9,95.9,97.4,62.1,66.3,67.2,0.11,0.0,0.0,999.9,999.9,999.9,18,7.1,10.0
16585596,0723,76.7,81.2,80.6,50.9,47.3,47.9,872.9,891.1,888.1,10.0,14.0,14.3,8.1,7.6,7.3,19.0,16.3,17.5,93.9,95.9,97.5,57.0,66.3,66.9,0.0,0.0,0.0,999.9,999.9,999.9,0,7.1,10.6
16585596,0723,78.3,81.2,80.6,36.2,47.3,48.4,999.9,891.1,888.2,9.7,13.9,14.1,4.7,7.6,7.4,10.1,16.4,17.6,104.0,95.9,97.6,62.1,66.2,66.8,0.0,0.0,0.0,999.9,999.9,999.9,0,7.1,10.6
16585596,0723,86.6,81.1,80.7,44.6,47.3,48.3,869.5,891.8,888.2,9.9,13.9,14.1,9.8,7.6,7.4,13.0,16.3,17.6,100.0,95.9,98.4,73.9,66.1,66.8,0.02,0.0,0.0,999.9,999.9,999.9,18,7.1,10.0
16585596,0723,81.1,81.1,80.7,47.1,47.3,48.3,873.0,891.8,888.2,10.0,13.9,14.1,6.9,7.6,7.4,19.0,16.3,17.5,102.9,95.9,98.6,75.0,66.2,67.4,0.0,0.0,0.0,999.9,999.9,999.9,0,7.1,10.6
16585596,0723,76.8,81.1,80.5,49.2,47.2,48.4,999.9,891.9,888.3,13.5,13.9,14.1,8.8,7.6,7.3,12.0,16.3,17.5,90.0,95.9,98.9,61.0,66.2,67.5,0.0,0.0,0.0,999.9,999.9,999.9,0,6.8,10.6
16585596,0723,87.8,81.1,80.3,48.9,47.3,48.5,870.5,892.6,892.7,39.8,13.9,14.2,4.9,7.6,7.3,13.0,16.2,17.4,102.0,95.9,98.6,73.9,66.2,67.2,0.0,0.0,0.0,999.9,999.9,999.9,0,6.8,10.0
16585596,0723,88.8,81.2,80.7,45.2,47.3,48.4,999.9,891.9,892.6,9.9,14.1,15.2,5.6,7.6,7.3,31.1,16.2,17.4,102.9,95.9,98.9,66.2,66.2,67.4,0.11,0.0,0.0,999.9,999.9,999.9,0,6.8,9.4
16585596,0723,83.0,81.2,80.7,39.9,47.3,48.2,869.6,892.6,897.0,10.0,14.1,15.2,11.6,7.6,7.3,17.1,16.4,17.9,104.0,96.0,98.8,57.0,66.2,67.4,0.0,0.0,0.0,999.9,999.9,999.9,0,6.8,9.4
16585596,0723,62.0,81.2,80.9,37.5,47.2,47.8,999.9,892.5,896.9,9.9,14.0,14.8,5.6,7.6,7.5,14.0,16.4,17.9,99.0,96.0,98.9,68.0,66.2,67.0,0.11,0.0,0.0,999.9,999.9,999.9,18,6.7,9.4
16585596,0723,76.7,81.1,80.2,52.0,47.2,47.2,869.5,893.2,901.2,14.9,14.0,14.4,9.9,7.6,7.3,15.0,16.4,17.9,102.0,96.1,98.8,62.2,66.1,66.9,0.0,0.0,0.0,999.9,999.9,999.9,18,6.8,9.4
16585596,0723,80.7,81.1,80.0,54.1,47.2,47.3,999.9,893.2,901.0,10.0,14.0,14.2,7.8,7.6,7.4,15.9,16.4,17.7,98.1,96.1,99.0,70.0,66.2,66.9,0.0,0.0,0.0,999.9,999.9,999.9,0,6.9,9.5
16585596,0723,76.7,81.0,80.0,37.5,47.3,47.4,873.5,893.9,905.4,10.0,14.0,14.2,11.6,7.6,7.5,11.1,16.3,17.9,102.9,96.1,98.9,66.2,66.1,66.9,0.0,0.0,0.0,999.9,999.9,999.9,0,6.9,9.5
16585596,0723,89.6,81.0,80.1,57.2,47.2,46.9,869.0,894.0,901.2,9.9,14.0,14.2,11.6,7.7,7.7,15.0,16.3,17.5,102.0,96.1,98.9,71.1,66.1,66.9,0.0,0.0,0.0,999.9,999.9,999.9,0,6.9,9.5
16585596,0723,62.0,81.1,80.2,46.5,47.2,46.9,870.0,893.9,901.1,10.0,14.0,13.1,10.2,7.7,7.8,34.0,16.2,17.5,98.1,96.1,99.2,57.0,66.1,66.7,0.0,0.0,0.0,999.9,999.9,999.9,0,6.9,9.5
16585596,0723,74.2,81.0,79.8,41.4,47.2,46.8,999.9,893.9,896.7,10.0,14.0,13.1,3.7,7.7,7.8,15.0,16.3,18.0,102.0,96.2,99.4,57.9,66.1,66.7,0.03,0.0,0.0,999.9,999.9,999.9,2,6.9,8.9
16585596,0723,86.8,80.9,79.6,57.6,47.2,46.6,870.5,894.6,901.1,10.0,14.0,13.1,9.6,7.7,7.6,19.0,16.3,17.7,104.0,96.1,99.4,66.2,66.1,66.4,0.0,0.0,0.0,999.9,999.9,999.9,0,6.9,8.9
16585596,0723,80.3,81.0,80.0,55.9,47.2,47.4,872.4,894.6,901.0,10.0,13.9,13.0,5.6,7.7,7.7,15.0,16.4,17.5,102.9,96.2,99.7,71.1,66.1,66.3,0.0,0.0,0.0,999.9,999.9,999.9,0,6.8,8.3
16585596,0723,82.8,81.0,79.7,52.0,47.3,48.2,872.4,894.6,901.1,9.9,13.9,13.0,8.2,7.7,7.7,13.0,16.3,17.3,95.0,96.2,99.9,70.0,66.0,66.2,0.0,0.0,0.0,999.9,999.9,999.9,48,6.8,7.7
16585596,0723,86.6,81.0,79.8,55.9,47.3,48.3,872.4,894.7,901.2,9.9,13.9,13.0,5.1,7.7,7.8,15.9,16.3,17.3,99.0,96.2,99.6,72.0,66.0,66.2,0.0,0.0,0.0,999.9,999.9,999.9,16,7.0,8.7
16585596,0723,69.7,81.0,79.8,41.4,47.3,48.5,875.8,893.9,901.2,9.9,13.9,13.0,10.4,7.7,7.6,13.0,16.3,17.5,104.0,96.3,99.6,62.2,66.0,66.5,0.15,0.0,0.0,999.9,999.9,999.9,18,7.1,8.6
16585596,0723,81.1,80.9,79.1,33.1,47.3,48.5,871.4,894.0,897.0,9.9,13.9,13.0,6.9,7.7,7.7,15.9,16.3,17.4,99.0,96.4,99.8,71.1,66.0,66.2,0.33,0.0,0.0,999.9,999.9,999.9,0,7.2,9.2
16585596,0723,76.8,80.9,79.2,58.4,47.3,47.9,999.9,894.0,896.9,10.0,13.9,13.0,6.5,7.7,7.6,18.1,16.3,17.4,93.0,96.4,99.7,62.1,66.1,66.1,0.0,0.0,0.0,999.9,999.9,999.9,18,7.2,9.2
16585596,0723,76.4,80.9,79.1,47.2,47.3,48.3,869.5,894.0,901.3,10.0,13.9,13.0,8.2,7.7,7.7,15.0,16.3,17.4,99.0,96.4,99.5,62.1,66.1,66.0,0.0,0.0,0.0,999.9,999.9,999.9,18,7.2,8.2
16585596,0723,89.6,80.8,79.0,49.2,47.3,48.3,999.9,893.2,901.3,9.9,13.9,13.0,6.5,7.7,7.9,15.9,16.3,17.5,98.1,96.4,99.8,64.9,66.1,65.9,0.11,0.0,0.0,999.9,999.9,999.9,0,7.3,8.2
16585596,0723,74.2,80.8,79.0,45.0,47.3,48.2,872.4,894.0,905.6,9.9,13.8,12.9,8.8,7.7,7.9,34.0,16.3,17.0,102.0,96.5,99.9,54.0,66.1,65.9,0.0,0.0,0.0,999.9,999.9,999.9,0,7.3,8.2
16585596,0723,77.1,80.7,79.4,54.5,47.2,48.2,871.5,893.2,905.6,10.0,13.8,12.9,10.2,7.7,7.8,12.0,16.4,17.5,89.1,96.5,99.9,63.0,66.0,65.5,0.0,0.0,0.0,999.9,999.9,999.9,0,7.3,7.6
16585596,0723,87.8,80.7,79.1,47.2,47.3,48.6,869.0,893.2,905.7,30.7,13.8,12.2,6.2,7.7,7.8,11.1,16.3,17.1,95.0,96.5,99.8,71.1,66.0,65.2,0.11,0.0,0.0,999.9,999.9,999.9,0,7.2,7.0
16585596,0723,62.0,80.8,79.2,55.6,47.3,48.3,872.4,893.2,905.5,9.9,13.9,12.9,5.6,7.7,7.8,13.0,16.3,16.9,95.0,96.4,99.5,57.9,66.1,65.2,0.0,0.0,0.0,999.9,999.9,999.9,0,7.1,7.0
16585596,0723,79.9,80.6,78.6,50.2,47.3,48.3,999.9,893.2,905.5,20.3,13.9,11.9,10.2,7.7,7.8,24.1,16.3,16.9,98.1,96.4,99.2,64.9,66.0,64.7,0.02,0.0,0.0,999.9,999.9,999.9,0,7.1,6.4
16585596,0723,77.1,80.6,79.2,48.9,47.4,48.1,999.9,893.2,909.9,9.9,14.0,12.3,9.8,7.7,8.0,14.0,16.3,16.7,89.1,96.3,99.0,66.9,66.0,65.1,0.0,0.0,0.0,999.9,999.9,999.9,18,7.0,6.4
16585596,0723,80.9,80.6,79.0,58.4,47.4,48.0,871.4,893.9,914.2,10.0,14.0,12.3,9.9,7.7,8.0,11.1,16.3,16.8,93.9,96.3,98.9,70.0,66.0,65.3,0.0,0.0,0.0,999.9,999.9,999.9,18,7.1,6.4
16585596,0723,85.4,80.6,79.1,41.2,47.5,48.3,866.4,893.9,914.2,9.8,14.0,12.3,6.9,7.7,8.0,11.1,16.3,16.5,95.0,96.3,98.9,61.0,66.0,65.7,0.0,0.0,0.0,999.9,999.9,999.9,18,7.1,7.0
16585596,0723,78.4,80.6,79.3,41.4,47.4,48.4,870.0,893.9,909.7,10.0,14.0,12.3,11.6,7.7,8.1,15.9,16.3,16.5,102.0,96.3,98.6,63.0,66.0,65.7,0.0,0.0,0.0,999.9,999.9,999.9,18,7.1,7.6
16585596,0723,86.8,80.6,79.1,39.9,47.4,48.3,873.6,893.9,909.7,41.0,14.0,12.3,4.9,7.7,8.1,15.0,16.2,16.6,93.0,96.3,98.6,66.0,66.0,65.3,0.15,0.0,0.0,999.9,999.9,999.9,0,7.1,7.6
16585596,0723,81.1,80.6,79.3,34.9,47.4,48.1,871.5,893.9,909.7,9.9,14.0,13.3,9.6,7.7,8.1,10.1,16.3,16.5,93.9,96.3,98.3,61.0,66.0,65.0,0.0,0.0,0.0,999.9,999.9,999.9,0,7.1,7.6
16585596,0723,85.4,80.6,79.4,37.5,47.3,47.6,999.9,893.2,905.5,30.7,14.0,13.2,6.4,7.7,8.1,18.1,16.2,16.4,95.0,96.3,98.4,73.9,66.0,65.0,0.0,0.0,0.0,999.9,999.9,999.9,0,7.1,7.6
16585596,0723,78.4,80.7,79.3,44.6,47.2,47.2,875.8,893.9,909.8,10.0,14.1,12.9,8.1,7.7,8.2,22.0,16.3,16.6,93.0,96.4,98.2,75.9,66.0,65.0,0.0,0.0,0.0,999.9,999.9,999.9,18,7.1,7.6
16585596,0723,80.3,80.6,79.0,50.2,47.2,47.2,999.9,894.0,905.6,13.5,14.1,12.9,5.6,7.7,8.2,31.1,16.3,16.3,93.0,96.4,97.9,54.0,66.0,65.3,0.0,0.0,0.0,999.9,999.9,999.9,0,7.1,8.2
16585596,0723,81.8,80.6,78.9,44.6,47.2,47.5,869.0,894.7,910.0,14.9,14.1,13.0,10.2,7.7,8.0,31.1,16.4,16.8,102.9,96.3,97.5,61.0,66.0,65.2,0.0,0.0,0.0,999.9,999.9,999.9,0,7.1,8.2
16585596,0723,69.7,80.6,79.6,45.0,47.1,47.8,873.0,894.7,905.6,10.0,14.1,13.2,5.3,7.7,8.2,18.1,16.5,17.4,102.9,96.4,97.6,64.9,66.0,65.0,0.0,0.0,0.0,999.9,999.9,999.9,18,7.1,7.6
16585596,0723,77.5,80.5,79.3,33.1,47.2,47.6,870.4,894.7,905.7,30.7,14.1,13.0,6.2,7.7,8.0,10.1,16.5,17.5,93.0,96.4,97.7,75.0,65.9,65.1,0.0,0.0,0.0,999.9,999.9,999.9,0,7.1,7.6
16585596,0723,78.4,80.5,79.2,49.2,47.2,46.9,873.5,894.7,901.4,10.0,14.2,13.7,5.6,7.7,8.0,22.0,16.5,17.3,91.9,96.4,97.5,73.0,66.0,65.2,0.0,0.0,0.0,999.9,999.9,999.9,0,7.1,7.6
16585596,0723,89.2,80.5,79.3,57.6,47.2,47.2,866.4,894.7,901.4,10.0,14.2,13.7,9.9,7.7,7.8,20.0,16.5,17.6,88.7,96.3,97.1,64.9,66.0,65.5,0.0,0.0,0.0,999.9,999.9,999.9,0,7.1,7.6
16585596,0723,89.2,80.5,79.3,58.4,47.2,47.3,869.0,894.7,901.3,13.5,14.2,13.7,5.6,7.7,7.7,11.1,16.5,17.8,95.0,96.2,96.7,62.2,66.0,65.3,0.0,0.0,0.0,999.9,999.9,999.9,0,7.0,7.6
16585596,0723,85.4,80.5,80.2,37.5,47.2,47.6,872.4,894.6,901.3,9.9,14.2,13.8,7.8,7.7,7.6,12.0,16.5,17.0,95.0,96.2,96.6,70.0,66.0,65.4,0.01,0.0,0.0,999.9,999.9,999.9,0,7.0,7.6
16585596,0723,89.6,80.5,80.5,54.6,47.1,47.5,873.1,894.6,897.1,22.3,14.2,13.8,9.3,7.7,7.7,18.1,16.5,16.9,98.1,96.2,96.3,73.9,66.0,65.8,0.0,0.0,0.0,999.9,999.9,999.9,0,7.0,7.5
16585596,0723,82.3,80.6,80.6,57.5,47.2,47.4,999.9,894.7,897.1,10.0,14.2,14.2,7.8,7.7,7.7,13.0,16.5,16.9,102.0,96.2,96.2,66.2,66.0,66.1,0.0,0.0,0.0,999.9,999.9,999.9,0,6.9,7.5
16585596,0723,89.6,80.6,80.7,47.1,47.3,47.5,999.9,895.4,901.4,22.2,14.1,14.2,5.6,7.7,7.8,10.1,16.5,16.8,99.0,96.2,96.1,62.1,65.9,65.9,0.0,0.0,0.0,999.9,999.9,999.9,0,6.9,7.5
16585596,0723,81.1,80.7,80.9,50.2,47.3,47.3,999.9,896.1,905.6,10.0,14.1,14.6,10.4,7.7,7.7,12.0,16.5,16.7,93.9,96.2,96.3,66.9,65.9,65.7,0.0,0.0,0.0,999.9,999.9,999.9,0,6.9,5.9
16585596,0723,85.2,80.6,80.7,41.6,47.3,47.1,873.6,896.1,909.9,10.0,14.1,14.6,7.8,7.7,7.9,10.1,16.5,16.6,93.0,96.2,96.1,75.9,65.9,65.5,0.0,0.0,0.0,999.9,999.9,999.9,0,6.8,5.4
16585596,0723,74.2,80.7,81.3,39.9,47.3,47.1,872.7,896.1,909.8,22.3,14.1,14.6,10.2,7.7,7.8,11.1,16.5,16.5,98.1,96.2,95.7,57.0,65.9,66.0,0.0,0.0,0.0,999.9,999.9,999.9,0,6.8,4.8
16585596,0723,76.7,80.6,81.0,39.9,47.2,47.4,870.5,896.1,909.9,9.9,14.2,15.0,6.2,7.7,7.9,13.0,16.5,16.3,102.9,96.2,95.7,62.1,65.9,65.5,0.0,0.0,0.0,999.9,999.9,999.9,0,6.8,4.8
16585596,0723,89.2,80.6,81.0,45.2,47.2,46.7,999.9,896.1,905.5,10.0,14.1,15.0,5.1,7.8,7.9,11.1,16.5,16.2,95.0,96.3,96.0,68.0,65.9,65.5,0.0,0.0,0.0,999.9,999.9,999.9,0,6.8,4.2
16585596,0723,82.8,80.6,81.4,44.6,47.2,46.7,869.5,896.8,909.9,10.0,14.1,15.0,9.5,7.7,7.8,19.0,16.5,16.0,104.0,96.4,95.9,61.0,65.9,65.7,0.0,0.0,0.0,999.9,999.9,999.9,18,6.8,3.6
16585596,0723,89.2,80.6,81.2,50.9,47.2,46.5,999.9,896.8,905.5,22.2,14.1,15.0,6.3,7.8,7.9,18.1,16.6,16.2,100.0,96.5,96.1,61.0,65.9,65.6,0.0,0.0,0.0,999.9,999.9,999.9,0,6.9,4.2
16585596,0723,81.8,80.6,81.7,50.9,47.2,46.7,999.9,897.5,909.8,13.5,14.2,15.5,4.7,7.8,7.8,13.0,16.6,15.6,95.0,96.5,96.0,64.9,65.8,65.8,0.0,0.0,0.0,999.9,999.9,999.9,16,6.9,4.2
16585596,0723,76.7,80.7,81.9,52.0,47.2,46.6,869.5,898.2,914.1,9.9,14.2,15.6,9.9,7.8,7.6,14.0,16.5,15.7,90.0,96.5,96.2,66.9,65.8,65.9,0.0,0.0,0.0,999.9,999.9,999.9,0,7.0,4.7
16585596,0723,78.4,80.6,81.5,37.5,47.2,46.8,866.4,898.2,914.1,30.7,14.0,14.9,8.7,7.8,7.7,26.0,16.5,15.8,102.9,96.5,96.0,64.9,65.8,65.7,0.0,0.0,0.0,999.9,999.9,999.9,0,7.0,4.7
16585596,0723,81.8,80.6,82.1,57.5,47.1,46.2,872.4,898.2,913.9,10.0,14.0,15.6,6.9,7.8,7.8,11.1,16.6,16.2,79.0,96.6,96.3,68.0,65.7,65.9,0.0,0.0,0.0,999.9,999.9,999.9,0,7.0,4.7
16585596,0723,81.8,80.6,82.1,57.2,47.2,46.4,999.9,898.2,909.6,9.9,14.0,15.2,10.2,7.8,7.7,13.0,16.5,15.8,99.0,96.5,95.7,66.2,65.8,66.1,0.0,0.0,0.0,999.9,999.9,999.9,0,7.0,4.7
16585596,0723,77.1,80.6,82.3,44.6,47.3,46.7,870.5,898.2,909.6,22.2,14.0,15.2,6.4,7.8,7.7,12.0,16.4,15.7,104.0,96.6,96.0,71.1,65.8,66.0,0.02,0.0,0.0,999.9,999.9,999.9,0,7.0,4.1
16585596,0723,88.8,80.6,82.2,57.2,47.3,46.2,871.0,897.5,909.6,10.0,14.1,15.6,5.3,7.8,7.6,20.0,16.4,15.7,98.1,96.6,96.3,71.1,65.9,66.1,0.0,0.0,0.0,999.9,999.9,999.9,2,7.0,3.5
16585596,0723,79.3,80.7,82.3,44.1,47.4,46.7,873.0,897.5,909.8,9.9,14.1,15.6,9.5,7.8,7.6,31.1,16.5,16.0,89.1,96.6,96.4,68.0,65.9,66.4,0.11,0.0,0.0,999.9,999.9,999.9,0,7.0,3.0
16585596,0723,80.9,80.7,82.3,57.5,47.4,46.8,871.4,897.5,909.9,9.7,14.0,15.6,6.2,7.8,7.5,14.0,16.5,16.6,95.0,96.6,96.0,73.9,65.9,66.6,0.03,0.0,0.0,999.9,999.9,999.9,18,6.9,2.4
16585596,0723,89.6,80.6,82.1,52.0,47.4,47.4,869.5,897.5,909.8,10.0,14.0,14.6,5.3,7.8,7.5,18.1,16.5,16.5,102.0,96.5,96.1,71.1,66.0,66.8,0.0,0.0,0.0,999.9,999.9,999.9,48,7.0,3.0
16585596,0723,74.2,80.7,82.4,41.6,47.5,48.0,999.9,896.8,909.7,10.0,14.0,14.6,10.2,7.8,7.4,26.0,16.5,16.8,79.0,96.6,96.3,73.0,66.0,67.2,0.11,0.0,0.0,999.9,999.9,999.9,18,7.3,4.6
16585596,0723,76.4,80.7,82.0,45.2,47.4,48.1,871.4,896.8,909.7,10.0,14.0,13.9,8.8,7.8,7.5,12.0,16.5,17.0,90.0,96.4,95.8,70.0,66.0,67.1,0.0,0.0,0.0,999.9,999.9,999.9,18,7.3,5.2
16585596,0723,85.4,80.7,81.9,46.5,47.5,48.1,999.9,896.8,909.6,9.7,14.0,13.9,6.4,7.8,7.5,15.9,16.5,16.7,93.9,96.4,95.7,71.1,66.1,66.9,0.0,0.0,0.0,999.9,999.9,999.9,0,7.3,5.2
16585596,0723,82.8,80.7,82.1,48.9,47.5,48.0,873.6,896.8,909.6,13.5,13.9,13.8,10.1,7.8,7.6,12.0,16.4,16.2,95.0,96.4,95.7,68.0,66.1,67.5,0.0,0.0,0.0,999.9,999.9,999.9,18,7.2,5.2
16585596,0723,79.9,80.7,82.1,54.6,47.5,48.2,875.8,896.8,909.7,10.0,13.8,13.7,7.8,7.8,7.6,15.9,16.4,15.6,99.0,96.4,95.5,66.0,66.1,67.7,0.0,0.0,0.0,999.9,999.9,999.9,16,7.3,5.8
16585596,0723,86.6,80.8,82.5,49.3,47.5,48.5,869.0,896.8,909.8,30.7,13.8,13.7,6.6,7.8,7.7,13.0,16.4,15.5,98.1,96.5,95.4,73.9,66.1,67.8,0.0,0.0,0.0,999.9,999.9,999.9,0,7.3,5.7
16585596,0723,79.9,80.8,82.8,52.0,47.5,49.0,999.9,896.8,909.8,9.9,13.9,13.7,9.5,7.8,7.7,15.9,16.4,15.6,93.9,96.5,95.5,66.0,66.1,67.7,0.17,0.0,0.0,999.9,999.9,999.9,18,7.3,5.7
16585596,0723,76.8,80.8,82.8,50.9,47.6,49.1,875.8,897.6,914.0,9.9,13.9,13.7,10.6,7.8,7.8,20.0,16.4,15.4,98.1,96.5,95.6,66.0,66.1,67.5,0.0,0.0,0.0,999.9,999.9,999.9,18,7.3,6.3
16585596,0723,81.1,80.8,82.4,34.9,47.6,48.9,873.0,897.6,914.3,10.0,13.9,13.7,6.5,7.8,7.8,13.0,16.4,15.4,102.0,96.5,95.9,66.9,66.1,67.5,0.0,0.0,0.0,999.9,999.9,999.9,0,7.3,6.9
16585596,0723,76.8,80.8,82.2,50.9,47.6,48.1,999.9,897.6,914.4,39.8,13.9,13.6,4.7,7.8,7.9,14.0,16.5,15.5,79.0,96.5,96.1,70.0,66.1,67.7,0.14,0.0,0.0,999.9,999.9,999.9,0,7.3,6.9
16585596,0723,89.2,80.8,81.9,45.2,47.5,48.6,870.5,897.6,918.7,10.0,13.9,14.6,5.3,7.8,7.8,34.0,16.5,15.5,102.0,96.4,95.6,66.2,66.1,67.7,0.0,0.0,0.0,999.9,999.9,999.9,18,7.3,6.9
16585596,0723,83.0,80.8,81.9,48.9,47.5,48.2,873.1,897.6,918.6,9.9,13.9,14.2,6.2,7.8,7.6,15.9,16.6,16.0,104.0,96.4,95.7,66.0,66.1,67.4,0.15,0.0,0.0,999.9,999.9,999.9,18,7.1,7.5
16585596,0723,80.3,80.8,81.9,47.1,47.6,48.0,869.0,897.6,914.4,9.9,13.9,14.2,10.2,7.8,7.6,15.9,16.6,16.1,104.0,96.4,95.8,62.1,66.1,67.4,0.0,0.0,0.0,999.9,999.9,999.9,0,7.1,8.1
16585596,0723,69.7,80.8,81.6,36.2,47.6,48.0,875.8,897.6,910.0,22.3,13.9,13.8,3.7,7.8,7.7,15.9,16.6,16.3,95.0,96.5,96.0,66.9,66.1,67.4,0.0,0.0,0.0,999.9,999.9,999.9,0,7.1,8.1
16585596,0723,87.8,80.7,81.2,47.1,47.5,47.5,871.5,897.6,905.9,10.0,13.9,14.2,6.6,7.8,7.5,11.1,16.6,16.5,99.0,96.5,96.0,71.1,66.1,67.4,0.0,0.0,0.0,999.9,999.9,999.9,0,7.1,8.1
16585596,0723,85.4,80.7,81.3,40.5,47.4,47.7,873.0,897.6,905.8,10.0,13.9,14.2,6.4,7.8,7.5,24.1,16.6,16.5,99.0,96.5,96.2,68.0,66.2,67.3,0.0,0.0,0.0,999.9,999.9,999.9,18,7.0,8.1
16585596,0723,85.4,80.8,81.6,57.5,47.4,47.7,873.6,897.6,905.8,9.8,13.7,13.8,5.6,7.7,7.3,8.9,16.7,16.9,95.0,96.5,96.2,71.1,66.2,67.6,0.02,0.0,0.0,999.9,999.9,999.9,48,7.1,8.7
16585596,0723,81.1,80.7,81.9,39.9,47.4,48.3,869.7,897.6,905.9,10.0,13.7,13.8,3.7,7.7,7.3,18.1,16.6,16.8,90.0,96.5,96.0,66.0,66.2,67.9,0.0,0.0,0.0,999.9,999.9,999.9,18,7.4,10.3
16585596,0723,77.5,80.8,81.7,48.9,47.3,48.1,873.5,897.6,901.6,20.3,13.7,13.8,10.1,7.7,7.3,17.1,16.6,17.0,102.0,96.4,95.8,72.0,66.2,67.9,0.0,0.0,0.0,999.9,999.9,999.9,18,7.5,10.9
16585596,0723,81.8,80.7,81.5,57.6,47.3,48.3,869.0,897.6,901.7,10.0,13.8,14.1,7.8,7.7,7.3,24.1,16.6,17.0,93.9,96.4,95.7,75.0,66.2,68.2,0.11,0.0,0.0,999.9,999.9,999.9,0,7.6,10.9
16585596,0723,62.0,80.7,81.2,45.2,47.4,48.5,870.0,897.6,897.3,41.0,13.7,13.7,8.7,7.7,7.3,24.1,16.6,17.2,90.0,96.4,95.5,64.9,66.3,68.7,0.17,0.0,0.0,999.9,999.9,999.9,48,7.5,10.9
16585596,0723,76.8,80.6,80.6,54.5,47.4,48.3,873.1,896.9,893.0,41.0,13.9,14.6,9.9,7.7,7.5,11.1,16.7,17.5,99.0,96.4,95.4,62.1,66.3,68.7,0.03,0.0,0.0,999.9,999.9,999.9,0,7.7,12.0
16585596,0723,89.2,80.6,80.6,50.2,47.4,48.4,871.0,896.9,893.1,41.0,14.1,15.7,10.1,7.7,7.5,10.1,16.7,17.4,79.0,96.3,95.7,66.0,66.3,68.6,0.0,0.0,0.0,999.9,999.9,999.9,0,7.6,12.0
16585596,0723,80.3,80.6,80.9,33.1,47.5,48.8,869.5,896.2,893.3,9.9,14.1,16.0,5.6,7.7,7.5,19.0,16.6,16.9,90.0,96.3,94.9,72.0,66.3,68.6,0.0,0.0,0.0,999.9,999.9,999.9,18,7.6,12.0
16585596,0723,69.7,80.6,80.9,49.3,47.5,48.0,999.9,896.2,893.2,9.7,14.1,16.0,8.8,7.7,7.5,14.0,16.6,17.2,90.0,96.3,95.2,62.1,66.3,68.7,0.0,0.0,0.0,999.9,999.9,999.9,2,7.7,12.6
16585596,0723,74.2,80.6,80.5,48.9,47.4,47.7,869.7,896.2,893.2,30.7,14.0,16.0,5.6,7.8,7.4,31.1,16.6,17.2,90.0,96.2,94.9,72.0,66.3,68.6,0.11,0.0,0.0,999.9,999.9,999.9,18,7.7,12.7
16585596,0723,69.7,80.5,80.4,54.1,47.4,47.9,873.0,896.2,893.2,30.7,14.1,16.3,4.7,7.8,7.4,20.0,16.7,17.8,93.0,96.2,94.5,62.1,66.3,68.6,0.0,0.0,0.0,999.9,999.9,999.9,0,7.8,13.3
16585596,0723,78.4,80.5,79.8,34.9,47.4,47.8,868.1,896.2,893.2,10.0,14.2,17.0,5.6,7.7,7.4,8.9,16.7,17.8,79.0,96.2,94.3,64.9,66.3,68.3,0.0,0.0,0.0,999.9,999.9,999.9,18,7.8,13.2
16585596,0723,81.8,80.5,79.7,48.9,47.4,47.4,870.4,896.2,893.1,9.7,14.2,17.0,4.7,7.7,7.2,12.0,16.6,17.1,99.0,96.1,94.0,75.9,66.3,68.2,0.0,0.0,0.0,999.9,999.9,999.9,0,7.9,13.8
16585596,0723,76.7,80.5,79.8,55.9,47.4,47.2,870.5,896.2,893.0,22.2,14.2,17.0,6.2,7.7,7.2,10.1,16.6,17.0,88.7,96.1,94.1,54.0,66.4,68.3,0.0,0.0,0.0,999.9,999.9,999.9,0,7.9,13.2
16585596,0723,89.2,80.5,79.3,46.5,47.4,47.3,869.6,896.1,893.1,22.2,14.2,17.4,4.7,7.7,7.2,13.0,16.6,16.8,95.0,96.1,93.7,71.1,66.3,67.7,0.0,0.0,0.0,999.9,999.9,999.9,18,7.9,11.6
16585596,0723,81.8,80.5,79.8,58.4,47.5,47.5,869.6,896.2,888.7,10.0,14.3,17.8,5.6,7.7,7.0,26.0,16.6,16.3,88.7,96.1,94.2,73.9,66.3,67.6,0.0,0.0,0.0,999.9,999.9,999.9,0,8.0,11.6
16585596,0723,85.2,80.6,80.0,47.1,47.5,47.9,870.4,896.2,888.7,9.9,14.3,17.8,6.6,7.6,6.9,13.0,16.7,16.8,79.0,96.0,94.1,62.1,66.4,67.8,0.0,0.0,0.0,999.9,999.9,999.9,2,7.9,11.0
16585596,0723,86.8,80.6,80.0,54.6,47.6,47.9,870.5,896.2,884.4,10.0,14.3,17.8,8.7,7.6,6.9,15.9,16.7,16.7,93.0,96.0,93.6,61.0,66.3,67.5,0.0,0.0,0.0,999.9,999.9,999.9,16,7.8,11.1
16585596,0723,88.8,80.7,80.1,55.9,47.6,48.1,999.9,896.2,884.2,13.5,14.3,17.7,5.6,7.6,6.9,13.0,16.7,16.8,95.0,96.0,93.6,66.0,66.3,67.2,0.14,0.0,0.0,999.9,999.9,999.9,18,7.9,11.0
16585596,0723,81.1,80.7,80.4,44.6,47.6,48.1,869.5,896.9,888.4,41.0,14.3,17.8,6.9,7.6,6.8,14.0,16.7,16.7,102.9,96.0,93.4,57.0,66.3,67.2,0.0,0.0,0.0,999.9,999.9,999.9,18,7.9,11.1
16585596,0723,79.3,80.7,80.3,49.2,47.6,48.0,870.5,896.9,888.4,9.9,14.5,18.1,6.6,7.6,6.8,20.0,16.6,16.8,102.9,96.1,93.6,57.9,66.2,66.7,0.0,0.0,0.0,999.9,999.9,999.9,0,8.0,11.7
16585596,0723,82.8,80.7,80.2,37.5,47.6,47.9,873.0,896.9,884.1,10.0,14.5,18.1,8.2,7.6,6.7,17.1,16.6,16.9,102.9,96.1,93.9,73.0,66.2,66.4,0.0,0.0,0.0,999.9,999.9,999.9,0,7.9,11.1
16585596,0723,86.6,80.7,80.4,34.9,47.5,47.5,999.9,896.9,884.0,9.8,14.5,18.1,6.2,7.6,6.7,15.9,16.7,16.8,87.1,96.2,94.1,66.0,66.2,66.6,0.0,0.0,0.0,999.9,999.9,999.9,0,7.9,10.5
16585596,0723,79.9,80.7,80.6,41.4,47.5,47.5,999.9,897.6,888.2,10.0,14.5,18.1,10.2,7.6,6.6,11.1,16.7,16.9,100.0,96.1,93.6,71.1,66.2,66.6,0.0,0.0,0.0,999.9,999.9,999.9,18,7.9,10.5
16585596,0723,82.3,80.8,80.7,57.5,47.4,47.1,872.4,898.3,888.2,9.7,14.4,17.1,6.5,7.6,6.8,12.0,16.7,16.8,102.0,96.1,94.3,62.1,66.2,66.7,0.02,0.0,0.0,999.9,999.9,999.9,0,8.0,11.1
16585596,0723,88.1,80.9,80.5,37.5,47.4,47.5,999.9,898.3,888.3,9.7,14.4,17.1,9.5,7.6,6.9,13.0,16.7,16.1,93.0,96.2,94.3,73.9,66.2,66.5,0.0,0.0,0.0,999.9,999.9,999.9,0,8.0,10.5
16585596,0723,83.0,80.9,80.7,47.2,47.3,47.2,999.9,899.0,892.5,30.7,14.4,17.1,10.2,7.6,7.0,10.1,16.6,16.0,100.0,96.2,93.9,66.9,66.2,66.8,0.0,0.0,0.0,999.9,999.9,999.9,0,7.9,9.9
16585596,0723,77.1,81.0,80.7,41.6,47.4,47.2,868.1,899.0,896.9,10.0,14.4,17.8,8.8,7.6,7.0,26.0,16.5,15.8,102.9,96.2,93.8,70.0,66.2,66.9,0.11,0.0,0.0,999.9,999.9,999.9,18,7.9,9.9
16585596,0723,86.6,81.0,81.0,44.6,47.4,47.3,870.5,899.0,896.6,10.0,14.4,17.4,7.8,7.6,7.1,15.0,16.6,16.1,100.0,96.2,94.0,66.0,66.2,67.0,0.0,0.0,0.0,999.9,999.9,999.9,18,8.0,10.5
16585596,0723,81.1,81.0,81.0,49.3,47.4,47.3,872.9,899.0,896.6,22.3,14.4,17.4,4.9,7.7,7.2,15.0,16.6,16.3,99.0,96.2,94.1,62.2,66.3,66.9,0.0,0.0,0.0,999.9,999.9,999.9,18,8.1,11.1
16585596,0723,78.4,80.9,80.8,55.6,47.4,47.6,869.5,898.3,896.6,10.0,14.5,17.8,5.3,7.6,7.1,18.1,16.5,16.0,89.1,96.2,94.1,64.9,66.2,66.7,0.11,0.0,0.0,999.9,999.9,999.9,0,8.2,11.1
16585596,0723,88.1,80.9,80.6,45.0,47.4,47.5,871.5,898.3,896.4,9.7,14.3,17.8,10.4,7.6,7.1,14.0,16.5,16.3,79.0,96.1,93.9,71.1,66.1,66.5,0.0,0.0,0.0,999.9,999.9,999.9,18,8.2,9.5
16585596,0723,80.9,80.9,80.8,45.2,47.4,47.7,871.5,898.3,896.5,10.0,14.2,17.8,6.5,7.6,7.3,34.0,16.5,16.1,89.1,96.0,93.5,66.0,66.2,66.6,0.0,0.0,0.0,999.9,999.9,999.9,18,8.2,9.5
16585596,0723,81.1,80.9,80.9,57.6,47.4,47.5,868.1,898.3,896.4,10.0,14.2,17.5,6.9,7.6,7.2,8.9,16.6,16.7,99.0,96.0,93.1,71.1,66.2,66.4,0.0,0.0,0.0,999.9,999.9,999.9,0,8.2,9.5
16585596,0723,74.2,80.9,80.9,37.5,47.4,47.5,873.6,898.3,896.4,10.0,14.2,17.5,6.9,7.6,7.2,22.0,16.6,16.2,95.0,96.0,93.2,71.1,66.2,66.3,0.0,0.0,0.0,999.9,999.9,999.9,0,8.2,9.5
16585596,0723,79.9,80.9,81.3,36.2,47.4,47.3,873.0,897.6,896.5,10.0,14.2,16.4,5.3,7.6,7.1,18.1,16.6,16.1,104.0,96.0,93.4,63.0,66.3,66.5,0.0,0.0,0.0,999.9,999.9,999.9,0,8.2,7.9
16585596,0723,69.7,80.9,81.4,45.0,47.4,46.7,869.5,897.6,896.5,20.3,14.1,15.4,6.6,7.6,7.0,18.1,16.6,16.3,93.9,96.0,93.6,61.0,66.3,66.5,0.15,0.0,0.0,999.9,999.9,999.9,18,8.2,7.9
16585596,0723,79.9,80.9,80.8,54.5,47.4,46.5,870.4,897.6,896.5,39.8,14.1,14.7,10.2,7.6,6.9,34.0,16.6,16.6,89.1,96.0,94.1,66.0,66.3,66.4,0.0,0.0,0.0,999.9,999.9,999.9,0,8.2,8.5
16585596,0723,78.4,80.9,80.7,47.1,47.3,47.2,999.9,896.9,896.5,10.0,14.3,15.7,4.7,7.6,7.0,19.0,16.7,17.1,93.0,96.0,94.0,72.0,66.3,66.2,0.0,0.0,0.0,999.9,999.9,999.9,0,8.2,7.9
16585596,0723,81.8,80.9,81.0,55.6,47.3,47.1,875.8,897.6,896.5,10.0,14.3,15.7,9.8,7.6,6.9,24.1,16.8,17.3,100.0,96.1,94.1,62.1,66.3,66.5,0.0,0.0,0.0,999.9,999.9,999.9,0,8.2,7.8
16585596,0723,79.9,80.9,81.3,54.6,47.3,47.4,870.4,897.6,896.7,9.8,14.2,15.0,11.6,7.6,7.0,34.0,16.8,17.0,104.0,96.0,94.5,62.1,66.2,66.2,0.33,0.0,0.0,999.9,999.9,999.9,18,8.2,7.2
16585596,0723,80.9,80.9,81.6,54.1,47.4,47.4,871.4,897.6,896.6,9.9,14.2,14.3,6.4,7.6,7.3,22.0,16.9,17.5,102.9,96.0,94.8,71.1,66.2,66.2,0.0,0.0,0.0,999.9,999.9,999.9,0,8.3,7.8
16585596,0723,78.3,80.9,81.7,54.6,47.4,48.0,872.4,897.6,896.7,10.0,14.1,14.3,6.4,7.6,7.3,13.0,16.9,17.9,93.0,96.1,95.6,75.0,66.2,66.4,0.0,0.0,0.0,999.9,999.9,999.9,0,8.2,7.2
16585596,0723,82.7,80.9,81.6,50.9,47.4,48.2,872.9,897.6,896.8,10.0,14.1,14.3,5.6,7.6,7.3,8.9,16.8,18.0,102.0,96.0,95.4,71.1,66.2,66.4,0.11,0.0,0.0,999.9,999.9,999.9,0,8.1,7.2
16585596,0723,86.6,80.9,81.8,36.2,47.4,48.0,871.0,897.6,896.9,10.0,14.1,13.9,5.6,7.6,7.3,12.0,16.8,17.9,93.0,96.1,95.9,66.0,66.2,66.9,0.0,0.0,0.0,999.9,999.9,999.9,0,8.1,7.2
16585596,0723,79.9,80.9,81.7,33.1,47.3,47.7,869.7,896.9,896.9,30.7,14.1,13.5,7.8,7.5,7.3,19.0,16.8,17.9,104.0,96.0,95.8,62.1,66.2,66.8,0.0,0.0,0.0,999.9,999.9,999.9,0,8.1,6.6
16585596,0723,83.0,80.9,81.6,37.5,47.3,46.9,869.7,896.9,896.9,20.3,14.3,14.2,10.2,7.6,7.4,13.0,16.8,17.7,95.0,96.1,96.3,66.0,66.2,66.4,0.0,0.0,0.0,999.9,999.9,999.9,18,8.1,6.6
16585596,0723,87.8,80.9,81.6,50.2,47.3,46.5,875.8,896.9,896.9,13.5,14.3,14.6,6.5,7.6,7.5,11.1,16.8,17.7,102.9,96.1,96.9,63.0,66.2,66.5,0.11,0.0,0.0,999.9,999.9,999.9,0,8.1,7.1
16585596,0723,81.1,81.0,81.6,54.1,47.3,46.4,870.5,896.9,897.1,9.9,14.3,14.7,9.9,7.5,7.5,14.0,16.8,17.5,99.0,96.1,97.2,63.0,66.2,66.6,0.33,0.0,0.0,999.9,999.9,999.9,0,8.0,6.6
16585596,0723,82.8,81.0,81.4,41.4,47.4,46.3,869.0,896.9,892.8,39.8,14.3,14.6,6.2,7.5,7.6,8.9,16.8,17.6,95.0,96.1,97.3,57.0,66.2,66.5,0.0,0.0,0.0,999.9,999.9,999.9,0,7.9,6.0
16585596,0723,80.7,81.0,81.4,50.9,47.4,46.2,872.4,896.9,892.8,9.7,14.4,14.5,10.2,7.5,7.6,13.0,16.7,17.4,99.0,96.1,97.1,71.1,66.2,66.5,0.0,0.0,0.0,999.9,999.9,999.9,0,7.8,5.4
16585596,0723,69.7,81.0,81.5,48.9,47.4,46.3,999.9,896.9,892.8,9.7,14.4,14.5,7.8,7.6,7.7,19.0,16.7,17.1,99.0,96.1,96.9,59.0,66.2,66.9,0.0,0.0,0.0,999.9,999.9,999.9,0,7.8,5.4
16585596,0723,88.1,80.9,81.0,41.2,47.4,46.7,870.0,897.6,897.0,9.9,14.4,14.5,4.9,7.6,7.7,19.0,16.7,17.2,89.1,96.2,96.8,66.2,66.2,66.4,0.11,0.0,0.0,999.9,999.9,999.9,0,7.5,5.4
16585596,0723,89.6,81.0,81.1,57.5,47.3,46.9,869.5,897.6,892.7,10.0,14.4,14.5,6.6,7.6,7.7,24.1,16.8,17.3,93.9,96.1,96.9,57.9,66.2,66.4,0.02,0.0,0.0,999.9,999.9,999.9,18,7.5,5.4
16585596,0723,77.1,81.0,81.4,54.6,47.4,47.4,999.9,897.6,888.4,20.3,14.4,14.5,8.1,7.5,7.5,19.0,16.8,17.7,91.9,96.1,96.7,62.2,66.1,66.0,0.0,0.0,0.0,999.9,999.9,999.9,0,7.5,5.4
16585596,0723,83.0,80.9,81.2,48.9,47.5,47.3,871.5,898.3,892.6,10.0,14.5,14.9,5.3,7.6,7.6,11.1,16.8,18.0,99.0,96.1,96.3,62.1,66.1,66.0,0.0,0.0,0.0,999.9,999.9,999.9,18,7.5,5.4
16585596,0723,79.3,80.9,81.0,39.9,47.5,47.7,873.5,898.3,888.3,9.9,14.5,14.9,10.1,7.5,7.4,15.9,16.8,17.9,79.0,96.2,96.5,54.0,66.1,65.6,0.0,0.0,0.0,999.9,999.9,999.9,0,7.6,6.0
16585596,0723,87.8,80.9,80.9,41.4,47.5,47.4,870.4,897.6,884.1,10.0,14.5,14.2,6.5,7.5,7.4,15.0,16.8,18.1,91.9,96.1,95.8,62.1,66.0,65.2,0.15,0.0,0.0,999.9,999.9,999.9,0,7.5,6.0
16585596,0723,76.4,81.0,81.3,37.5,47.5,47.4,872.7,897.6,884.2,10.0,14.5,14.2,6.2,7.5,7.4,13.0,16.8,17.7,102.9,96.1,95.5,66.0,66.1,64.9,0.02,0.0,0.0,999.9,999.9,999.9,18,7.5,5.4
16585596,0723,76.4,80.9,80.9,44.6,47.4,47.2,871.0,897.6,884.3,10.0,14.5,14.2,6.2,7.5,7.3,15.9,16.7,17.7,93.0,96.2,95.6,61.0,66.1,64.9,0.0,0.0,0.0,999.9,999.9,999.9,0,7.6,5.4
16585596,0723,83.0,80.9,80.8,33.1,47.4,47.0,869.6,896.9,884.2,41.0,14.5,13.8,10.2,7.5,7.4,34.0,16.7,17.7,93.9,96.2,95.4,63.0,66.0,64.9,0.0,0.0,0.0,999.9,999.9,999.9,0,7.6,4.8
16585596,0723,88.8,80.9,80.9,55.6,47.3,46.3,871.5,896.9,884.2,10.0,14.7,14.8,6.6,7.5,7.5,26.0,16.9,18.2,98.1,96.1,95.5,59.0,66.1,64.8,0.15,0.0,0.0,999.9,999.9,999.9,18,7.6,4.8
16585596,0723,80.3,81.0,81.0,50.2,47.3,46.6,873.0,896.9,884.2,10.0,14.7,14.8,4.9,7.5,7.4,22.0,16.9,18.6,93.0,96.2,96.2,66.9,66.1,64.4,0.0,0.0,0.0,999.9,999.9,999.9,0,7.7,4.8
16585596,0723,89.6,80.9,80.9,41.2,47.4,46.8,872.4,896.9,884.3,9.8,14.7,14.8,8.7,7.5,7.3,13.0,17.0,18.2,99.0,96.1,96.3,54.0,66.1,64.4,0.0,0.0,0.0,999.9,999.9,999.9,0,7.7,4.2
16585596,0723,79.3,81.0,81.2,52.0,47.3,46.3,872.4,896.9,884.4,13.5,14.7,14.8,6.2,7.5,7.4,19.0,16.9,18.4,100.0,96.1,96.3,62.2,66.1,63.9,0.0,0.0,0.0,999.9,999.9,999.9,0,7.7,4.2
16585596,0723,87.8,81.0,81.4,57.6,47.3,46.8,999.9,896.9,884.4,10.0,14.5,14.9,7.8,7.5,7.4,17.1,16.9,18.3,93.0,96.2,96.5,66.0,66.0,63.6,0.01,0.0,0.0,999.9,999.9,999.9,0,7.7,4.2
16585596,0723,81.1,81.0,81.7,55.9,47.4,47.5,871.4,897.7,888.6,10.0,14.5,14.9,6.6,7.5,7.5,15.9,17.0,18.2,90.0,96.2,96.1,62.1,66.0,63.7,0.0,0.0,0.0,999.9,999.9,999.9,18,7.6,4.2
16585596,0723,80.7,81.0,82.0,49.2,47.5,47.8,872.4,897.7,888.7,10.0,14.5,14.6,10.2,7.5,7.5,19.0,17.0,18.2,95.0,96.2,96.0,62.1,66.1,63.7,0.0,0.0,0.0,999.9,999.9,999.9,0,7.7,4.2
16585596,0723,69.7,80.9,82.1,54.1,47.5,47.7,868.1,897.7,888.7,9.9,14.5,13.6,6.3,7.5,7.5,11.1,17.0,17.7,98.1,96.3,96.2,72.0,66.1,63.6,0.17,0.0,0.0,999.9,999.9,999.9,0,7.6,4.2
16585596,0723,88.1,80.9,81.8,58.4,47.6,47.9,870.4,897.7,884.3,10.0,14.5,13.6,6.9,7.5,7.5,18.1,17.0,17.4,87.1,96.3,96.3,57.0,66.1,63.6,0.0,0.0,0.1,999.9,999.9,999.9,16,7.6,4.2
16585596,0723,69.7,80.9,82.0,41.6,47.7,48.0,869.0,897.7,884.2,9.8,14.5,13.6,5.3,7.5,7.4,10.1,17.0,17.2,93.9,96.3,95.9,73.9,66.1,63.4,0.0,0.0,0.1,999.9,999.9,999.9,18,7.7,4.7
16585596,0723,78.4,80.9,81.6,36.2,47.7,47.5,868.1,896.9,884.1,10.0,14.5,13.6,6.2,7.5,7.2,31.1,17.0,16.4,102.9,96.4,95.6,73.9,66.2,63.8,0.0,0.0,0.0,999.9,999.9,999.9,18,7.7,4.7
16585596,0723,76.7,80.8,81.6,48.9,47.6,47.0,866.4,896.9,884.0,9.8,14.5,13.6,8.7,7.5,7.2,24.3,17.1,16.7,93.9,96.4,95.6,66.9,66.3,63.9,0.0,0.0,0.0,999.9,999.9,999.9,0,7.8,5.3
16585596,0723,77.5,80.8,81.5,44.1,47.7,46.8,870.4,896.9,883.8,10.0,14.5,13.6,8.7,7.4,7.3,31.1,17.1,17.1,91.9,96.4,95.6,66.0,66.3,63.6,0.11,0.0,0.0,999.9,999.9,999.9,0,7.8,5.3
16585596,0723,81.8,80.8,81.3,45.2,47.7,46.5,866.4,896.9,883.7,10.0,14.5,13.6,8.7,7.5,7.4,13.0,17.2,17.8,95.0,96.4,95.2,70.0,66.3,63.5,0.0,0.0,0.0,999.9,999.9,999.9,18,7.7,5.3
16585596,0723,80.3,80.8,81.2,48.9,47.6,46.8,999.9,896.9,883.6,20.3,14.5,13.6,8.2,7.5,7.5,18.1,17.2,17.9,93.0,96.4,95.3,62.1,66.3,63.6,0.11,0.0,0.0,999.9,999.9,999.9,0,7.7,5.9
16585596,0723,62.0,80.7,81.2,50.2,47.6,47.4,873.5,897.6,887.9,10.0,14.5,13.2,6.4,7.5,7.5,13.0,17.2,17.8,99.0,96.3,94.9,59.0,66.2,63.6,0.0,0.0,0.0,999.9,999.9,999.9,18,7.7,5.9
16585596,0723,79.9,80.7,80.5,50.9,47.6,47.8,872.4,897.6,888.0,9.7,14.5,12.9,6.2,7.5,7.4,19.0,17.2,17.8,93.9,96.3,95.1,73.9,66.2,63.4,0.0,0.0,0.0,999.9,999.9,999.9,0,7.8,5.9
16585596,0723,76.4,80.6,80.2,55.9,47.6,47.8,870.0,897.6,887.9,10.0,14.4,12.8,6.9,7.5,7.4,26.0,17.2,18.1,79.0,96.2,94.8,71.1,66.2,63.7,0.0,0.0,0.0,999.9,999.9,999.9,18,7.7,5.9
16585596,0723,81.1,80.6,80.1,48.9,47.6,47.9,873.1,897.6,887.9,10.0,14.3,12.8,10.1,7.5,7.3,13.0,17.2,18.5,99.0,96.2,94.1,75.0,66.2,64.0,0.0,0.0,0.0,999.9,999.9,999.9,0,7.7,6.5
16585596,0723,80.3,80.6,80.0,54.5,47.6,48.1,872.4,897.6,888.0,10.0,14.3,11.8,4.9,7.5,7.4,8.9,17.3,18.6,93.9,96.1,94.2,70.0,66.3,64.6,0.0,0.0,0.0,999.9,999.9,999.9,0,7.7,6.5
16585596,0723,79.9,80.6,80.0,36.2,47.6,48.2,873.0,896.9,888.0,9.8,14.3,11.8,6.6,7.5,7.2,12.0,17.2,18.5,104.0,96.1,94.1,62.2,66.3,64.6,0.0,0.0,0.0,999.9,999.9,999.9,0,7.7,6.5
16585596,0723,82.3,80.6,80.3,54.6,47.5,47.8,872.4,896.9,883.8,10.0,14.2,11.8,6.9,7.5,7.2,24.3,17.2,18.3,102.0,96.1,94.2,66.0,66.2,64.7,0.0,0.0,0.0,999.9,999.9,999.9,0,7.7,6.5
16585596,0723,77.5,80.7,80.1,33.1,47.5,48.3,873.1,896.2,883.9,10.0,14.2,11.8,10.1,7.5,7.2,11.1,17.2,18.4,95.0,96.2,94.7,66.0,66.3,64.7,0.03,0.0,0.0,999.9,999.9,999.9,0,7.6,6.5
16585596,0723,76.8,80.6,79.7,50.9,47.4,47.4,870.5,896.2,884.0,10.0,14.2,11.8,6.3,7.5,7.4,20.0,17.1,18.0,95.0,96.2,94.7,54.0,66.3,64.9,0.0,0.0,0.0,999.9,999.9,999.9,0,7.6,5.9
16585596,0723,82.7,80.6,79.7,40.5,47.5,47.3,869.5,896.2,879.7,9.7,14.1,11.4,11.6,7.5,7.3,22.0,17.1,18.0,93.0,96.2,94.8,62.1,66.2,64.7,0.0,0.0,0.0,999.9,999.9,999.9,0,7.5,5.9
16585596,0723,79.9,80.6,79.7,41.4,47.6,47.0,999.9,896.2,879.6,10.0,14.1,11.4,4.7,7.5,7.5,34.0,17.1,18.4,93.9,96.1,94.6,62.1,66.1,64.7,0.0,0.0,0.0,999.9,999.9,999.9,0,7.4,5.3
16585596,0723,89.2,80.6,79.7,54.1,47.6,47.1,873.0,896.9,883.8,10.0,14.1,11.4,9.8,7.5,7.3,10.1,17.2,19.0,102.9,96.1,95.1,66.2,66.1,64.9,0.0,0.0,0.0,999.9,999.9,999.9,0,7.3,5.3
16585596,0723,87.8,80.6,79.8,33.1,47.6,47.5,873.6,896.9,883.9,10.0,14.2,11.4,6.2,7.5,7.4,19.0,17.2,18.8,102.9,96.1,95.5,62.1,66.1,65.1,0.0,0.0,0.0,999.9,999.9,999.9,0,7.2,5.3
16585596,0723,80.9,80.6,80.2,49.3,47.5,47.4,869.5,896.2,884.0,10.0,14.2,11.4,10.1,7.5,7.4,12.0,17.2,19.0,93.0,96.1,95.5,54.0,66.0,64.9,0.0,0.0,0.0,999.9,999.9,999.9,18,7.2,4.7
16585596,0723,81.1,80.6,80.3,55.9,47.5,47.5,869.5,896.2,883.9,10.0,14.2,11.4,5.3,7.5,7.6,26.0,17.2,18.9,89.1,96.1,95.5,75.9,65.9,64.7,0.0,0.0,0.0,999.9,999.9,999.9,0,7.3,5.3
16585596,0723,81.1,80.6,80.3,49.3,47.6,48.3,873.6,896.2,883.9,41.0,14.2,10.4,5.6,7.5,7.4,13.0,17.3,18.6,95.0,96.0,95.3,64.9,66.0,65.1,0.0,0.0,0.0,999.9,999.9,999.9,16,7.1,5.3
16585596,0723,79.3,80.6,80.0,57.5,47.6,48.1,999.9,896.2,884.0,10.0,14.3,11.4,8.1,7.5,7.4,19.0,17.3,18.2,102.0,96.1,95.2,64.9,66.0,65.3,0.17,0.0,0.0,999.9,999.9,999.9,18,7.0,5.3
16585596,0723,80.7,80.6,80.0,34.9,47.6,48.3,870.4,897.0,888.2,9.9,14.3,11.4,7.8,7.5,7.5,11.1,17.2,18.1,95.0,96.1,95.5,70.0,66.0,65.3,0.01,0.0,0.0,999.9,999.9,999.9,18,7.1,5.9
16585596,0723,79.9,80.7,79.7,40.5,47.5,48.1,870.0,897.0,888.1,9.9,14.3,11.4,7.8,7.5,7.4,18.1,17.1,18.0,102.0,96.1,95.4,63.0,66.0,65.8,0.0,0.0,0.0,999.9,999.9,999.9,0,7.1,6.5
16585596,0723,85.2,80.7,79.7,36.2,47.5,47.7,870.4,897.0,888.1,14.9,14.2,11.3,5.1,7.5,7.5,8.9,17.1,18.0,104.0,96.1,95.4,66.9,65.9,65.8,0.02,0.0,0.0,999.9,999.9,999.9,18,7.0,6.5
16585596,0723,69.7,80.7,79.6,57.5,47.4,47.0,870.4,896.9,883.7,10.0,14.2,11.5,8.7,7.5,7.4,8.9,17.1,17.7,95.0,96.1,95.8,72.0,65.9,65.8,0.0,0.0,0.0,999.9,999.9,999.9,0,7.1,7.1
16585596,0723,86.8,80.6,79.2,48.9,47.4,47.1,869.5,896.9,883.7,10.0,14.0,11.5,6.2,7.5,7.5,10.1,17.0,17.5,88.7,96.1,96.0,62.1,65.9,66.2,0.03,0.0,0.0,999.9,999.9,999.9,16,7.0,6.5
16585596,0723,89.6,80.7,79.4,37.5,47.4,47.1,869.0,896.9,883.6,9.9,14.0,11.5,6.9,7.5,7.3,18.1,16.9,17.2,87.1,96.0,95.8,62.2,66.0,66.2,0.0,0.0,0.0,999.9,999.9,999.9,0,7.1,7.0
16585596,0723,79.9,80.8,80.1,41.2,47.3,46.5,869.5,896.9,883.6,10.0,14.0,11.5,9.8,7.5,7.4,15.9,17.0,17.4,88.7,95.9,95.4,64.9,66.0,65.8,0.0,0.0,0.0,999.9,999.9,999.9,0,7.0,7.0
16585596,0723,85.4,80.8,79.8,54.1,47.3,45.9,875.8,896.9,883.6,9.9,14.0,11.5,6.2,7.5,7.5,18.1,17.0,17.4,99.0,95.9,95.5,73.9,66.0,66.1,0.0,0.0,0.0,999.9,999.9,999.9,0,7.0,6.5
16585596,0723,78.4,80.8,80.3,45.0,47.4,46.3,999.9,896.2,883.8,10.0,14.0,11.5,10.2,7.5,7.5,14.0,17.0,17.6,98.1,95.9,95.6,66.2,66.1,66.1,0.0,0.0,0.0,999.9,999.9,999.9,0,7.0,5.9
16585596,0723,80.7,80.8,80.3,41.6,47.4,46.6,870.5,896.9,888.2,9.9,14.1,11.5,9.6,7.5,7.6,20.0,17.0,17.1,102.0,95.9,95.5,66.9,66.0,65.9,0.03,0.0,0.0,999.9,999.9,999.9,0,6.9,5.3
16585596,0723,74.2,80.8,80.5,47.1,47.3,46.4,873.1,896.9,888.4,30.7,14.0,11.5,6.6,7.5,7.7,19.0,17.0,16.9,90.0,95.9,95.7,73.0,66.0,65.9,0.17,0.0,0.0,999.9,999.9,999.9,18,6.9,5.3
16585596,0723,88.1,80.8,80.4,58.4,47.3,46.5,999.9,896.2,888.5,10.0,14.1,12.2,11.6,7.5,7.6,15.9,17.0,16.5,95.0,95.9,95.7,73.0,66.1,66.1,0.11,0.0,0.0,999.9,999.9,999.9,18,7.0,5.9
16585596,0723,76.8,80.8,80.6,45.2,47.4,46.9,873.0,896.9,892.9,10.0,14.0,12.2,6.5,7.5,7.7,18.1,17.1,16.6,93.0,95.8,95.7,66.9,66.1,66.2,0.33,0.0,0.0,999.9,999.9,999.9,48,7.1,5.9
16585596,0723,81.1,80.7,80.5,44.6,47.4,46.8,872.9,896.2,888.7,9.9,14.0,11.8,9.9,7.5,7.6,19.0,17.0,16.6,99.0,95.8,95.7,59.0,66.1,66.3,0.01,0.0,0.0,999.9,999.9,999.9,16,7.4,7.5
16585596,0723,82.7,80.7,81.1,58.4,47.4,46.6,869.0,896.3,888.7,10.0,14.0,11.8,9.9,7.5,7.7,11.1,17.0,16.8,93.0,95.8,95.7,75.0,66.1,66.3,0.0,0.0,0.0,999.9,999.9,999.9,0,7.5,7.4
16585596,0723,81.1,80.8,81.2,39.9,47.5,46.9,873.6,895.5,888.5,10.0,14.0,11.8,8.2,7.6,7.9,11.1,17.0,16.6,99.0,95.7,95.6,70.0,66.1,66.4,0.0,0.0,0.0,999.9,999.9,999.9,0,7.4,7.4
16585596,0723,89.2,80.8,81.3,45.2,47.5,46.3,999.9,895.5,888.7,10.0,14.0,11.8,10.2,7.6,7.9,13.0,17.0,16.1,93.9,95.7,96.3,75.9,66.2,66.3,0.11,0.0,0.0,999.9,999.9,999.9,0,7.3,6.8
16585596,0723,80.9,80.9,81.6,58.4,47.4,46.2,872.9,895.5,892.9,9.9,14.0,11.8,5.3,7.6,7.9,34.0,16.9,16.1,99.0,95.7,96.1,61.0,66.2,66.4,0.0,0.0,0.0,999.9,999.9,999.9,18,7.3,6.8
16585596,0723,82.7,80.9,81.6,44.1,47.5,46.4,873.5,895.5,892.9,39.8,14.0,11.8,8.2,7.5,7.9,24.3,17.1,16.9,102.0,95.7,96.3,70.0,66.2,66.1,0.0,0.0,0.0,999.9,999.9,999.9,0,7.4,7.4
16585596,0723,79.3,80.9,81.7,44.1,47.4,46.6,873.1,895.6,892.9,10.0,14.1,12.8,5.6,7.5,8.0,24.1,17.1,17.3,98.1,95.7,96.2,64.9,66.1,66.3,0.0,0.0,0.0,999.9,999.9,999.9,18,7.4,7.4
16585596,0723,76.8,81.0,81.6,41.2,47.4,46.3,872.4,895.6,892.9,10.0,14.1,12.8,6.6,7.5,7.9,10.1,17.1,17.3,95.0,95.7,96.1,64.9,66.2,66.3,0.0,0.0,0.0,999.9,999.9,999.9,18,7.5,8.0
16585596,0723,81.1,81.0,81.6,45.2,47.4,46.5,869.7,894.9,892.9,13.5,14.1,12.8,10.6,7.5,7.8,13.0,17.0,17.3,95.0,95.6,96.1,61.0,66.2,66.3,0.0,0.0,0.0,999.9,999.9,999.9,0,7.6,8.6
16585596,0723,89.6,80.9,81.7,58.4,47.4,46.3,870.0,894.9,892.9,39.8,14.1,13.0,9.8,7.5,8.0,17.1,17.0,17.0,102.0,95.6,96.1,61.0,66.2,66.5,0.0,0.0,0.0,999.9,999.9,999.9,18,7.6,8.6
16585596,0723,87.8,81.0,82.0,49.3,47.4,46.9,999.9,894.9,892.9,14.9,14.3,14.0,6.9,7.5,7.9,13.0,17.0,16.9,95.0,95.6,96.4,73.9,66.1,66.5,0.0,0.0,0.0,999.9,999.9,999.9,18,7.7,9.2
16585596,0723,78.4,81.0,82.2,41.2,47.4,47.2,873.1,895.6,892.9,10.0,14.3,14.1,8.1,7.5,8.0,24.1,17.0,16.2,102.0,95.6,96.5,61.0,66.2,66.9,0.11,0.0,0.0,999.9,999.9,999.9,18,7.5,9.8
16585596,0723,89.6,81.0,81.9,41.4,47.3,46.8,872.4,895.6,892.9,10.0,14.3,14.1,10.6,7.5,7.9,12.0,17.1,16.6,104.0,95.6,96.4,73.9,66.1,66.7,0.0,0.0,0.0,999.9,999.9,999.9,18,7.5,10.4
16585596,0723,76.4,81.1,81.9,58.4,47.3,47.1,869.5,895.6,892.9,39.8,14.3,14.1,7.8,7.5,8.1,8.9,17.1,16.4,95.0,95.6,96.5,66.9,66.2,67.1,0.0,0.0,0.0,999.9,999.9,999.9,18,7.5,11.0
16585596,0723,62.0,81.1,81.8,57.5,47.4,47.4,869.0,895.5,892.9,9.9,14.5,15.1,5.6,7.5,8.0,10.1,17.0,16.3,99.0,95.6,96.5,68.0,66.1,67.5,0.0,0.0,0.0,999.9,999.9,999.9,18,7.6,11.0
16585596,0723,82.8,81.0,81.1,44.1,47.4,47.4,999.9,894.8,892.9,9.9,14.5,15.1,9.3,7.5,8.0,15.0,17.0,15.8,99.0,95.6,96.9,57.0,66.2,67.2,0.0,0.0,0.0,999.9,999.9,999.9,0,7.6,11.6
16585596,0723,62.0,81.0,81.2,34.9,47.4,47.2,870.4,895.5,897.1,14.9,14.5,14.1,10.6,7.5,8.1,17.1,17.0,15.8,104.0,95.6,97.0,70.0,66.2,67.0,0.0,0.0,0.0,999.9,999.9,999.9,0,7.5,11.1
16585596,0723,76.8,80.9,80.6,54.6,47.3,46.5,870.0,894.8,892.8,9.9,14.5,14.2,9.9,7.6,8.2,15.0,17.0,15.8,102.0,95.6,97.1,59.0,66.2,67.1,0.0,0.0,0.0,999.9,999.9,999.9,0,7.5,10.5
16585596,0723,82.7,80.9,80.5,41.6,47.4,47.1,866.4,894.8,892.7,10.0,14.5,14.2,6.9,7.6,8.3,15.9,16.9,15.9,95.0,95.6,97.3,59.0,66.2,66.8,0.03,0.0,0.0,999.9,999.9,999.9,18,7.5,9.9
16585596,0723,79.9,80.9,80.6,45.2,47.3,47.2,869.5,894.8,892.6,10.0,14.5,14.2,6.2,7.6,8.2,8.9,16.9,15.8,102.9,95.7,97.1,73.9,66.2,66.6,0.11,0.0,0.0,999.9,999.9,999.9,16,7.6,10.5
16585596,0723,82.3,80.9,80.4,54.6,47.3,47.5,872.9,894.8,892.6,30.7,14.4,14.1,9.9,7.6,8.3,12.0,16.9,15.8,79.0,95.7,97.0,64.9,66.2,66.9,0.0,0.0,0.0,999.9,999.9,999.9,0,7.7,10.4
16585596,0723,89.2,81.0,80.8,44.1,47.3,47.4,875.8,894.8,892.7,10.0,14.5,14.8,10.4,7.6,8.3,31.1,16.9,15.9,90.0,95.6,96.5,62.1,66.2,66.6,0.0,0.0,0.0,999.9,999.9,999.9,48,7.7,10.4
16585596,0723,69.7,81.0,80.9,55.9,47.3,47.2,870.4,894.1,892.9,10.0,14.5,14.8,8.1,7.6,8.5,18.1,16.9,16.6,93.0,95.6,96.5,75.0,66.2,66.6,0.0,0.0,0.0,999.9,999.9,999.9,0,8.0,11.5
16585596,0723,83.0,81.0,80.3,45.0,47.3,47.8,875.8,893.4,892.9,30.7,14.5,14.8,6.2,7.6,8.5,15.0,16.9,16.6,93.9,95.6,96.7,66.0,66.3,67.1,0.0,0.0,0.0,999.9,999.9,999.9,18,7.9,11.5
16585596,0723,86.8,81.0,80.4,54.5,47.2,48.0,999.9,893.4,893.1,9.9,14.6,15.5,9.3,7.6,8.4,13.0,17.0,16.6,95.0,95.6,96.9,54.0,66.2,67.1,0.11,0.0,0.0,999.9,999.9,999.9,0,7.9,12.1
16585596,0723,69.7,81.0,80.4,49.3,47.3,48.0,873.0,894.1,897.3,10.0,14.6,15.5,5.3,7.6,8.5,15.9,17.0,16.4,87.1,95.6,96.8,71.1,66.2,66.4,0.0,0.0,0.0,999.9,999.9,999.9,0,7.8,12.1
16585596,0723,88.1,81.0,80.1,50.9,47.3,48.1,873.6,894.2,893.0,10.0,14.6,15.5,10.1,7.5,8.3,31.1,17.0,16.5,90.0,95.5,96.4,62.1,66.3,66.6,0.0,0.0,0.0,999.9,999.9,999.9,0,7.7,12.1
16585596,0723,83.0,81.0,80.4,55.9,47.4,48.4,999.9,894.2,893.2,9.7,14.4,15.5,5.3,7.6,8.3,18.1,17.1,16.9,102.0,95.5,96.0,75.0,66.2,66.4,0.0,0.0,0.0,999.9,999.9,999.9,18,7.7,12.1
16585596,0723,76.4,81.0,80.7,41.6,47.5,48.7,873.0,894.9,897.4,10.0,14.4,14.8,8.2,7.5,8.3,18.1,17.1,16.8,102.9,95.5,96.4,66.0,66.3,66.5,0.0,0.0,0.0,999.9,999.9,999.9,0,7.8,12.1
16585596,0723,80.9,80.9,80.3,37.5,47.5,48.2,872.9,894.2,893.1,14.9,14.3,14.8,8.7,7.5,8.2,22.0,17.1,16.9,102.9,95.6,96.7,73.9,66.3,66.3,0.0,0.0,0.0,999.9,999.9,999.9,18,7.8,11.5
16585596,0723,76.8,80.9,80.4,55.9,47.5,47.9,875.8,894.1,893.1,9.9,14.3,14.9,5.6,7.5,8.3,14.0,17.1,17.0,93.0,95.6,97.0,75.0,66.3,66.5,0.0,0.0,0.0,999.9,999.9,999.9,18,7.8,10.5
16585596,0723,89.2,80.9,80.3,45.2,47.5,48.3,871.4,893.5,893.2,22.2,14.3,14.9,6.4,7.5,8.1,24.3,17.0,16.9,102.9,95.6,96.8,64.9,66.4,67.0,0.01,0.0,0.0,999.9,999.9,999.9,16,7.9,10.5
16585596,0723,82.3,81.0,80.5,55.9,47.5,47.8,873.0,893.5,893.3,13.5,14.3,15.3,10.4,7.5,8.0,22.0,17.0,17.3,104.0,95.6,97.1,54.0,66.4,66.7,0.0,0.0,0.0,999.9,999.9,999.9,18,8.0,11.1
16585596,0723,76.7,81.0,80.5,45.2,47.6,48.4,872.7,893.5,893.3,9.9,14.4,15.5,6.9,7.6,8.1,14.0,17.0,17.7,91.9,95.6,97.3,62.2,66.3,66.2,0.01,0.0,0.0,999.9,999.9,999.9,0,8.0,11.7
16585596,0723,62.0,81.0,80.1,57.2,47.7,48.4,875.8,893.5,889.1,10.0,14.2,15.5,9.5,7.6,8.0,17.1,17.0,17.7,99.0,95.6,97.2,62.1,66.3,65.7,0.33,0.0,0.0,999.9,999.9,999.9,0,8.0,11.7
16585596,0723,77.5,80.9,79.5,49.3,47.7,48.3,873.0,893.5,889.2,10.0,14.2,15.5,5.3,7.6,8.1,18.1,17.0,17.1,98.1,95.7,97.2,62.1,66.2,65.8,0.0,0.0,0.0,999.9,999.9,999.9,0,8.0,11.1
16585596,0723,74.2,80.9,79.3,34.9,47.7,48.5,999.9,893.5,889.1,20.3,14.2,14.5,6.9,7.6,8.0,26.0,17.0,16.9,100.0,95.7,97.1,61.0,66.2,65.5,0.14,0.0,0.0,999.9,999.9,999.9,0,8.0,11.1
16585596,0723,78.4,80.8,79.1,49.3,47.5,48.2,872.7,894.3,893.4,30.7,14.3,14.8,8.7,7.6,8.0,14.0,17.1,17.0,99.0,95.8,97.2,57.0,66.2,65.4,0.03,0.0,0.0,999.9,999.9,999.9,18,8.0,10.5
16585596,0723,80.9,80.7,79.2,39.9,47.6,48.5,872.4,894.3,893.4,10.0,14.4,15.5,6.5,7.6,8.1,22.0,17.1,17.1,99.0,95.8,97.3,66.0,66.1,65.1,0.0,0.0,0.0,999.9,999.9,999.9,0,8.1,10.5
16585596,0723,79.9,80.7,79.2,47.2,47.5,48.3,870.0,894.3,893.5,10.0,14.3,15.4,7.8,7.6,8.0,13.0,17.1,17.4,90.0,95.8,97.4,70.0,66.1,65.3,0.17,0.0,0.0,999.9,999.9,999.9,18,8.1,10.5
16585596,0723,80.7,80.7,78.8,54.1,47.5,47.9,869.5,893.5,893.5,9.9,14.3,14.4,5.6,7.6,7.9,24.1,17.1,17.3,89.1,95.7,97.0,64.9,66.1,65.6,0.0,0.0,0.0,999.9,999.9,999.9,0,8.2,10.5
16585596,0723,81.1,80.6,78.6,47.2,47.5,48.1,873.6,892.8,889.1,9.8,14.3,14.2,10.1,7.6,7.9,10.1,17.2,17.7,95.0,95.7,96.8,73.0,66.1,65.3,0.0,0.0,0.0,999.9,999.9,999.9,18,8.2,9.9
16585596,0723,81.1,80.6,78.7,45.0,47.5,48.3,871.4,892.1,889.1,10.0,14.3,14.2,5.3,7.6,7.9,8.9,17.2,17.2,95.0,95.7,96.6,61.0,66.1,65.7,0.0,0.0,0.0,999.9,999.9,999.9,0,8.3,9.9
16585596,0723,77.5,80.6,78.4,39.9,47.5,48.4,869.0,892.1,889.1,9.9,14.3,14.2,6.4,7.5,7.8,15.0,17.2,17.1,87.1,95.7,96.3,66.0,66.1,65.2,0.0,0.0,0.0,999.9,999.9,999.9,0,8.3,9.3
16585596,0723,62.0,80.6,78.5,41.4,47.5,47.8,868.1,892.1,889.1,10.0,14.2,13.2,5.6,7.5,7.7,19.0,17.2,17.3,102.9,95.6,96.0,62.1,66.1,65.2,0.0,0.0,0.0,999.9,999.9,999.9,0,8.3,8.7
16585596,0723,62.0,80.6,78.5,41.4,47.5,47.2,871.4,892.1,889.1,9.8,14.2,13.2,5.6,7.5,7.7,14.0,17.2,17.6,102.9,95.6,96.2,62.1,66.1,65.0,0.0,0.0,0.0,999.9,999.9,999.9,0,8.3,8.1
16585596,0723,86.8,80.4,77.8,58.4,47.5,47.2,872.4,891.4,884.8,9.9,14.2,13.2,8.8,7.5,7.6,19.0,17.2,17.6,87.1,95.7,96.3,70.0,66.1,65.2,0.11,0.0,0.0,999.9,999.9,999.9,18,8.3,8.1
16585596,0723,77.1,80.4,78.6,44.6,47.6,47.9,999.9,891.4,884.8,13.5,14.2,13.1,5.6,7.5,7.5,10.1,17.2,17.6,104.0,95.6,95.7,73.0,66.1,65.2,0.0,0.0,0.0,999.9,999.9,999.9,0,8.3,8.7
16585596,0723,79.9,80.4,78.6,34.9,47.5,47.6,999.9,891.4,889.2,9.9,14.1,13.2,7.8,7.5,7.4,22.0,17.2,17.5,95.0,95.6,95.8,71.1,66.2,65.6,0.14,0.0,0.0,999.9,999.9,999.9,0,8.3,8.7
16585596,0723,77.5,80.3,78.5,44.6,47.4,47.4,873.6,891.4,893.6,10.0,14.1,13.2,6.5,7.5,7.4,14.0,17.2,17.7,104.0,95.6,95.8,61.0,66.2,66.0,0.0,0.0,0.0,999.9,999.9,999.9,18,8.2,8.1
16585596,0723,82.8,80.3,78.4,55.9,47.4,47.4,872.4,891.4,893.8,10.0,14.1,13.2,6.9,7.5,7.4,13.0,17.2,17.8,95.0,95.7,95.8,71.1,66.2,65.6,0.0,0.0,0.0,999.9,999.9,999.9,0,8.3,8.1
16585596,0723,81.1,80.4,78.4,47.2,47.5,47.4,875.8,891.4,893.7,9.9,14.0,12.5,9.6,7.5,7.3,26.0,17.2,17.9,104.0,95.6,96.4,59.0,66.2,65.8,0.0,0.0,0.0,999.9,999.9,999.9,18,8.3,8.1
16585596,0723,80.9,80.4,78.2,48.9,47.4,47.5,871.0,891.4,893.7,9.8,14.0,12.5,9.3,7.5,7.3,10.1,17.3,17.7,93.0,95.8,96.8,71.1,66.2,65.7,0.0,0.0,0.0,999.9,999.9,999.9,18,8.4,7.1
16585596,0723,79.9,80.4,78.5,47.1,47.4,47.3,873.0,890.7,893.8,10.0,14.0,12.5,6.5,7.5,7.3,15.9,17.2,17.4,93.9,95.7,96.8,66.9,66.2,65.6,0.11,0.0,0.0,999.9,999.9,999.9,0,8.5,7.7
16585596,0723,86.6,80.4,78.4,33.1,47.4,47.3,873.5,890.7,893.7,9.7,13.9,11.8,3.7,7.5,7.4,18.1,17.3,17.5,95.0,95.7,96.8,59.0,66.2,65.6,0.03,0.0,0.0,999.9,999.9,999.9,0,8.5,7.1
16585596,0723,80.7,80.4,78.4,41.2,47.3,46.6,869.5,890.8,889.5,9.9,13.9,11.8,10.2,7.5,7.2,15.0,17.2,17.6,102.0,95.7,96.8,70.0,66.1,65.8,0.15,0.0,0.0,999.9,999.9,999.9,18,8.5,7.1
16585596,0723,85.4,80.4,78.8,41.4,47.3,46.4,872.4,890.7,889.3,9.9,13.9,11.8,5.6,7.5,7.3,18.1,17.2,17.6,88.7,95.7,97.3,70.0,66.1,65.8,0.0,0.0,0.0,999.9,999.9,999.9,18,8.6,7.7
16585596,0723,82.7,80.4,78.7,47.1,47.2,46.0,999.9,890.7,889.3,10.0,13.9,11.8,5.6,7.5,7.2,15.9,17.2,17.2,89.1,95.7,97.3,66.9,66.1,66.0,0.0,0.0,0.0,999.9,999.9,999.9,0,8.6,8.3
16585596,0723,69.7,80.4,78.7,52.0,47.1,45.8,870.5,891.5,889.3,10.0,13.9,11.8,6.6,7.5,7.2,13.0,17.2,17.1,102.0,95.6,96.8,66.9,66.1,65.7,0.0,0.0,0.0,999.9,999.9,999.9,0,8.3,7.7
16585596,0723,80.7,80.3,78.5,57.6,47.2,46.1,866.4,890.7,889.2,22.3,13.9,11.8,10.6,7.5,7.1,12.0,17.1,16.9,99.0,95.7,96.8,73.9,66.0,65.8,0.17,0.0,0.0,999.9,999.9,999.9,0,8.2,7.7
16585596,0723,80.7,80.4,78.5,57.5,47.3,46.8,999.9,890.7,889.0,9.9,14.0,12.0,6.2,7.5,7.2,12.0,17.1,16.6,93.0,95.8,96.7,72.0,66.1,65.8,0.0,0.0,0.0,999.9,999.9,999.9,18,8.1,7.1
16585596,0723,87.8,80.3,78.6,57.5,47.3,46.8,999.9,890.7,893.1,10.0,14.0,12.0,7.8,7.5,7.2,15.9,17.1,16.5,102.9,95.8,96.7,62.2,66.1,65.7,0.0,0.0,0.0,999.9,999.9,999.9,0,8.2,7.1
16585596,0723,77.1,80.4,78.6,54.6,47.4,47.2,999.9,891.4,897.4,30.7,14.0,11.6,6.6,7.5,7.3,10.1,17.1,16.2,95.0,95.8,96.7,73.9,66.0,65.6,0.0,0.0,0.0,999.9,999.9,999.9,18,8.1,6.6
16585596,0723,78.4,80.3,78.4,49.2,47.4,47.2,999.9,892.1,901.6,10.0,14.1,12.2,10.2,7.5,7.1,18.1,17.1,15.8,93.9,95.8,96.4,62.1,66.1,66.3,0.0,0.0,0.0,999.9,999.9,999.9,18,8.1,6.6
16585596,0723,74.2,80.3,78.4,45.0,47.4,47.3,999.9,892.8,905.9,10.0,14.0,12.2,10.1,7.5,7.2,11.1,17.1,16.0,104.0,95.8,96.5,73.9,66.0,66.2,0.33,0.0,0.0,999.9,999.9,999.9,0,8.2,7.2
16585596,0723,85.2,80.3,78.8,33.1,47.3,46.9,870.4,892.8,910.0,22.2,14.0,12.2,5.6,7.5,7.3,14.0,17.1,15.8,93.9,95.8,96.6,66.0,66.1,66.6,0.11,0.0,0.0,999.9,999.9,999.9,18,8.1,7.2
16585596,0723,88.8,80.3,79.1,34.9,47.2,46.4,869.7,892.8,909.9,10.0,14.1,12.6,10.6,7.5,7.3,20.0,17.0,15.7,95.0,95.8,96.5,66.9,66.1,66.8,0.0,0.0,0.0,999.9,999.9,999.9,18,8.1,7.8
16585596,0723,69.7,80.4,79.6,48.9,47.2,46.4,870.0,892.8,905.6,9.8,14.1,12.3,10.1,7.5,7.4,24.1,17.1,15.5,95.0,95.8,96.3,71.1,66.1,67.0,0.0,0.0,0.0,999.9,999.9,999.9,16,8.2,8.4
16585596,0723,80.9,80.3,79.3,44.6,47.2,46.4,999.9,892.1,905.5,10.0,13.9,11.6,8.2,7.5,7.4,15.9,17.1,15.8,93.0,95.9,96.2,71.1,66.1,67.4,0.0,0.0,0.0,999.9,999.9,999.9,0,8.3,8.3
16585596,0723,80.7,80.3,79.3,49.2,47.2,46.5,872.9,892.8,909.8,10.0,13.9,11.6,7.8,7.5,7.5,8.9,17.0,15.6,93.0,95.8,96.0,75.9,66.1,67.6,0.0,0.0,0.0,999.9,999.9,999.9,0,8.2,8.3
16585596,0723,89.2,80.3,79.3,41.2,47.2,46.6,872.9,892.8,909.9,10.0,13.9,11.6,5.6,7.5,7.5,10.1,17.0,15.4,93.0,95.8,96.1,71.1,66.1,67.8,0.0,0.0,0.0,999.9,999.9,999.9,18,8.1,7.7
16585596,0723,80.7,80.3,79.6,50.2,47.2,46.2,871.0,892.8,910.0,10.0,13.9,11.6,9.8,7.5,7.5,11.1,17.0,15.0,95.0,95.7,96.2,68.0,66.2,68.0,0.0,0.0,0.0,999.9,999.9,999.9,0,8.2,8.3
16585596,0723,62.0,80.4,79.6,37.5,47.3,46.3,870.5,892.8,909.9,10.0,13.8,11.6,4.7,7.5,7.5,26.0,16.9,15.0,99.0,95.7,96.2,71.1,66.2,67.8,0.0,0.0,0.0,999.9,999.9,999.9,0,8.2,7.7
16585596,0723,89.6,80.2,79.0,37.5,47.2,46.0,999.9,892.8,909.9,9.9,13.8,11.6,8.1,7.5,7.5,24.1,17.0,15.6,99.0,95.7,96.3,61.0,66.2,68.2,0.0,0.0,0.0,999.9,999.9,999.9,18,8.2,7.7
16585596,0723,82.7,80.3,79.4,58.4,47.2,45.9,999.9,893.5,914.2,10.0,13.8,11.6,8.2,7.5,7.5,20.0,17.0,15.9,99.0,95.7,96.7,75.9,66.2,68.0,0.02,0.0,0.0,999.9,999.9,999.9,18,8.2,8.3
16585596,0723,89.2,80.2,80.0,55.6,47.2,46.5,999.9,894.2,918.6,22.2,13.8,11.6,8.8,7.6,7.6,20.0,17.1,15.9,95.0,95.7,96.6,68.0,66.2,68.5,0.0,0.0,0.0,999.9,999.9,999.9,18,8.0,8.9
16585596,0723,81.8,80.3,81.0,36.2,47.3,47.0,870.5,894.9,922.9,10.0,13.9,12.0,6.3,7.6,7.7,8.9,17.1,16.1,90.0,95.7,96.3,66.0,66.2,68.7,0.02,0.0,0.0,999.9,999.9,999.9,0,8.0,9.5
16585596,0723,82.3,80.3,80.8,57.6,47.2,46.2,870.0,894.9,922.8,9.7,13.8,12.0,5.1,7.6,7.6,15.0,17.0,15.8,102.0,95.7,96.4,71.1,66.2,68.5,0.0,0.0,0.0,999.9,999.9,999.9,0,7.9,8.9
16585596,0723,85.2,80.3,81.0,54.6,47.2,46.7,869.5,894.9,918.5,9.9,13.8,11.9,10.2,7.6,7.6,18.1,17.0,15.9,102.9,95.7,96.4,70.0,66.1,68.5,0.0,0.0,0.0,999.9,999.9,999.9,18,7.9,8.9
16585596,0723,76.8,80.4,81.1,45.0,47.3,47.3,870.5,894.9,914.2,9.9,13.7,11.9,6.6,7.6,7.7,19.0,17.0,15.8,91.9,95.8,96.6,73.9,66.2,68.4,0.11,0.0,0.0,999.9,999.9,999.9,18,7.8,9.5
16585596,0723,79.9,80.4,81.1,47.1,47.2,47.3,872.4,894.9,914.0,9.9,13.5,11.9,9.3,7.5,7.7,8.9,17.0,16.0,89.1,95.8,96.2,64.9,66.2,68.9,0.0,0.0,0.0,999.9,999.9,999.9,0,7.9,9.5
16585596,0723,85.2,80.4,81.0,37.5,47.2,47.0,869.6,894.9,914.0,10.0,13.3,11.9,9.6,7.5,7.8,10.1,17.0,15.8,93.0,95.8,96.0,66.2,66.2,68.7,0.11,0.0,0.0,999.9,999.9,999.9,18,7.9,9.5
16585596,0723,62.0,80.4,81.2,47.2,47.2,46.7,871.4,894.9,913.8,10.0,13.3,11.9,5.6,7.6,7.8,10.1,16.9,15.3,104.0,95.8,95.7,71.1,66.2,68.9,0.11,0.0,0.0,999.9,999.9,999.9,0,7.9,9.5
16585596,0723,86.8,80.4,80.5,44.1,47.2,46.7,869.0,894.2,913.9,22.2,13.3,11.9,10.4,7.5,7.7,24.3,16.9,15.3,91.9,95.9,96.0,66.0,66.2,68.9,0.03,0.0,0.0,999.9,999.9,999.9,0,7.9,8.9
16585596,0723,76.4,80.4,80.8,58.4,47.2,46.6,873.0,894.2,913.7,41.0,13.3,12.3,8.1,7.6,7.8,11.1,16.9,15.6,91.9,95.9,96.0,68.0,66.2,68.9,0.0,0.0,0.0,999.9,999.9,999.9,0,7.8,8.9
16585596,0723,81.8,80.5,80.4,52.0,47.2,47.4,872.4,894.2,913.7,9.7,13.3,13.3,5.6,7.6,7.9,12.0,16.8,15.4,102.9,95.9,95.9,75.9,66.2,69.2,0.0,0.0,0.0,999.9,999.9,999.9,2,7.8,8.9
16585596,0723,83.0,80.5,80.5,57.6,47.3,47.8,873.0,894.2,913.8,9.8,13.3,13.3,8.7,7.6,7.8,26.0,16.8,15.3,95.0,96.0,95.9,70.0,66.3,69.4,0.11,0.0,0.0,999.9,999.9,999.9,0,7.7,8.4
16585596,0723,77.5,80.5,80.4,46.5,47.4,48.3,871.4,894.2,913.8,10.0,13.3,13.3,6.9,7.6,7.9,10.1,16.9,15.5,99.0,96.0,96.1,71.1,66.3,69.4,0.0,0.0,0.0,999.9,999.9,999.9,0,7.7,7.8
16585596,0723,79.9,80.5,80.2,33.1,47.3,48.3,872.4,894.2,909.5,39.8,13.3,13.3,5.1,7.6,7.9,24.1,16.9,15.3,89.1,96.1,96.4,75.9,66.4,69.5,0.0,0.0,0.0,999.9,999.9,999.9,18,7.7,7.8
16585596,0723,78.4,80.5,80.5,48.9,47.2,47.6,868.1,894.2,909.6,10.0,13.4,14.3,9.9,7.6,7.9,26.0,17.0,15.7,102.0,96.0,96.0,66.0,66.4,69.8,0.0,0.0,0.0,999.9,999.9,999.9,18,7.7,8.4
16585596,0723,86.6,80.4,80.5,54.5,47.2,47.4,999.9,894.2,909.7,10.0,13.4,13.9,10.6,7.6,7.9,15.0,17.0,16.2,89.1,96.1,96.1,64.9,66.4,69.5,0.02,0.0,0.0,999.9,999.9,999.9,0,7.8,9.0
16585596,0723,62.0,80.4,80.7,54.5,47.2,47.3,873.1,894.9,909.7,9.7,13.4,13.9,10.6,7.7,8.0,13.0,17.0,16.3,93.9,96.2,96.0,64.9,66.4,69.3,0.17,0.0,0.0,999.9,999.9,999.9,0,7.8,8.4
16585596,0723,78.4,80.3,79.8,45.0,47.2,47.2,999.9,895.0,905.4,10.0,13.4,13.9,10.1,7.7,8.1,12.0,17.0,16.2,90.0,96.2,95.7,61.0,66.4,69.4,0.0,0.0,0.0,999.9,999.9,999.9,0,7.7,8.4
16585596,0723,62.0,80.2,79.8,49.3,47.2,46.8,999.9,895.0,905.4,22.2,13.3,13.2,5.6,7.7,8.2,18.1,17.0,16.2,87.1,96.2,95.5,73.0,66.4,69.0,0.0,0.0,0.0,999.9,999.9,999.9,18,7.6,7.8
16585596,0723,82.3,80.1,79.3,41.2,47.2,46.8,869.5,895.7,905.4,10.0,13.2,13.6,6.5,7.7,8.1,14.0,17.0,16.2,99.0,96.1,95.3,66.2,66.5,69.3,0.0,0.0,0.0,999.9,999.9,999.9,18,7.6,7.8
16585596,0723,86.6,80.2,79.6,45.2,47.1,46.7,869.6,895.7,901.1,10.0,13.2,13.6,6.2,7.7,7.9,17.1,17.0,16.3,102.0,96.0,95.1,66.9,66.5,69.1,0.0,0.0,0.0,999.9,999.9,999.9,18,7.7,8.4
16585596,0723,87.8,80.2,79.6,41.4,47.2,47.1,872.4,895.7,901.1,41.0,13.2,13.2,6.9,7.7,8.0,19.0,17.0,16.4,90.0,96.0,95.4,57.9,66.5,69.1,0.02,0.0,0.0,999.9,999.9,999.9,18,7.8,8.4
16585596,0723,89.6,80.2,79.6,47.1,47.2,47.3,873.0,894.9,901.1,30.7,13.4,14.2,10.1,7.7,7.8,10.1,17.0,16.4,102.9,96.1,95.2,63.0,66.4,68.8,0.01,0.0,0.0,999.9,999.9,999.9,18,7.9,8.4
16585596,0723,86.8,80.2,80.2,44.6,47.2,47.3,873.0,894.2,901.2,10.0,13.5,14.9,6.4,7.7,7.8,18.1,17.0,15.9,99.0,96.1,95.5,71.1,66.4,68.5,0.01,0.0,0.0,999.9,999.9,999.9,48,7.9,8.5
16585596,0723,82.8,80.3,80.4,47.2,47.2,47.3,873.1,894.2,897.0,10.0,13.5,14.9,4.9,7.7,7.8,18.1,17.0,16.0,99.0,96.1,95.7,64.9,66.4,68.5,0.0,0.0,0.0,999.9,999.9,999.9,0,8.1,10.1
16585596,0723,83.0,80.2,80.5,41.2,47.2,47.2,869.7,893.5,897.0,10.0,13.5,14.9,9.5,7.7,7.7,14.0,17.0,16.3,95.0,96.1,95.9,73.0,66.4,68.2,0.0,0.0,0.0,999.9,999.9,999.9,2,8.1,10.1
16585596,0723,77.5,80.2,80.3,49.2,47.2,47.2,869.6,892.8,896.9,9.9,13.4,14.9,10.2,7.7,7.8,22.0,17.1,16.4,93.0,96.1,96.0,71.1,66.4,68.2,0.0,0.0,0.0,999.9,999.9,999.9,18,8.1,9.5
16585596,0723,85.2,80.2,80.2,34.9,47.2,47.2,875.8,892.8,896.9,13.5,13.4,14.9,8.7,7.7,7.8,11.1,17.0,16.8,90.0,96.0,95.9,66.9,66.4,68.3,0.11,0.0,0.0,999.9,999.9,999.9,0,8.1,10.1
16585596,0723,79.3,80.2,81.0,58.4,47.2,47.1,872.4,892.9,897.0,9.7,13.4,15.0,5.6,7.7,8.0,34.0,17.0,16.3,104.0,96.0,95.6,61.0,66.4,68.2,0.14,0.0,0.0,999.9,999.9,999.9,2,8.0,10.1
16585596,0723,82.3,80.2,80.6,52.0,47.2,47.8,872.4,892.8,892.8,9.9,13.4,15.0,5.6,7.7,7.9,11.1,17.1,16.6,102.0,96.0,95.8,73.9,66.4,68.2,0.0,0.0,0.0,999.9,999.9,999.9,0,8.0,9.6
16585596,0723,76.7,80.2,80.6,46.5,47.2,47.6,871.0,892.9,888.5,10.0,13.4,15.0,4.7,7.7,7.8,15.0,17.1,16.3,99.0,96.1,95.9,71.1,66.5,68.1,0.0,0.0,0.0,999.9,999.9,999.9,18,8.0,9.0
16585596,0723,81.1,80.2,80.2,41.6,47.2,47.3,999.9,892.9,884.2,9.7,13.4,14.6,9.6,7.6,7.7,22.0,17.1,16.2,95.0,96.2,96.0,62.1,66.5,68.2,0.0,0.0,0.0,999.9,999.9,999.9,0,8.0,9.0
16585596,0723,80.7,80.2,80.2,54.6,47.2,47.4,869.7,893.6,888.6,10.0,13.4,14.6,8.1,7.7,7.8,12.0,17.0,16.6,88.7,96.2,96.2,59.0,66.4,68.1,0.02,0.0,0.0,999.9,999.9,999.9,0,7.9,9.0
16585596,0723,81.8,80.2,80.1,58.4,47.2,47.3,866.4,893.6,888.6,10.0,13.4,14.6,6.2,7.7,7.9,24.3,17.0,16.5,100.0,96.1,95.7,73.0,66.4,67.7,0.0,0.0,0.0,999.9,999.9,999.9,0,7.9,9.0
16585596,0723,88.1,80.2,80.0,41.2,47.3,47.5,871.0,893.5,888.5,10.0,13.4,14.6,11.6,7.7,7.7,15.9,17.1,16.7,102.0,96.2,95.6,61.0,66.4,67.8,0.0,0.0,0.0,999.9,999.9,999.9,0,7.9,8.4
16585596,0723,82.7,80.3,80.4,41.6,47.3,47.3,873.6,893.5,888.5,20.3,13.4,14.6,5.6,7.7,7.9,11.1,17.0,16.6,104.0,96.2,96.0,72.0,66.4,67.4,0.0,0.0,0.0,999.9,999.9,999.9,0,7.9,7.8
16585596,0723,79.3,80.3,80.5,50.2,47.3,47.2,999.9,893.6,888.5,14.9,13.4,15.0,5.6,7.7,7.8,18.1,17.0,16.7,93.0,96.2,96.5,73.9,66.4,67.6,0.11,0.0,0.0,999.9,999.9,999.9,18,7.8,7.8
16585596,0723,77.5,80.3,80.3,57.5,47.3,47.6,869.7,894.3,892.9,39.8,13.2,15.1,5.6,7.7,7.6,18.1,16.9,17.0,88.7,96.2,96.5,73.9,66.5,67.9,0.0,0.0,0.0,999.9,999.9,999.9,0,7.9,7.8
16585596,0723,85.2,80.3,80.8,57.6,47.3,47.9,999.9,893.6,892.8,10.0,13.4,16.1,3.7,7.7,7.6,24.1,16.9,17.2,93.0,96.2,95.9,71.1,66.5,68.0,0.14,0.0,0.0,999.9,999.9,999.9,2,7.9,7.8
16585596,0723,80.3,80.3,80.7,54.1,47.4,48.4,873.5,894.2,897.2,10.0,13.4,15.7,9.3,7.6,7.4,15.0,16.9,17.2,104.0,96.2,96.0,66.9,66.5,68.1,0.0,0.0,0.0,999.9,999.9,999.9,18,7.9,7.9
16585596,0723,81.8,80.4,80.9,48.9,47.4,48.2,999.9,894.3,897.2,41.0,13.4,14.7,6.5,7.6,7.5,24.1,16.8,17.4,90.0,96.2,96.4,57.0,66.6,68.1,0.15,0.0,0.0,999.9,999.9,999.9,2,7.9,8.5
16585596,0723,79.3,80.4,80.9,48.9,47.3,48.1,875.8,895.0,901.4,10.0,13.6,15.7,4.7,7.6,7.5,11.1,16.8,17.8,102.0,96.1,96.0,66.9,66.5,67.5,0.0,0.0,0.0,999.9,999.9,999.9,0,7.9,8.5
16585596,0723,79.9,80.4,80.8,44.6,47.3,47.8,869.7,895.0,901.5,9.9,13.6,15.7,5.1,7.6,7.4,11.1,16.8,17.3,87.1,96.1,96.2,66.0,66.4,67.4,0.0,0.0,0.0,999.9,999.9,999.9,48,7.9,8.5
16585596,0723,69.7,80.3,80.8,58.4,47.3,47.8,869.5,895.0,901.5,10.0,13.6,15.7,5.6,7.6,7.3,10.1,16.8,17.3,90.0,96.1,95.8,70.0,66.4,67.2,0.17,0.0,0.0,999.9,999.9,999.9,48,8.1,10.1
16585596,0723,83.0,80.3,80.5,47.2,47.4,48.6,869.5,895.0,901.4,10.0,13.6,14.7,3.7,7.6,7.3,14.0,16.8,16.8,100.0,96.0,95.8,72.0,66.4,67.0,0.0,0.0,0.0,999.9,999.9,999.9,18,8.4,11.1
16585596,0723,81.1,80.3,80.6,41.4,47.5,48.6,870.0,895.0,901.4,13.5,13.4,14.7,9.9,7.6,7.1,14.0,16.8,16.4,93.9,96.0,95.7,71.1,66.5,67.2,0.0,0.0,0.0,999.9,999.9,999.9,18,8.5,11.1
16585596,0723,76.7,80.3,80.5,45.0,47.5,48.1,866.4,895.0,897.1,10.0,13.4,14.9,8.7,7.6,7.1,24.3,16.8,16.4,87.1,96.0,95.9,71.1,66.5,67.4,0.0,0.0,0.0,999.9,999.9,999.9,0,8.5,11.7
16585596,0723,81.1,80.2,80.9,54.6,47.5,47.8,875.8,894.9,896.9,39.8,13.4,14.9,6.2,7.6,7.0,34.0,16.9,16.8,91.9,95.9,95.7,57.0,66.6,67.6,0.15,0.0,0.0,999.9,999.9,999.9,18,8.5,11.7
16585596,0723,81.1,80.2,81.0,40.5,47.5,48.1,869.6,894.9,892.7,41.0,13.6,15.9,3.7,7.6,6.9,18.1,17.0,17.5,102.9,95.9,95.7,57.9,66.5,67.5,0.0,0.0,0.0,999.9,999.9,999.9,16,8.6,12.3
16585596,0723,78.3,80.2,81.7,46.5,47.5,47.8,873.0,894.9,888.4,39.8,13.6,16.5,4.7,7.6,6.8,22.0,17.0,17.5,93.9,95.9,96.3,66.9,66.5,67.0,0.0,0.0,0.0,999.9,999.9,999.9,18,8.7,12.2
16585596,0723,62.0,80.2,81.5,44.6,47.4,48.0,999.9,894.9,888.5,10.0,13.7,17.5,5.6,7.5,6.8,15.0,17.1,17.8,93.9,95.9,96.1,61.0,66.5,67.0,0.0,0.0,0.0,999.9,999.9,999.9,18,8.8,12.2
16585596,0723,87.8,80.1,80.7,41.2,47.4,48.0,869.5,894.9,892.8,10.0,13.7,17.5,9.8,7.5,6.7,11.1,17.0,17.7,95.0,95.9,95.8,61.0,66.5,66.8,0.15,0.0,0.0,999.9,999.9,999.9,0,8.9,12.2
16585596,0723,81.1,80.1,80.7,39.9,47.4,48.0,873.1,894.9,892.7,10.0,13.7,16.4,9.3,7.6,6.8,11.1,17.0,17.4,87.1,95.9,96.0,73.9,66.5,66.9,0.17,0.0,0.0,999.9,999.9,999.9,0,8.9,11.6
16585596,0723,62.0,80.1,80.4,44.6,47.3,47.8,869.5,895.0,892.7,9.8,13.7,15.8,9.8,7.6,6.8,11.1,16.9,17.5,88.7,95.9,95.5,70.0,66.6,67.3,0.0,0.0,0.0,999.9,999.9,999.9,18,8.8,11.0
16585596,0723,78.4,80.0,79.6,55.6,47.2,47.8,872.4,894.2,892.6,10.0,13.7,15.8,6.4,7.6,6.9,18.1,16.9,17.2,93.9,95.9,95.1,73.9,66.6,67.2,0.14,0.0,0.0,999.9,999.9,999.9,0,8.9,10.0
16585596,0723,74.2,80.0,79.5,55.6,47.3,48.0,999.9,894.2,892.6,10.0,13.7,15.8,5.1,7.6,7.0,8.9,16.9,17.2,91.9,95.8,95.0,62.2,66.7,67.5,0.14,0.0,0.0,999.9,999.9,999.9,0,8.8,10.0
16585596,0723,82.7,79.9,79.2,39.9,47.4,48.5,873.6,894.9,896.9,10.0,13.7,15.8,6.5,7.6,6.8,20.0,16.9,17.1,91.9,95.9,94.9,62.1,66.7,67.2,0.0,0.0,0.1,999.9,999.9,999.9,0,8.8,9.9
16585596,0723,76.4,79.9,79.3,50.2,47.4,48.2,870.5,895.0,897.1,10.0,13.7,15.8,9.5,7.6,6.7,13.0,16.9,17.0,90.0,95.9,94.8,54.0,66.7,66.9,0.03,0.0,0.1,999.9,999.9,999.9,0,8.8,9.3
16585596,0723,85.2,79.9,79.1,34.9,47.4,48.7,999.9,895.0,896.9,10.0,13.7,15.6,6.4,7.6,6.7,18.1,16.9,17.1,93.0,95.8,94.8,70.0,66.7,66.4,0.11,0.0,0.1,999.9,999.9,999.9,18,8.7,9.3
16585596,0723,77.5,80.0,79.2,44.6,47.4,47.9,869.6,895.7,901.1,9.8,13.7,15.6,10.4,7.6,6.8,13.0,16.9,16.5,93.9,95.8,94.5,64.9,66.7,66.7,0.0,0.0,0.0,999.9,999.9,999.9,0,8.8,9.9
16585596,0723,80.9,79.9,79.1,52.0,47.4,47.7,873.5,895.7,901.1,20.3,13.5,15.6,5.6,7.6,6.9,20.0,16.8,16.6,95.0,95.8,94.2,75.9,66.7,66.4,0.0,0.0,0.0,999.9,999.9,999.9,2,8.8,9.9
16585596,0723,82.7,79.9,79.2,34.9,47.4,47.9,872.4,895.7,901.1,10.0,13.6,16.0,10.2,7.6,7.0,10.1,16.8,16.8,98.1,95.8,94.1,57.0,66.8,66.6,0.0,0.0,0.0,999.9,999.9,999.9,0,8.7,9.3
16585596,0723,69.7,79.9,79.3,49.2,47.3,47.6,999.9,895.7,896.9,9.9,13.6,16.0,5.6,7.6,7.0,11.1,16.7,16.4,99.0,95.8,94.2,57.9,66.8,66.4,0.15,0.0,0.0,999.9,999.9,999.9,18,8.7,9.3
16585596,0723,62.0,79.8,78.9,57.5,47.4,47.5,873.6,896.4,901.2,14.9,13.6,16.0,6.2,7.6,6.9,26.0,16.7,16.3,102.9,95.8,94.5,62.1,66.8,66.4,0.11,0.0,0.1,999.9,999.9,999.9,0,8.8,9.9
16585596,0723,62.0,79.7,78.3,52.0,47.4,47.4,873.6,896.4,901.5,20.3,13.6,16.2,4.9,7.6,6.9,18.1,16.7,16.4,98.1,95.9,94.6,61.0,66.8,66.0,0.0,0.0,0.1,999.9,999.9,999.9,0,8.8,9.9
16585596,0723,82.3,79.6,77.4,45.2,47.4,47.8,872.4,895.7,901.6,39.8,13.6,16.5,9.9,7.6,6.7,17.1,16.7,16.5,102.0,95.9,94.5,71.1,66.8,66.0,0.11,0.0,0.1,999.9,999.9,999.9,0,8.8,9.9
16585596,0723,86.6,79.6,77.4,57.6,47.3,47.9,999.9,895.7,901.5,10.0,13.8,17.1,10.2,7.6,6.8,18.1,16.8,16.7,99.0,96.0,94.4,62.1,66.8,66.0,0.0,0.0,0.1,999.9,999.9,999.9,0,8.7,9.9
16585596,0723,78.3,79.6,77.6,54.5,47.4,48.2,869.7,896.4,901.5,9.8,13.8,17.0,10.4,7.6,7.0,19.0,16.7,16.7,102.0,96.0,94.6,66.0,66.8,65.6,0.0,0.0,0.1,999.9,999.9,999.9,0,8.7,9.3
16585596,0723,82.8,79.6,77.6,45.2,47.4,48.1,869.0,896.4,901.5,9.9,13.8,16.0,9.6,7.6,7.1,19.0,16.8,16.7,102.0,96.0,95.0,61.0,66.8,65.3,0.0,0.0,0.1,999.9,999.9,999.9,0,8.7,9.3
16585596,0723,88.8,79.6,77.6,49.3,47.3,47.6,871.5,896.4,897.2,10.0,13.8,16.0,11.6,7.6,7.3,15.9,16.8,16.5,93.9,96.1,95.3,64.9,66.8,65.0,0.11,0.0,0.1,999.9,999.9,999.9,0,8.6,9.3
16585596,0723,89.6,79.7,77.8,37.5,47.3,47.5,870.0,896.4,897.1,10.0,13.8,16.0,10.6,7.7,7.4,12.0,16.8,16.6,91.9,96.1,95.0,70.0,66.8,64.9,0.0,0.0,0.1,999.9,999.9,999.9,18,8.5,8.7
16585596,0723,81.1,79.8,78.1,39.9,47.4,47.1,872.7,896.4,892.8,9.7,13.8,14.9,9.8,7.7,7.5,18.1,16.7,16.2,88.7,96.0,95.1,66.0,66.7,65.4,0.0,0.0,0.1,999.9,999.9,999.9,0,8.5,9.2
16585596,0723,78.4,79.8,78.2,54.6,47.3,46.8,869.5,896.5,892.7,9.7,13.8,14.9,6.2,7.7,7.7,22.0,16.7,16.4,102.9,96.0,94.6,66.0,66.7,65.3,0.0,0.0,0.1,999.9,999.9,999.9,18,8.5,9.2
16585596,0723,83.0,79.8,78.1,34.9,47.4,47.1,873.5,896.5,892.6,10.0,13.8,14.9,7.8,7.7,7.7,14.0,16.6,16.7,95.0,96.0,95.2,63.0,66.7,65.3,0.02,0.0,0.1,999.9,999.9,999.9,0,8.6,8.2
16585596,0723,87.8,79.8,78.6,36.2,47.3,46.4,873.0,896.5,892.8,10.0,13.8,14.9,6.3,7.7,7.8,19.0,16.6,16.9,90.0,96.1,95.3,75.9,66.7,65.1,0.0,0.0,0.0,999.9,999.9,999.9,2,8.5,6.6
16585596,0723,69.7,79.9,78.7,40.5,47.2,46.0,869.5,895.8,892.9,30.7,13.7,14.9,10.1,7.7,7.9,11.1,16.6,17.0,104.0,96.0,95.0,62.1,66.8,65.2,0.0,0.0,0.0,999.9,999.9,999.9,2,8.5,6.1
16585596,0723,85.4,79.9,78.3,57.5,47.2,46.0,873.5,895.8,892.9,22.2,13.8,15.5,10.2,7.7,7.9,24.1,16.6,16.9,104.0,96.1,95.3,62.1,66.8,64.9,0.0,0.0,0.0,999.9,999.9,999.9,18,8.4,5.5
16585596,0723,83.0,79.9,78.6,57.5,47.2,46.4,999.9,895.8,893.1,30.7,13.9,15.9,10.6,7.7,8.0,10.1,16.7,16.9,89.1,96.1,95.9,70.0,66.7,64.6,0.02,0.0,0.0,999.9,999.9,999.9,0,8.5,6.1
16585596,0723,88.8,80.0,78.7,49.2,47.2,46.5,872.4,896.5,897.3,10.0,14.0,15.6,9.6,7.7,8.1,10.1,16.6,16.1,93.9,96.2,95.8,70.0,66.7,65.1,0.17,0.0,0.0,999.9,999.9,999.9,18,8.4,5.5
16585596,0723,78.4,80.0,79.0,54.5,47.2,46.8,999.9,896.5,897.3,10.0,14.0,14.6,6.6,7.7,8.3,8.9,16.6,15.9,91.9,96.1,95.5,63.0,66.7,65.5,0.02,0.0,0.0,999.9,999.9,999.9,0,8.5,5.6
16585596,0723,81.1,80.0,79.0,55.6,47.2,47.0,870.5,897.2,901.6,9.9,14.0,13.6,8.1,7.7,8.4,14.0,16.6,15.4,99.0,96.1,95.4,71.1,66.6,65.3,0.0,0.0,0.0,999.9,999.9,999.9,0,8.5,5.0
16585596,0723,76.4,80.0,79.6,54.1,47.3,47.4,868.1,897.2,897.3,30.7,14.0,13.6,4.9,7.7,8.4,24.3,16.6,15.4,104.0,96.1,95.6,66.9,66.7,65.7,0.11,0.0,0.0,999.9,999.9,999.9,0,8.5,4.4
16585596,0723,74.2,80.0,79.2,39.9,47.3,47.8,872.7,897.2,897.2,10.0,14.1,14.3,10.6,7.7,8.3,19.0,16.6,15.8,95.0,96.1,95.9,68.0,66.7,65.9,0.0,0.0,0.0,999.9,999.9,999.9,0,8.5,4.4
16585596,0723,76.8,80.0,79.0,39.9,47.4,47.8,872.4,897.2,897.2,9.7,14.1,14.3,5.3,7.7,8.3,13.0,16.6,16.1,100.0,96.1,96.2,54.0,66.7,65.7,0.0,0.0,0.0,999.9,999.9,999.9,0,8.5,4.4
16585596,0723,81.1,80.0,79.5,34.9,47.3,47.7,870.0,897.2,897.3,13.5,14.1,14.3,6.9,7.7,8.2,19.0,16.6,16.2,99.0,96.1,96.5,66.0,66.7,65.1,0.0,0.0,0.0,999.9,999.9,999.9,0,8.5,3.8
16585596,0723,89.2,79.9,79.6,47.1,47.3,47.0,869.5,897.2,897.2,9.8,14.2,14.4,9.8,7.7,8.2,20.0,16.6,16.2,102.0,96.2,96.7,71.1,66.7,64.9,0.15,0.0,0.0,999.9,999.9,999.9,0,8.5,3.8
16585596,0723,86.8,80.0,80.1,37.5,47.3,46.7,873.0,896.5,892.9,9.7,14.2,14.4,9.9,7.7,8.3,14.0,16.5,16.6,100.0,96.2,97.0,61.0,66.8,65.2,0.0,0.0,0.0,999.9,999.9,999.9,18,8.5,3.8
16585596,0723,86.6,80.0,80.2,57.2,47.2,46.6,873.6,896.5,892.9,10.0,14.2,14.4,5.6,7.7,8.5,8.9,16.5,16.4,102.0,96.2,97.3,71.1,66.8,65.1,0.15,0.0,0.0,999.9,999.9,999.9,0,8.6,4.4
16585596,0723,62.0,80.0,80.5,40.5,47.3,46.8,999.9,896.5,893.0,30.7,14.2,14.4,3.7,7.7,8.3,24.1,16.4,16.2,90.0,96.2,97.7,61.0,66.8,65.7,0.0,0.0,0.0,999.9,999.9,999.9,18,8.6,4.4
16585596,0723,77.1,79.9,79.8,52.0,47.3,47.0,869.0,897.2,893.0,30.7,14.3,15.1,9.3,7.7,8.2,15.9,16.5,16.4,87.1,96.2,97.6,64.9,66.8,65.4,0.0,0.0,0.0,999.9,999.9,999.9,0,8.6,4.4
16585596,0723,76.4,79.9,79.8,41.4,47.3,47.3,873.6,897.2,892.9,9.8,14.4,15.8,11.6,7.7,8.2,17.1,16.5,16.5,95.0,96.2,97.4,57.0,66.8,65.4,0.11,0.0,0.0,999.9,999.9,999.9,0,8.6,4.4
16585596,0723,62.0,79.8,79.6,40.5,47.2,46.9,999.9,897.2,892.9,20.3,14.2,15.4,7.8,7.7,8.4,15.0,16.5,16.4,93.9,96.2,97.4,57.9,66.7,64.8,0.0,0.0,0.0,999.9,999.9,999.9,0,8.6,4.3
16585596,0723,86.8,79.7,78.9,48.9,47.1,47.1,872.9,897.2,897.2,22.3,14.3,15.7,10.2,7.7,8.3,17.1,16.5,16.6,98.1,96.1,97.2,75.0,66.7,64.8,0.0,0.0,0.0,999.9,999.9,999.9,18,8.5,4.3
16585596,0723,80.9,79.8,79.5,45.0,47.2,47.1,868.1,897.2,893.0,10.0,14.3,16.2,10.6,7.8,8.5,26.0,16.5,16.8,95.0,96.1,97.2,61.0,66.7,65.4,0.0,0.0,0.0,999.9,999.9,999.9,0,8.5,4.3
16585596,0723,83.0,79.8,80.1,54.1,47.2,46.7,869.5,897.2,892.8,9.9,14.3,16.0,10.2,7.8,8.6,14.0,16.5,16.8,98.1,96.1,97.0,66.0,66.7,65.3,0.33,0.0,0.0,999.9,999.9,999.9,0,8.5,4.3
16585596,0723,78.3,79.8,80.8,45.2,47.3,46.8,871.4,897.2,892.6,10.0,14.3,15.6,10.1,7.8,8.8,18.1,16.6,16.7,90.0,96.1,97.0,75.9,66.7,65.5,0.11,0.0,0.0,999.9,999.9,999.9,0,8.4,4.3
16585596,0723,86.8,79.8,80.7,52.0,47.3,46.8,999.9,897.2,892.6,10.0,14.3,14.7,8.2,7.8,8.8,22.0,16.6,16.7,98.1,96.0,96.5,66.0,66.7,65.7,0.11,0.0,0.0,999.9,999.9,999.9,0,8.4,4.3
16585596,0723,88.8,79.8,80.7,41.2,47.3,46.6,999.9,897.9,892.6,10.0,14.3,14.7,8.2,7.8,8.7,15.9,16.7,16.8,93.9,96.1,96.5,57.9,66.8,65.8,0.0,0.0,0.0,999.9,999.9,999.9,0,8.3,4.3
16585596,0723,88.8,79.8,81.0,41.6,47.3,46.1,870.5,898.6,896.9,10.0,14.3,14.7,9.9,7.8,8.7,11.1,16.7,16.7,98.1,96.1,96.2,73.9,66.7,65.5,0.15,0.0,0.0,999.9,999.9,999.9,0,8.3,4.3
16585596,0723,79.3,79.8,81.2,55.6,47.3,46.0,872.4,898.6,897.0,10.0,14.3,14.7,8.7,7.8,8.7,19.0,16.6,16.5,93.9,96.2,96.1,70.0,66.8,66.0,0.11,0.0,0.1,999.9,999.9,999.9,18,8.3,4.3
16585596,0723,88.1,79.8,80.9,57.2,47.3,46.2,871.5,898.6,897.0,9.9,14.3,14.7,5.1,7.8,8.6,18.1,16.6,16.6,93.9,96.2,96.1,66.9,66.8,66.1,0.17,0.0,0.1,999.9,999.9,999.9,2,8.4,4.9
16585596,0723,82.3,79.9,80.9,57.2,47.4,46.9,999.9,897.9,897.1,9.9,14.3,14.7,9.3,7.8,8.4,20.0,16.7,16.8,95.0,96.1,96.2,75.0,66.8,66.0,0.0,0.0,0.1,999.9,999.9,999.9,0,8.4,4.4
16585596,0723,76.7,79.9,80.9,49.3,47.5,47.5,872.9,898.6,901.3,10.0,14.3,14.7,5.6,7.8,8.4,20.0,16.7,16.8,102.0,96.1,96.4,72.0,66.8,66.3,0.03,0.0,0.1,999.9,999.9,999.9,18,8.4,4.4
16585596,0723,79.3,79.9,80.9,41.2,47.5,47.3,873.0,898.6,901.4,10.0,14.2,14.7,10.2,7.8,8.4,19.0,16.7,16.8,102.0,96.2,96.4,73.0,66.8,66.5,0.02,0.0,0.1,999.9,999.9,999.9,0,8.4,4.4
16585596,0723,79.9,79.8,80.7,50.9,47.4,47.5,875.8,897.9,901.4,9.7,14.2,14.7,6.4,7.8,8.4,10.1,16.7,16.9,99.0,96.2,96.6,66.0,66.8,66.9,0.0,0.0,0.1,999.9,999.9,999.9,0,8.3,4.4
16585596,0723,87.8,79.9,80.5,55.6,47.4,48.0,872.7,897.9,901.5,10.0,14.2,14.7,9.8,7.8,8.4,19.0,16.7,16.6,93.0,96.2,96.9,73.0,66.8,66.5,0.0,0.0,0.1,999.9,999.9,999.9,18,8.0,4.3
16585596,0723,86.6,79.9,81.1,50.2,47.5,48.5,872.9,897.9,901.6,10.0,14.2,14.0,6.2,7.8,8.4,11.1,16.7,16.9,95.0,96.2,96.5,71.1,66.9,66.9,0.0,0.0,0.1,999.9,999.9,999.9,0,8.0,4.9
16585596,0723,86.6,79.9,81.1,48.9,47.4,48.2,873.5,898.0,901.6,9.7,14.2,13.6,7.8,7.8,8.3,15.0,16.7,16.5,93.9,96.2,96.2,62.1,66.9,67.2,0.0,0.0,0.1,999.9,999.9,999.9,0,8.0,4.3
16585596,0723,88.8,79.9,81.2,45.2,47.5,47.9,999.9,898.0,897.4,10.0,14.2,12.9,10.2,7.8,8.2,11.1,16.7,16.6,102.9,96.2,96.4,73.0,66.8,66.9,0.0,0.0,0.1,999.9,999.9,999.9,18,8.0,4.3
16585596,0723,79.9,79.9,81.2,52.0,47.5,47.8,999.9,898.0,901.6,9.9,14.2,12.9,6.9,7.8,8.2,15.9,16.7,16.7,93.9,96.2,96.7,71.1,66.8,67.0,0.0,0.0,0.1,999.9,999.9,999.9,0,8.1,4.3
16585596,0723,80.9,79.9,81.3,45.2,47.5,47.7,873.6,898.7,901.6,20.3,14.2,12.9,6.2,7.8,8.2,18.1,16.6,16.9,95.0,96.2,96.8,66.0,66.8,67.3,0.15,0.0,0.1,999.9,999.9,999.9,0,8.0,4.3
16585596,0723,89.6,79.9,81.3,50.2,47.5,47.4,871.0,898.7,901.7,10.0,14.1,13.2,9.3,7.8,8.2,22.0,16.5,17.0,102.0,96.2,96.6,66.0,66.8,67.1,0.33,0.0,0.1,999.9,999.9,999.9,18,8.0,4.3
16585596,0723,82.7,80.0,81.7,45.0,47.5,47.3,870.0,898.6,901.8,10.0,14.1,12.5,6.6,7.8,8.3,12.0,16.5,17.0,87.1,96.2,96.6,73.0,66.8,67.1,0.02,0.0,0.1,999.9,999.9,999.9,0,8.0,4.9
16585596,0723,82.3,80.0,82.0,41.4,47.5,47.4,869.5,898.6,901.7,10.0,14.1,12.5,9.9,7.8,8.2,10.1,16.5,16.7,99.0,96.1,96.3,71.1,66.9,67.3,0.0,0.0,0.1,999.9,999.9,999.9,0,7.9,4.9
16585596,0723,76.7,80.0,82.2,41.6,47.5,47.5,999.9,898.6,901.6,9.7,14.1,12.5,6.6,7.8,8.3,14.0,16.5,16.6,98.1,96.2,96.3,66.2,66.9,67.8,0.0,0.0,0.1,999.9,999.9,999.9,0,7.9,4.9
16585596,0723,79.3,80.0,82.0,46.5,47.4,47.7,870.0,899.4,906.0,9.9,13.9,12.4,5.3,7.8,8.3,10.1,16.5,16.5,93.0,96.1,96.2,71.1,67.0,67.8,0.0,0.0,0.1,999.9,999.9,999.9,18,7.8,4.9
16585596,0723,86.6,79.9,81.7,52.0,47.4,47.7,873.5,898.6,906.0,10.0,13.9,12.4,11.6,7.8,8.2,24.3,16.5,16.1,95.0,96.1,95.9,63.0,66.9,67.8,0.0,0.0,0.1,999.9,999.9,999.9,0,7.8,5.5
16585596,0723,77.1,80.0,81.7,45.0,47.4,48.2,872.4,898.6,906.0,14.9,13.9,12.4,9.9,7.8,8.2,18.1,16.5,16.5,102.9,96.1,95.8,70.0,67.0,67.9,0.33,0.0,0.1,999.9,999.9,999.9,18,7.7,4.9
16585596,0723,76.4,79.9,81.4,33.1,47.5,47.8,872.9,898.6,906.0,9.8,13.9,12.6,9.5,7.8,8.4,15.0,16.5,16.8,93.9,96.1,95.8,62.2,66.9,67.9,0.0,0.0,0.1,999.9,999.9,999.9,18,7.7,5.5
16585596,0723,79.9,79.9,81.9,55.6,47.3,47.5,870.0,898.7,901.7,10.0,13.7,11.9,6.4,7.8,8.6,19.0,16.5,16.5,99.0,96.1,95.9,62.1,66.9,67.9,0.0,0.0,0.1,999.9,999.9,999.9,2,7.7,5.5
16585596,0723,89.6,80.0,82.0,41.6,47.3,47.6,869.7,898.7,901.8,9.9,13.7,11.2,4.9,7.8,8.5,10.1,16.6,16.6,90.0,96.1,96.3,66.0,66.9,67.8,0.0,0.0,0.1,999.9,999.9,999.9,0,7.6,5.5
16585596,0723,87.8,80.0,82.4,36.2,47.3,47.6,872.4,897.9,901.6,9.9,13.7,11.2,8.1,7.8,8.3,11.1,16.6,16.3,90.0,96.0,96.2,72.0,66.9,68.1,0.0,0.0,0.1,999.9,999.9,999.9,18,7.6,5.5
16585596,0723,80.7,80.2,83.3,49.3,47.3,47.5,999.9,897.9,897.4,41.0,13.7,10.9,5.1,7.7,8.3,19.0,16.5,16.2,100.0,96.0,96.0,59.0,66.9,68.6,0.0,0.0,0.1,999.9,999.9,999.9,0,7.7,6.1
16585596,0723,82.8,80.2,83.0,36.2,47.3,47.5,869.5,898.7,901.6,9.8,13.9,11.5,6.4,7.7,8.1,13.0,16.6,16.3,93.9,95.9,96.1,64.9,66.9,68.1,0.0,0.0,0.1,999.9,999.9,999.9,18,7.7,5.5
16585596,0723,86.8,80.2,83.1,48.9,47.2,47.2,872.4,898.7,901.7,9.9,13.9,11.5,10.4,7.7,8.0,15.0,16.5,15.8,99.0,95.9,96.1,75.0,67.0,68.2,0.02,0.0,0.1,999.9,999.9,999.9,18,7.7,6.1
16585596,0723,62.0,80.2,83.2,40.5,47.3,47.0,999.9,898.7,901.8,10.0,13.9,11.5,10.1,7.7,8.0,13.0,16.6,15.9,104.0,95.9,96.1,72.0,67.0,68.5,0.0,0.0,0.1,999.9,999.9,999.9,0,7.7,6.7
16585596,0723,79.3,80.1,82.7,44.1,47.2,46.9,868.1,899.4,906.0,9.8,13.8,11.5,3.7,7.7,8.0,15.0,16.6,15.7,100.0,96.1,96.6,73.9,67.0,68.4,0.15,0.0,0.0,999.9,999.9,999.9,18,7.7,6.7
16585596,0723,88.1,80.1,82.4,45.2,47.2,46.6,873.5,899.4,901.7,22.3,13.8,11.5,6.2,7.7,7.8,15.0,16.5,15.5,95.0,96.1,96.6,73.0,67.1,68.6,0.0,0.0,0.0,999.9,999.9,999.9,0,7.6,7.3
16585596,0723,80.9,80.2,82.4,49.2,47.1,46.8,873.6,899.4,897.4,9.7,13.8,11.9,10.2,7.7,7.7,31.1,16.5,15.4,99.0,96.1,96.7,54.0,67.1,69.1,0.0,0.0,0.0,999.9,999.9,999.9,18,7.6,7.3
16585596,0723,89.2,80.1,82.2,57.5,47.2,47.0,870.0,899.4,897.5,10.0,13.7,11.9,6.9,7.7,7.8,19.0,16.6,16.1,98.1,96.2,96.7,71.1,67.0,68.5,0.15,0.0,0.0,999.9,999.9,999.9,0,7.6,7.9
16585596,0723,77.5,80.2,82.5,55.6,47.2,47.1,866.4,898.6,897.5,14.9,13.7,11.9,8.8,7.7,7.7,11.1,16.6,16.1,93.0,96.2,96.8,72.0,67.1,68.5,0.0,0.0,0.0,999.9,999.9,999.9,0,7.6,7.3
16585596,0723,85.2,80.2,82.1,55.9,47.2,47.0,873.6,898.6,897.3,10.0,13.7,12.0,5.6,7.7,7.8,20.0,16.6,15.9,93.0,96.2,96.8,54.0,67.1,68.7,0.15,0.0,0.0,999.9,999.9,999.9,0,7.6,7.3
16585596,0723,79.9,80.2,82.2,44.1,47.2,47.0,999.9,898.6,893.1,10.0,13.7,12.0,11.6,7.7,7.7,19.0,16.5,15.9,102.9,96.2,96.7,64.9,67.1,68.0,0.0,0.0,0.0,999.9,999.9,999.9,0,7.6,7.3
16585596,0723,62.0,80.2,82.3,58.4,47.2,46.8,873.0,898.6,897.3,10.0,13.7,12.0,6.6,7.7,7.9,15.0,16.5,15.8,100.0,96.2,96.8,54.0,67.0,67.7,0.0,0.0,0.0,999.9,999.9,999.9,0,7.5,6.7
16585596,0723,88.8,80.1,81.8,50.2,47.3,47.4,869.7,898.6,897.3,10.0,13.7,12.0,6.9,7.7,7.8,13.0,16.5,15.7,98.1,96.2,96.7,62.1,66.9,67.1,0.0,0.0,0.0,999.9,999.9,999.9,0,7.5,6.7
16585596,0723,86.8,80.1,82.1,46.5,47.3,47.3,869.5,898.6,897.1,10.0,13.7,12.0,5.1,7.7,7.8,31.1,16.4,15.8,93.9,96.2,96.7,66.9,66.9,67.0,0.0,0.0,0.0,999.9,999.9,999.9,0,7.4,6.7
16585596,0723,76.8,80.2,82.0,34.9,47.3,47.0,870.4,898.6,897.0,9.9,13.7,12.0,6.4,7.7,7.6,15.0,16.5,16.2,98.1,96.2,96.7,62.2,66.8,66.8,0.0,0.0,0.0,999.9,999.9,999.9,0,7.3,6.1
16585596,0723,89.2,80.1,81.7,49.3,47.2,46.5,870.0,898.6,896.9,9.9,13.6,12.0,5.3,7.7,7.6,10.1,16.5,16.3,102.0,96.2,96.8,66.2,66.8,66.5,0.0,0.0,0.0,999.9,999.9,999.9,0,7.2,6.1
16585596,0723,89.2,80.2,81.8,44.6,47.2,46.5,869.5,898.5,896.8,10.0,13.6,12.0,9.3,7.7,7.6,18.1,16.4,16.2,93.0,96.1,97.1,75.0,66.9,66.6,0.02,0.0,0.0,999.9,999.9,999.9,18,7.1,6.1
16585596,0723,88.1,80.2,81.8,54.1,47.2,46.5,870.4,898.5,892.5,41.0,13.6,12.1,5.1,7.7,7.5,17.1,16.4,16.4,87.1,96.2,96.7,73.9,67.0,66.7,0.0,0.0,0.0,999.9,999.9,999.9,48,7.2,6.1
16585596,0723,83.0,80.4,82.1,48.9,47.2,46.6,999.9,898.5,888.1,10.0,13.8,13.1,6.4,7.7,7.5,22.0,16.4,16.5,102.9,96.1,96.5,75.9,67.0,66.8,0.0,0.0,0.0,999.9,999.9,999.9,18,7.5,7.7
16585596,0723,82.3,80.4,82.1,57.6,47.2,46.7,869.6,899.2,892.4,13.5,13.8,12.7,5.6,7.7,7.5,34.0,16.5,16.6,93.9,96.1,96.8,73.9,67.1,67.1,0.0,0.0,0.0,999.9,999.9,999.9,0,7.6,8.3
16585596,0723,76.4,80.5,81.9,54.1,47.3,47.0,875.8,898.5,892.3,9.7,13.8,12.9,6.9,7.7,7.4,13.0,16.5,17.0,99.0,96.1,96.5,57.9,67.2,67.4,0.0,0.0,0.0,999.9,999.9,999.9,0,7.6,7.7
16585596,0723,88.1,80.4,81.7,45.2,47.3,47.3,870.0,898.5,892.5,10.0,13.6,12.8,10.4,7.7,7.4,15.0,16.5,17.0,95.0,96.1,96.9,66.0,67.2,66.9,0.0,0.0,0.0,999.9,999.9,999.9,18,7.5,7.7
16585596,0723,85.4,80.5,81.9,48.9,47.3,47.4,873.0,898.5,892.5,9.7,13.6,12.8,8.1,7.7,7.4,15.9,16.5,17.2,99.0,96.1,96.8,61.0,67.2,66.7,0.02,0.0,0.0,999.9,999.9,999.9,16,7.6,8.3
16585596,0723,82.8,80.5,82.2,48.9,47.4,47.6,870.0,898.5,888.3,39.8,13.6,12.8,10.2,7.7,7.4,14.0,16.5,17.2,99.0,96.1,96.8,66.9,67.1,66.5,0.0,0.0,0.0,999.9,999.9,999.9,0,7.5,8.8
16585596,0723,79.9,80.5,82.3,57.6,47.3,47.7,869.7,898.5,888.3,9.9,13.8,13.8,6.4,7.7,7.6,14.0,16.4,17.4,90.0,96.2,97.0,68.0,67.1,66.4,0.0,0.0,0.0,999.9,999.9,999.9,18,7.5,8.2
16585596,0723,78.3,80.5,82.1,52.0,47.4,47.9,999.9,898.5,888.2,41.0,13.8,13.8,11.6,7.7,7.4,11.1,16.4,17.0,95.0,96.1,96.8,57.0,67.1,66.5,0.0,0.0,0.0,999.9,999.9,999.9,0,7.5,8.8
16585596,0723,79.9,80.5,82.1,46.5,47.4,48.1,869.5,899.2,892.4,20.3,14.0,14.7,6.2,7.7,7.5,18.1,16.5,16.8,99.0,96.1,96.6,66.0,67.1,66.1,0.02,0.0,0.0,999.9,999.9,999.9,16,7.5,8.2
16585596,0723,83.0,80.5,82.2,45.0,47.5,48.6,868.1,899.2,892.3,10.0,14.0,15.1,6.2,7.7,7.4,22.0,16.5,16.9,104.0,96.2,96.7,62.1,67.1,66.2,0.0,0.0,0.0,999.9,999.9,999.9,0,7.6,8.1
16585596,0723,79.9,80.6,82.3,33.1,47.5,48.2,869.6,899.2,892.2,9.7,14.0,15.1,6.4,7.7,7.4,15.0,16.5,17.0,93.9,96.2,96.9,59.0,67.1,66.2,0.02,0.0,0.0,999.9,999.9,999.9,0,7.6,8.1
16585596,0723,86.6,80.7,82.0,50.2,47.4,48.0,869.5,899.2,892.2,10.0,14.0,15.1,5.3,7.7,7.4,24.3,16.5,17.2,104.0,96.2,97.0,62.1,67.1,66.0,0.0,0.0,0.0,999.9,999.9,999.9,0,7.6,8.1
16585596,0723,69.7,80.7,82.0,57.5,47.4,48.4,873.5,899.2,892.1,9.9,14.0,15.1,6.3,7.7,7.3,24.3,16.5,17.6,93.9,96.3,97.5,64.9,67.0,65.7,0.0,0.0,0.0,999.9,999.9,999.9,18,7.5,7.5
16585596,0723,83.0,80.7,81.6,46.5,47.5,48.7,872.4,898.5,887.9,9.8,14.0,14.0,6.5,7.7,7.4,11.1,16.6,17.8,93.9,96.2,97.3,61.0,67.0,65.9,0.0,0.0,0.0,999.9,999.9,999.9,0,7.6,8.1
16585596,0723,89.2,80.7,81.6,54.6,47.5,49.0,872.4,897.8,888.0,9.9,14.0,14.0,7.8,7.7,7.4,15.0,16.5,17.7,93.9,96.2,97.3,66.0,66.9,65.7,0.0,0.0,0.0,999.9,999.9,999.9,18,7.6,7.5
16585596,0723,76.8,80.8,81.7,57.2,47.6,49.2,873.6,897.7,888.0,10.0,14.0,14.0,9.6,7.7,7.3,11.1,16.6,17.7,99.0,96.1,97.1,70.0,66.9,65.4,0.0,0.0,0.0,999.9,999.9,999.9,0,7.6,7.5
16585596,0723,82.7,80.7,82.2,41.6,47.6,49.8,999.9,897.8,883.8,9.9,14.0,14.0,4.7,7.7,7.3,17.1,16.5,17.7,102.0,96.2,97.0,71.1,66.9,65.4,0.0,0.0,0.0,999.9,999.9,999.9,0,7.6,7.5
16585596,0723,83.0,80.7,82.3,44.1,47.6,49.7,999.9,898.4,888.2,10.0,14.0,14.0,5.3,7.7,7.3,12.0,16.5,17.7,99.0,96.1,97.0,62.2,67.0,65.3,0.0,0.0,0.0,999.9,999.9,999.9,0,7.5,6.9
16585596,0723,79.9,80.8,82.1,57.6,47.5,49.7,873.0,899.2,892.4,10.0,14.0,13.6,6.3,7.7,7.3,15.9,16.5,17.6,99.0,96.2,97.2,54.0,67.0,64.9,0.0,0.0,0.0,999.9,999.9,999.9,18,7.4,6.9
16585596,0723,89.2,80.8,82.1,41.4,47.6,49.9,870.4,899.2,892.4,9.8,14.0,13.6,8.2,7.7,7.1,18.1,16.5,17.1,99.0,96.2,97.2,71.1,66.9,64.9,0.0,0.0,0.0,999.9,999.9,999.9,18,7.5,6.9
16585596,0723,81.8,80.8,82.1,57.6,47.6,49.4,999.9,899.1,892.4,20.3,14.0,13.6,10.6,7.7,7.2,8.9,16.5,17.1,99.0,96.2,97.2,71.1,67.0,64.9,0.0,0.0,0.0,999.9,999.9,999.9,0,7.6,7.5
16585596,0723,79.9,80.8,82.2,55.9,47.7,49.5,873.6,899.9,896.9,10.0,14.1,13.8,6.4,7.7,7.2,10.1,16.5,17.0,104.0,96.2,97.4,57.0,67.0,64.9,0.17,0.0,0.0,999.9,999.9,999.9,0,7.5,7.5
16585596,0723,80.3,80.7,82.1,52.0,47.8,49.5,875.8,899.9,896.9,10.0,14.1,13.8,10.2,7.7,7.3,20.0,16.4,16.7,79.0,96.3,97.8,66.2,66.9,65.0,0.0,0.0,0.0,999.9,999.9,999.9,0,7.4,7.5
16585596,0723,82.3,80.7,82.1,57.6,47.8,49.7,872.7,899.2,892.7,9.9,14.1,13.8,9.5,7.7,7.2,14.0,16.4,16.7,93.9,96.2,97.0,62.2,66.9,65.0,0.0,0.0,0.0,999.9,999.9,999.9,0,7.4,7.5
16585596,0723,89.2,80.8,82.7,54.6,47.9,49.7,870.0,899.2,892.7,9.8,14.1,13.8,4.9,7.8,7.3,24.1,16.5,16.7,90.0,96.2,96.8,57.9,66.9,65.3,0.0,0.0,0.0,999.9,999.9,999.9,18,7.4,7.5
16585596,0723,81.1,80.9,82.8,44.6,47.8,49.9,872.4,899.2,892.7,9.9,14.0,13.8,9.3,7.7,7.2,12.0,16.5,17.1,90.0,96.1,96.5,70.0,66.8,65.2,0.11,0.0,0.0,999.9,999.9,999.9,0,7.5,8.1
16585596,0723,80.3,80.9,82.6,44.1,47.8,49.8,871.0,898.5,892.8,10.0,14.0,13.8,8.8,7.7,7.4,19.0,16.5,16.4,99.0,96.1,96.4,66.0,66.8,65.3,0.0,0.0,0.0,999.9,999.9,999.9,48,7.4,8.1
16585596,0723,81.1,80.8,82.7,47.2,47.7,50.1,870.5,897.8,892.8,10.0,14.0,13.8,10.1,7.7,7.5,15.9,16.5,16.5,91.9,96.1,96.4,66.0,66.8,65.4,0.02,0.0,0.0,999.9,999.9,999.9,18,7.7,9.7
16585596,0723,82.8,80.8,82.4,48.9,47.7,50.0,868.1,897.1,892.9,10.0,13.9,13.8,8.2,7.8,7.6,15.9,16.6,16.7,95.0,96.1,96.0,61.0,66.7,65.4,0.0,0.0,0.0,999.9,999.9,999.9,0,7.7,10.3
16585596,0723,76.7,80.9,82.2,49.3,47.7,50.2,999.9,896.3,892.8,9.7,13.9,13.8,5.6,7.8,7.6,15.9,16.6,16.7,98.1,96.1,96.1,62.2,66.7,64.9,0.11,0.0,0.0,999.9,999.9,999.9,0,7.6,9.7
16585596,0723,86.8,80.9,81.8,41.2,47.7,50.0,872.9,896.3,897.1,22.3,13.9,12.8,6.9,7.7,7.6,19.0,16.6,16.6,79.0,96.1,96.5,66.9,66.7,64.5,0.0,0.0,0.0,999.9,999.9,999.9,18,7.6,8.1
16585596,0723,79.3,80.9,81.9,55.6,47.7,49.8,869.7,896.4,892.9,10.0,13.9,13.2,11.6,7.7,7.6,10.1,16.6,16.5,104.0,96.0,95.7,62.1,66.7,64.2,0.0,0.0,0.0,999.9,999.9,999.9,0,7.6,8.1
16585596,0723,77.1,80.8,81.8,58.4,47.8,49.7,872.9,896.4,892.9,13.5,13.9,13.0,10.6,7.7,7.8,15.0,16.6,15.7,89.1,96.0,96.0,66.9,66.6,63.8,0.0,0.0,0.0,999.9,999.9,999.9,0,7.5,8.1
16585596,0723,79.3,80.9,81.9,37.5,47.9,49.8,869.6,896.4,892.8,10.0,13.9,13.2,6.9,7.7,7.9,19.0,16.5,15.8,104.0,96.0,95.7,66.0,66.6,64.1,0.0,0.0,0.0,999.9,999.9,999.9,0,7.4,8.1
16585596,0723,88.1,80.9,81.6,40.5,47.9,49.6,870.4,895.6,892.8,30.7,13.9,13.2,6.6,7.7,7.8,12.0,16.5,15.9,90.0,96.1,96.0,62.2,66.6,64.1,0.14,0.0,0.0,999.9,999.9,999.9,18,7.4,7.5
16585596,0723,89.2,80.9,81.7,45.2,47.8,49.3,875.8,895.6,892.7,22.2,14.0,13.9,9.3,7.7,7.8,24.3,16.5,15.8,79.0,96.0,95.7,66.2,66.5,64.2,0.0,0.0,0.0,999.9,999.9,999.9,0,7.5,7.5
16585596,0723,85.2,80.9,81.9,57.5,47.8,49.2,871.0,895.6,892.9,30.7,14.1,13.3,10.6,7.8,7.7,13.0,16.6,16.1,93.9,96.0,95.0,62.1,66.5,64.1,0.0,0.0,0.0,999.9,999.9,999.9,2,7.4,7.5
16585596,0723,77.1,80.9,82.1,44.6,47.9,49.2,999.9,895.6,892.9,10.0,14.2,14.0,8.8,7.8,7.9,13.0,16.6,16.1,88.7,96.0,95.2,66.9,66.5,64.0,0.0,0.0,0.0,999.9,999.9,999.9,0,7.4,7.0
16585596,0723,89.2,81.0,82.0,45.0,47.9,48.9,866.4,896.4,892.9,10.0,14.2,12.9,11.6,7.8,7.8,14.0,16.6,16.2,99.0,95.9,94.9,70.0,66.4,64.3,0.0,0.0,0.0,999.9,999.9,999.9,0,7.4,7.0
16585596,0723,86.6,81.0,82.3,45.2,48.0,48.9,869.0,895.6,892.8,9.9,14.2,12.6,10.4,7.8,8.0,18.1,16.5,16.0,99.0,95.9,94.9,57.9,66.5,64.4,0.0,0.0,0.0,999.9,999.9,999.9,18,7.3,6.5
16585596,0723,76.7,81.0,82.4,45.2,47.9,48.9,873.5,894.9,892.9,10.0,14.2,12.6,9.6,7.8,8.1,12.0,16.5,15.9,87.1,95.9,94.8,72.0,66.4,64.3,0.0,0.0,0.0,999.9,999.9,999.9,0,7.3,7.1
16585596,0723,81.8,81.0,82.3,36.2,47.8,49.3,872.4,894.2,893.0,10.0,14.1,12.6,10.1,7.8,8.2,11.1,16.4,15.8,99.0,95.9,94.5,61.0,66.4,64.7,0.14,0.0,0.0,999.9,999.9,999.9,0,7.2,7.1
16585596,0723,79.9,81.0,82.2,57.5,47.8,48.8,873.6,894.2,893.1,9.7,14.1,12.6,9.3,7.8,8.4,15.9,16.5,15.4,95.0,95.9,94.4,62.1,66.4,64.7,0.0,0.0,0.0,999.9,999.9,999.9,0,7.2,7.1
16585596,0723,82.7,80.9,82.5,57.5,47.8,48.8,869.0,894.2,893.1,10.0,14.1,12.6,11.6,7.9,8.5,31.1,16.5,15.1,93.9,95.9,94.4,62.1,66.3,64.6,0.15,0.0,0.0,999.9,999.9,999.9,18,7.2,6.5
16585596,0723,80.9,80.9,82.5,40.5,47.8,49.2,866.4,894.2,893.0,10.0,14.1,12.6,10.2,7.9,8.6,15.0,16.5,15.8,90.0,95.8,94.4,66.0,66.3,64.6,0.33,0.0,0.0,999.9,999.9,999.9,0,7.2,7.1
16585596,0723,79.9,81.0,82.2,44.6,47.8,48.7,869.5,894.2,892.8,9.9,14.1,12.6,6.2,7.9,8.7,12.0,16.5,15.8,99.0,95.8,94.3,66.9,66.2,64.6,0.0,0.0,0.0,999.9,999.9,999.9,18,7.1,6.5
16585596,0723,80.9,81.0,82.3,45.0,47.8,48.3,999.9,894.2,892.6,39.8,14.1,12.6,5.1,7.9,8.6,11.1,16.5,15.8,99.0,95.9,94.3,72.0,66.2,64.5,0.0,0.0,0.0,999.9,999.9,999.9,0,7.2,7.1
16585596,0723,77.1,80.9,82.3,45.2,47.8,48.4,999.9,894.9,892.6,10.0,14.3,13.6,6.2,7.8,8.6,19.0,16.5,15.6,104.0,95.9,94.2,71.1,66.3,64.5,0.0,0.0,0.0,999.9,999.9,999.9,0,7.1,7.1
16585596,0723,79.3,81.0,82.1,36.2,47.8,48.4,999.9,895.6,892.6,22.2,14.3,13.6,9.3,7.8,8.7,15.9,16.6,15.8,102.9,95.9,94.4,70.0,66.3,64.8,0.0,0.0,0.0,999.9,999.9,999.9,0,7.1,7.1
16585596,0723,82.8,81.0,82.1,44.6,47.8,47.7,871.4,896.3,896.9,9.7,14.3,14.0,9.3,7.8,8.8,15.0,16.5,15.8,90.0,96.0,94.5,71.1,66.3,65.4,0.02,0.0,0.0,999.9,999.9,999.9,0,7.1,6.5
16585596,0723,78.4,81.0,81.8,55.9,47.7,47.8,872.9,896.3,896.9,9.8,14.1,14.0,6.3,7.8,8.8,15.9,16.6,15.7,102.0,95.9,94.2,57.0,66.3,65.4,0.33,0.0,0.0,999.9,999.9,999.9,16,7.1,5.9
16585596,0723,77.5,81.0,81.7,34.9,47.7,47.8,869.5,896.3,892.7,10.0,14.1,13.7,9.6,7.9,8.6,15.0,16.6,15.9,93.9,95.9,94.3,63.0,66.2,64.9,0.0,0.0,0.1,999.9,999.9,999.9,18,7.2,6.4
16585596,0723,74.2,81.0,81.7,45.2,47.6,47.1,870.4,896.3,892.5,10.0,14.1,13.7,7.8,7.9,8.8,26.0,16.5,16.1,95.0,95.9,93.9,71.1,66.2,65.1,0.0,0.0,0.0,999.9,999.9,999.9,0,7.3,7.0
16585596,0723,80.3,80.9,81.5,54.1,47.6,46.9,872.9,896.3,892.4,9.8,14.1,13.7,5.1,7.9,8.7,14.0,16.6,16.3,104.0,95.9,94.5,71.1,66.2,65.3,0.0,0.0,0.0,999.9,999.9,999.9,0,7.3,7.0
16585596,0723,79.3,80.9,81.4,37.5,47.7,46.7,999.9,896.3,892.4,9.8,14.0,13.7,9.3,7.9,8.5,15.0,16.6,16.3,102.9,96.0,94.8,75.9,66.1,65.6,0.0,0.0,0.0,999.9,999.9,999.9,0,7.2,7.0
16585596,0723,85.4,80.9,81.1,45.2,47.6,46.2,871.5,897.1,896.7,14.9,14.0,13.7,9.5,7.9,8.7,19.0,16.5,16.0,89.1,96.0,95.2,66.2,66.2,66.2,0.11,0.0,0.0,999.9,999.9,999.9,18,7.1,6.4
16585596,0723,76.7,80.9,81.2,58.4,47.6,46.2,873.5,896.3,896.7,9.9,14.0,13.8,10.1,7.9,8.7,8.9,16.5,16.2,102.0,96.0,95.2,66.0,66.2,66.0,0.0,0.0,0.0,999.9,999.9,999.9,48,7.2,7.0
16585596,0723,82.7,81.0,81.1,55.6,47.6,46.7,872.4,896.3,896.7,9.9,14.0,13.8,10.2,7.8,8.7,13.0,16.5,15.9,93.9,96.0,95.3,62.1,66.2,66.0,0.33,0.0,0.0,999.9,999.9,999.9,48,7.5,7.0
16585596,0723,76.7,81.0,81.1,45.2,47.7,46.9,872.7,895.6,896.8,22.3,14.0,13.8,5.3,7.8,8.7,26.0,16.5,15.8,95.0,96.1,95.4,57.0,66.2,65.9,0.0,0.0,0.1,999.9,999.9,999.9,18,7.7,8.0
16585596,0723,74.2,81.1,80.9,47.2,47.7,46.8,873.1,894.9,897.0,9.9,14.0,14.2,8.8,7.8,8.6,19.0,16.5,16.1,102.9,96.1,95.4,71.1,66.1,65.8,0.02,0.0,0.1,999.9,999.9,999.9,18,7.7,8.6
16585596,0723,79.3,81.1,80.8,55.9,47.7,46.7,870.5,894.9,892.7,10.0,14.0,14.2,6.3,7.9,8.7,19.0,16.6,16.2,95.0,96.1,95.5,63.0,66.2,66.1,0.01,0.0,0.1,999.9,999.9,999.9,0,7.7,9.2
16585596,0723,77.5,81.0,80.6,50.2,47.7,47.2,869.7,895.0,892.7,10.0,14.0,13.8,8.8,7.9,8.7,20.0,16.6,16.2,102.9,96.1,96.1,61.0,66.1,65.9,0.0,0.0,0.1,999.9,999.9,999.9,18,7.6,8.6
16585596,0723,87.8,81.0,80.5,52.0,47.8,47.1,872.7,894.9,892.7,9.9,13.8,13.8,6.9,7.9,8.6,18.1,16.6,16.6,93.0,96.2,96.0,62.1,66.2,65.9,0.0,0.0,0.1,999.9,999.9,999.9,0,7.6,9.2
16585596,0723,79.9,81.0,80.9,52.0,47.8,46.8,872.4,894.9,892.6,10.0,13.7,13.7,6.9,7.9,8.5,12.0,16.6,16.7,88.7,96.1,96.2,70.0,66.2,65.7,0.0,0.0,0.1,999.9,999.9,999.9,0,7.5,9.2
16585596,0723,88.8,80.9,80.9,41.4,47.9,47.3,869.5,894.9,892.7,22.3,13.7,13.7,4.7,7.9,8.5,13.0,16.6,16.4,102.0,96.1,95.7,63.0,66.1,65.9,0.0,0.0,0.1,999.9,999.9,999.9,0,7.3,9.2
16585596,0723,83.0,81.0,80.9,57.2,47.8,47.4,873.0,894.9,892.7,39.8,13.8,13.4,6.9,7.9,8.4,12.0,16.6,16.5,102.9,96.1,96.1,73.0,66.1,65.9,0.0,0.0,0.0,999.9,999.9,999.9,2,7.3,8.6
16585596,0723,83.0,81.0,80.7,54.6,47.9,47.8,873.0,894.9,892.6,10.0,13.9,14.0,9.3,7.8,8.4,20.0,16.6,16.1,99.0,96.1,96.9,68.0,66.1,66.1,0.0,0.0,0.0,999.9,999.9,999.9,0,7.3,8.7
16585596,0723,86.6,81.0,80.7,49.3,48.0,47.7,871.5,894.9,892.7,10.0,13.9,13.3,9.9,7.8,8.3,11.1,16.5,16.3,95.0,96.1,97.0,75.0,66.1,66.3,0.11,0.0,0.0,999.9,999.9,999.9,16,7.2,8.6
16585596,0723,80.7,81.0,81.0,55.6,48.0,47.8,872.4,894.9,888.4,9.9,13.9,13.3,9.3,7.8,8.4,14.0,16.5,16.2,102.9,96.2,97.2,63.0,66.2,66.6,0.15,0.0,0.1,999.9,999.9,999.9,18,7.3,9.1
16585596,0723,88.1,81.0,80.7,49.2,48.0,48.2,870.0,894.9,888.6,10.0,13.9,13.3,8.1,7.9,8.3,15.9,16.4,16.2,93.0,96.2,97.4,62.1,66.2,66.4,0.11,0.0,0.1,999.9,999.9,999.9,18,7.3,9.7
16585596,0723,80.9,81.1,80.7,58.4,48.0,48.3,869.0,894.9,888.6,9.9,13.9,13.3,5.1,7.9,8.2,14.0,16.5,16.2,98.1,96.1,97.2,64.9,66.1,66.5,0.02,0.0,0.1,999.9,999.9,999.9,18,7.4,9.7
16585596,0723,77.5,81.1,80.9,54.5,48.1,48.7,873.0,894.9,888.5,9.9,13.9,13.3,5.6,7.9,8.1,15.9,16.5,16.2,104.0,96.1,97.5,63.0,66.1,66.3,0.33,0.0,0.1,999.9,999.9,999.9,0,7.4,10.3
16585596,0723,89.2,81.1,80.7,39.9,48.1,49.4,873.5,894.2,888.5,10.0,13.9,13.3,6.3,7.9,7.9,24.1,16.4,16.4,95.0,96.2,97.7,71.1,66.1,66.3,0.0,0.0,0.1,999.9,999.9,999.9,0,7.4,10.3
16585596,0723,80.9,81.1,81.0,33.1,48.1,48.8,872.4,894.2,888.5,22.2,13.9,13.3,8.7,7.8,7.8,14.0,16.5,16.7,98.1,96.2,97.7,64.9,66.1,66.6,0.0,0.0,0.1,999.9,999.9,999.9,18,7.4,10.3
16585596,0723,79.9,81.1,81.0,55.6,47.9,48.0,872.4,894.3,888.6,10.0,14.0,13.7,6.4,7.9,7.7,14.0,16.4,16.1,95.0,96.2,97.8,61.0,66.1,66.7,0.33,0.0,0.1,999.9,999.9,999.9,18,7.5,10.3
16585596,0723,74.2,81.1,81.0,45.2,48.0,48.5,871.5,894.3,888.8,10.0,14.0,13.7,9.5,7.8,7.6,17.1,16.4,16.1,100.0,96.2,98.0,71.1,66.1,66.6,0.0,0.0,0.1,999.9,999.9,999.9,0,7.6,10.9
16585596,0723,86.6,81.0,80.8,49.3,48.0,48.5,873.6,894.2,888.9,10.0,13.9,13.7,10.2,7.9,7.7,11.1,16.5,16.2,98.1,96.1,98.0,71.1,66.1,66.7,0.02,0.0,0.1,999.9,999.9,999.9,18,7.6,10.3
16585596,0723,80.9,81.0,81.0,41.4,48.0,48.6,872.4,893.5,884.7,10.0,13.9,12.7,9.6,7.9,7.9,10.1,16.4,16.2,95.0,96.2,98.0,68.0,66.1,66.7,0.15,0.0,0.1,999.9,999.9,999.9,18,7.6,10.9
16585596,0723,85.2,81.1,81.1,45.2,47.9,48.5,999.9,893.6,880.4,9.7,13.7,12.7,6.9,7.9,8.0,12.0,16.4,15.9,99.0,96.2,97.7,62.2,66.0,66.6,0.17,0.0,0.1,999.9,999.9,999.9,0,7.7,11.5
16585596,0723,88.1,81.1,81.3,52.0,47.9,48.8,999.9,893.6,880.4,10.0,13.7,12.3,9.9,7.9,7.9,8.9,16.3,15.8,102.9,96.2,97.6,73.9,66.0,66.3,0.0,0.0,0.1,999.9,999.9,999.9,18,7.7,11.5
16585596,0723,85.4,81.1,81.5,55.9,47.8,49.0,871.0,894.3,884.7,10.0,13.7,12.3,3.7,7.9,7.9,15.0,16.3,15.6,95.0,96.2,98.0,70.0,66.0,66.4,0.0,0.0,0.1,999.9,999.9,999.9,0,7.7,12.1
16585596,0723,76.7,81.1,81.7,57.2,47.9,49.0,873.5,893.5,884.6,9.9,13.6,12.3,10.4,7.9,7.8,10.1,16.2,15.6,102.9,96.2,97.8,62.1,66.1,66.8,0.03,0.0,0.1,999.9,999.9,999.9,0,7.7,11.6
16585596,0723,86.6,81.1,81.7,37.5,47.9,49.8,873.1,893.5,884.8,9.8,13.6,12.3,6.6,7.9,7.8,24.3,16.2,15.4,95.0,96.3,98.1,72.0,66.1,66.8,0.0,0.0,0.1,999.9,999.9,999.9,18,7.7,11.0
16585596,0723,69.7,81.1,82.1,40.5,47.9,49.5,999.9,893.6,884.9,9.9,13.6,12.3,4.9,7.9,7.8,22.0,16.3,15.4,93.0,96.3,98.1,62.1,66.1,66.8,0.11,0.0,0.1,999.9,999.9,999.9,18,7.6,11.6
16585596,0723,79.3,81.1,81.7,57.5,47.8,49.1,999.9,894.3,889.1,9.9,13.6,12.3,3.7,7.9,7.8,12.0,16.4,15.6,98.1,96.3,97.7,62.1,66.1,66.5,0.02,0.0,0.1,999.9,999.9,999.9,18,7.4,12.2
16585596,0723,76.8,81.1,81.7,58.4,47.8,49.7,999.9,895.0,889.1,10.0,13.6,12.3,9.6,7.9,7.6,14.0,16.3,15.5,102.9,96.3,97.5,61.0,66.0,66.1,0.17,0.0,0.1,999.9,999.9,999.9,0,7.4,12.8
16585596,0723,79.3,81.1,81.4,45.2,47.9,50.2,869.6,895.7,893.4,10.0,13.6,12.2,11.6,7.9,7.6,17.1,16.3,15.4,90.0,96.4,98.0,71.1,66.0,65.9,0.11,0.0,0.1,999.9,999.9,999.9,18,7.3,12.2
16585596,0723,76.4,81.1,81.5,44.1,47.9,49.7,999.9,895.7,893.2,10.0,13.6,12.2,6.5,8.0,7.7,19.0,16.3,15.6,93.0,96.4,97.6,75.9,66.0,66.1,0.0,0.0,0.1,999.9,999.9,999.9,0,7.4,11.2
16585596,0723,76.4,81.1,81.3,36.2,47.9,49.4,999.9,896.4,897.5,9.9,13.4,12.2,5.6,8.0,7.5,22.0,16.2,15.8,102.0,96.4,97.6,57.9,66.1,66.5,0.11,0.0,0.1,999.9,999.9,999.9,0,7.3,9.6
16585596,0723,77.1,81.1,81.3,57.2,47.9,49.1,869.5,897.2,901.7,13.5,13.2,11.8,4.7,8.0,7.6,24.3,16.2,15.7,102.0,96.4,97.8,73.9,66.1,66.6,0.03,0.0,0.1,999.9,999.9,999.9,2,7.2,9.0
16585596,0723,81.1,81.1,81.4,55.9,47.9,49.4,870.4,897.1,901.6,39.8,13.1,11.9,10.4,8.0,7.4,18.1,16.3,15.9,104.0,96.4,97.8,57.9,66.1,66.7,0.0,0.0,0.1,999.9,999.9,999.9,0,7.1,8.5
16585596,0723,77.5,81.2,81.5,55.6,48.0,49.4,869.6,896.4,901.6,10.0,13.2,12.9,7.8,8.0,7.6,17.1,16.3,15.8,98.1,96.5,98.1,62.1,66.1,66.5,0.0,0.0,0.1,999.9,999.9,999.9,0,7.0,8.5
16585596,0723,85.2,81.1,81.5,45.2,48.1,49.6,872.9,896.4,901.6,41.0,13.2,12.9,9.6,8.0,7.5,22.0,16.3,15.7,98.1,96.5,97.9,72.0,66.1,66.5,0.03,0.0,0.1,999.9,999.9,999.9,18,7.0,7.9
16585596,0723,74.2,81.1,81.4,57.6,48.1,49.3,866.4,896.4,901.6,22.3,13.4,13.9,7.8,8.0,7.6,24.3,16.4,15.9,99.0,96.5,98.1,62.1,66.1,66.8,0.0,0.0,0.1,999.9,999.9,999.9,0,7.1,8.5
16585596,0723,88.1,81.2,81.2,57.5,48.2,49.5,873.0,896.4,901.4,30.7,13.5,14.3,10.2,8.0,7.6,24.3,16.4,16.3,104.0,96.6,98.4,71.1,66.0,66.6,0.0,0.0,0.1,999.9,999.9,999.9,0,7.0,8.5
16585596,0723,79.9,81.3,81.2,55.9,48.2,50.1,873.6,896.4,901.5,10.0,13.6,14.6,5.6,8.0,7.8,18.1,16.5,16.7,95.0,96.7,98.5,70.0,66.0,66.9,0.02,0.0,0.1,999.9,999.9,999.9,0,7.0,8.5
16585596,0723,87.8,81.3,81.0,47.1,48.2,50.0,869.0,895.7,901.6,9.9,13.6,13.6,7.8,8.0,7.8,11.1,16.5,16.9,89.1,96.7,98.2,64.9,66.1,66.8,0.02,0.0,0.1,999.9,999.9,999.9,0,7.0,8.4
16585596,0723,78.4,81.3,81.2,40.5,48.2,49.8,869.5,895.7,901.4,10.0,13.6,13.6,4.7,8.0,7.7,14.0,16.5,16.6,99.0,96.7,97.9,64.9,66.1,66.7,0.0,0.0,0.1,999.9,999.9,999.9,0,7.0,8.4
16585596,0723,76.4,81.3,80.9,54.6,48.2,49.5,870.4,895.7,901.4,14.9,13.6,13.6,6.2,8.0,7.6,10.1,16.5,16.7,89.1,96.7,98.0,62.1,66.1,66.3,0.02,0.0,0.1,999.9,999.9,999.9,18,7.0,7.9
16585596,0723,77.1,81.3,80.8,45.0,48.3,49.4,873.0,894.9,901.3,39.8,13.6,13.8,6.9,8.0,7.5,14.0,16.4,16.5,87.1,96.7,97.6,62.1,66.1,66.3,0.33,0.0,0.1,999.9,999.9,999.9,0,7.0,7.9
16585596,0723,74.2,81.3,80.4,58.4,48.3,49.3,872.4,895.0,901.4,10.0,13.8,14.8,5.6,8.0,7.4,8.9,16.4,16.5,91.9,96.7,97.4,62.1,66.1,66.3,0.0,0.0,0.1,999.9,999.9,999.9,18,7.0,7.3
16585596,0723,76.4,81.2,80.2,58.4,48.3,49.3,999.9,895.0,901.5,10.0,13.7,14.8,6.6,8.0,7.4,13.0,16.4,16.3,87.1,96.6,97.2,64.9,66.0,66.2,0.0,0.0,0.1,999.9,999.9,999.9,18,7.1,7.3
16585596,0723,85.2,81.2,80.2,33.1,48.4,49.4,869.5,895.7,905.7,9.7,13.7,14.8,6.9,7.9,7.5,31.1,16.4,16.2,102.0,96.6,96.6,54.0,66.1,66.3,0.0,0.0,0.1,999.9,999.9,999.9,0,7.2,7.9
16585596,0723,87.8,81.3,80.0,52.0,48.3,49.2,999.9,894.9,905.6,41.0,13.7,14.8,4.7,7.9,7.5,34.0,16.5,16.4,90.0,96.6,96.8,66.2,66.0,65.7,0.0,0.0,0.1,999.9,999.9,999.9,2,7.1,7.9
16585596,0723,88.8,81.4,80.3,36.2,48.3,49.8,872.4,895.6,909.8,9.9,13.9,15.4,6.5,7.9,7.4,15.9,16.6,17.1,90.0,96.5,96.6,73.9,66.1,65.7,0.0,0.0,0.1,999.9,999.9,999.9,0,7.1,7.3
16585596,0723,77.5,81.6,80.6,47.1,48.2,49.2,999.9,895.6,909.8,20.3,13.8,15.4,10.2,7.9,7.4,19.0,16.5,17.2,102.0,96.5,96.4,62.1,66.1,66.2,0.33,0.0,0.0,999.9,999.9,999.9,0,7.1,6.7
16585596,0723,88.8,81.6,80.7,58.4,48.2,49.3,871.4,896.3,914.1,9.9,13.7,15.7,9.9,7.9,7.4,31.1,16.5,17.2,89.1,96.5,96.5,62.2,66.1,65.9,0.14,0.0,0.1,999.9,999.9,999.9,0,7.1,6.7
16585596,0723,82.7,81.6,80.7,37.5,48.2,49.6,999.9,895.6,914.1,10.0,13.7,15.7,5.3,7.9,7.4,8.9,16.6,17.9,93.0,96.4,96.2,66.0,66.1,65.6,0.11,0.0,0.1,999.9,999.9,999.9,0,7.1,6.1
16585596,0723,86.8,81.6,80.8,57.2,48.1,49.4,869.6,896.4,918.3,9.9,13.7,15.7,10.1,7.9,7.2,13.0,16.6,17.9,91.9,96.4,96.1,57.0,66.1,65.5,0.01,0.0,0.1,999.9,999.9,999.9,18,7.1,5.5
16585596,0723,79.3,81.6,80.9,46.5,48.2,49.8,871.0,896.4,914.0,9.9,13.7,15.7,10.2,7.9,7.3,31.1,16.5,17.9,99.0,96.3,95.9,62.1,66.1,65.3,0.0,0.0,0.1,999.9,999.9,999.9,0,7.2,6.1
16585596,0723,81.1,81.6,80.6,39.9,48.2,49.6,999.9,896.4,909.7,9.9,13.7,15.7,10.2,7.9,7.3,34.0,16.6,18.6,99.0,96.3,95.7,75.0,66.0,64.9,0.0,0.0,0.1,999.9,999.9,999.9,0,7.2,5.5
16585596,0723,69.7,81.5,80.4,57.5,48.2,49.1,872.4,897.1,914.0,10.0,13.7,15.7,5.6,7.9,7.6,15.0,16.7,19.3,104.0,96.4,95.9,62.1,66.1,65.1,0.0,0.0,0.1,999.9,999.9,999.9,0,7.1,5.5
16585596,0723,83.0,81.4,80.2,48.9,48.3,49.1,868.1,897.1,913.9,10.0,13.7,15.7,8.7,7.9,7.4,12.0,16.7,19.4,93.0,96.5,95.9,54.0,66.0,65.1,0.0,0.0,0.1,999.9,999.9,999.9,18,7.1,5.5
16585596,0723,80.9,81.5,80.1,37.5,48.3,49.5,869.6,897.1,913.8,39.8,13.7,15.7,5.6,7.9,7.5,34.0,16.7,19.0,98.1,96.4,95.8,63.0,66.0,64.5,0.0,0.0,0.1,999.9,999.9,999.9,0,7.1,5.5
16585596,0723,76.4,81.5,80.4,54.5,48.3,49.4,999.9,897.0,909.4,13.5,13.9,16.7,10.4,7.9,7.5,13.0,16.8,19.4,99.0,96.4,96.0,66.0,66.0,64.5,0.0,0.0,0.0,999.9,999.9,999.9,0,7.1,4.9
16585596,0723,89.2,81.4,80.3,33.1,48.4,49.3,870.0,897.8,909.4,10.0,13.9,16.9,6.4,7.9,7.7,13.0,16.7,19.4,98.1,96.5,96.0,71.1,65.9,64.7,0.0,0.0,0.0,999.9,999.9,999.9,0,7.1,4.3
16585596,0723,79.9,81.5,80.8,44.6,48.4,48.5,999.9,897.8,905.1,10.0,13.8,16.9,6.6,7.9,7.6,24.1,16.8,19.4,99.0,96.4,95.9,72.0,66.0,65.0,0.0,0.0,0.0,999.9,999.9,999.9,18,7.1,4.3
16585596,0723,81.8,81.5,80.8,41.6,48.3,48.4,870.4,898.5,909.4,9.7,13.7,16.9,5.6,7.9,7.4,22.0,16.8,19.7,102.0,96.4,96.2,63.0,66.0,65.0,0.0,0.0,0.0,999.9,999.9,999.9,0,7.1,4.3
16585596,0723,80.7,81.5,81.0,57.2,48.2,48.4,999.9,897.7,905.1,10.0,13.6,16.8,10.6,7.8,7.4,26.0,16.8,19.8,99.0,96.5,96.5,62.2,66.0,64.6,0.0,0.0,0.0,999.9,999.9,999.9,0,7.1,4.3
16585596,0723,76.8,81.4,81.1,54.5,48.2,49.1,869.5,898.4,905.1,10.0,13.6,16.8,6.2,7.9,7.6,10.1,16.9,19.9,102.0,96.5,96.4,73.0,65.9,64.7,0.0,0.0,0.0,999.9,999.9,999.9,0,7.0,4.3
16585596,0723,77.1,81.4,81.1,41.6,48.2,49.0,872.4,897.7,905.1,9.7,13.6,16.7,5.6,7.8,7.6,15.0,16.9,19.4,95.0,96.6,96.4,71.1,66.0,64.7,0.02,0.0,0.0,999.9,999.9,999.9,18,7.0,4.3
16585596,0723,86.8,81.4,81.0,45.2,48.2,48.5,999.9,897.7,905.2,39.8,13.6,15.7,8.2,7.8,7.5,11.1,16.9,19.3,102.9,96.6,96.1,57.9,66.0,65.1,0.0,0.0,0.0,999.9,999.9,999.9,18,7.1,4.9
16585596,0723,88.1,81.5,81.3,45.2,48.1,48.1,999.9,898.5,909.5,10.0,13.6,16.7,9.5,7.9,7.5,14.0,16.8,19.1,102.0,96.5,96.2,64.9,66.0,65.0,0.0,0.0,0.0,999.9,999.9,999.9,18,7.2,5.5
16585596,0723,81.8,81.5,81.4,45.2,48.1,48.1,873.1,899.2,913.8,9.9,13.6,15.7,9.6,7.8,7.5,19.0,16.8,18.8,99.0,96.6,96.4,57.0,65.9,64.8,0.11,0.0,0.0,999.9,999.9,999.9,18,7.3,5.5
16585596,0723,82.3,81.6,81.6,47.1,48.2,47.7,875.8,899.2,914.0,9.9,13.6,15.3,5.6,7.9,7.5,13.0,16.9,18.7,102.9,96.6,96.4,73.9,65.9,64.6,0.0,0.0,0.0,999.9,999.9,999.9,18,7.4,6.1
16585596,0723,81.1,81.6,81.4,57.5,48.2,47.4,873.5,899.2,914.1,10.0,13.6,14.6,8.8,7.9,7.4,13.0,16.8,18.3,88.7,96.6,96.3,73.0,66.0,64.7,0.0,0.0,0.0,999.9,999.9,999.9,0,7.5,6.7
16585596,0723,78.4,81.5,81.5,45.2,48.3,47.4,872.4,899.2,914.1,9.9,13.6,14.6,9.5,7.9,7.5,13.0,16.8,18.1,95.0,96.5,96.1,66.0,66.0,64.8,0.0,0.0,0.0,999.9,999.9,999.9,0,7.5,6.7
16585596,0723,79.9,81.5,81.2,54.1,48.3,47.4,869.5,899.2,914.2,10.0,13.6,14.6,6.5,7.9,7.5,19.0,16.8,18.2,79.0,96.5,96.3,57.9,66.0,64.8,0.14,0.0,0.0,999.9,999.9,999.9,0,7.4,6.7
16585596,0723,76.8,81.4,81.2,46.5,48.3,47.8,999.9,899.2,914.2,9.7,13.6,14.6,6.5,7.9,7.6,8.9,16.8,18.3,99.0,96.4,95.7,66.9,66.0,64.6,0.0,0.0,0.0,999.9,999.9,999.9,0,7.4,6.7
16585596,0723,80.7,81.5,81.2,50.2,48.4,47.6,871.4,899.2,918.5,9.7,13.5,14.4,5.6,7.9,7.6,10.1,16.7,18.3,93.9,96.4,96.0,66.0,66.0,64.8,0.0,0.0,0.0,999.9,999.9,999.9,18,7.3,6.1
16585596,0723,85.4,81.5,81.3,47.2,48.3,47.7,999.9,899.2,918.4,10.0,13.4,13.4,10.1,7.9,7.6,13.0,16.7,18.2,99.0,96.5,96.2,62.1,66.0,64.9,0.0,0.0,0.0,999.9,999.9,999.9,0,7.4,6.7
16585596,0723,76.7,81.6,81.7,47.2,48.4,47.4,871.4,899.9,922.7,10.0,13.4,13.4,5.1,7.8,7.7,15.9,16.7,18.3,102.9,96.5,96.5,61.0,66.0,64.9,0.0,0.0,0.0,999.9,999.9,999.9,0,7.4,6.1
16585596,0723,80.9,81.7,81.7,48.9,48.4,47.0,869.5,899.2,918.4,10.0,13.3,13.4,9.3,7.8,7.7,24.3,16.7,18.4,104.0,96.5,97.0,64.9,66.0,64.8,0.0,0.0,0.0,999.9,999.9,999.9,0,7.4,5.5
16585596,0723,85.2,81.6,81.6,45.2,48.4,47.5,999.9,899.2,918.4,14.9,13.3,13.4,4.7,7.8,7.8,14.0,16.7,18.2,95.0,96.6,97.0,71.1,66.0,65.1,0.0,0.0,0.0,999.9,999.9,999.9,0,7.3,5.5
16585596,0723,85.2,81.7,81.5,44.6,48.4,47.3,999.9,899.9,918.4,22.2,13.3,12.5,10.2,7.8,7.8,13.0,16.7,17.5,102.9,96.6,97.2,63.0,66.0,65.3,0.0,0.0,0.0,999.9,999.9,999.9,0,7.3,5.4
16585596,0723,88.8,81.7,81.4,48.9,48.4,47.6,869.0,900.6,922.7,9.9,13.4,13.0,10.4,7.8,7.9,19.0,16.7,17.4,99.0,96.6,97.6,54.0,66.0,64.9,0.0,0.0,0.0,999.9,999.9,999.9,0,7.3,5.4
16585596,0723,77.5,81.7,81.7,49.3,48.4,47.6,868.1,900.6,918.3,9.7,13.4,12.6,10.2,7.8,7.9,18.1,16.7,17.4,93.9,96.6,97.5,66.9,65.9,64.6,0.0,0.0,0.0,999.9,999.9,999.9,0,7.3,5.4
16585596,0723,76.4,81.7,81.4,44.1,48.4,47.3,873.6,899.9,918.2,22.2,13.4,12.6,5.6,7.8,7.9,19.0,16.6,17.0,102.0,96.6,97.7,61.0,65.9,64.8,0.0,0.0,0.0,999.9,999.9,999.9,0,7.3,5.4
16585596,0723,74.2,81.6,81.2,46.5,48.4,47.5,871.0,899.2,914.0,10.0,13.4,13.0,6.5,7.8,7.9,24.1,16.7,17.3,93.9,96.7,98.0,57.9,65.9,64.6,0.15,0.0,0.0,999.9,999.9,999.9,0,7.3,5.4
16585596,0723,82.8,81.5,80.7,49.2,48.4,47.2,999.9,899.2,914.0,30.7,13.4,13.0,6.3,7.8,7.8,15.9,16.7,17.7,95.0,96.6,98.1,71.1,65.8,64.7,0.17,0.0,0.0,999.9,999.9,999.9,0,7.3,4.8
16585596,0723,76.7,81.5,80.9,49.3,48.4,47.3,870.5,899.9,918.3,9.9,13.5,13.7,10.2,7.8,7.7,15.0,16.7,17.2,98.1,96.6,97.9,62.1,65.8,65.0,0.0,0.0,0.0,999.9,999.9,999.9,18,7.2,4.8
16585596,0723,86.6,81.5,80.7,39.9,48.3,47.6,873.0,899.9,914.0,9.9,13.5,13.7,5.3,7.8,7.7,18.1,16.7,16.6,93.9,96.7,97.9,66.0,65.8,64.5,0.0,0.0,0.0,999.9,999.9,999.9,0,7.3,5.4
16585596,0723,82.3,81.5,81.3,55.6,48.2,47.0,999.9,899.2,914.0,10.0,13.5,13.7,7.8,7.8,7.6,11.1,16.7,16.7,93.0,96.7,97.6,66.2,65.8,64.7,0.0,0.0,0.0,999.9,999.9,999.9,18,7.3,5.4
16585596,0723,89.6,81.5,81.2,54.5,48.3,47.2,873.5,899.9,918.4,9.9,13.5,13.7,7.8,7.8,7.6,10.1,16.6,16.6,95.0,96.6,97.6,61.0,65.7,65.1,0.0,0.0,0.0,999.9,999.9,999.9,0,7.3,5.4
16585596,0723,78.3,81.6,81.5,49.2,48.3,47.8,872.4,899.9,918.5,10.0,13.5,12.7,10.2,7.8,7.7,34.0,16.6,15.8,95.0,96.6,97.5,68.0,65.7,65.0,0.14,0.0,0.0,999.9,999.9,999.9,18,7.3,5.4
16585596,0723,69.7,81.6,81.6,33.1,48.3,47.6,870.0,899.9,914.3,10.0,13.5,12.6,6.9,7.8,7.7,13.0,16.7,16.5,90.0,96.6,97.3,72.0,65.7,65.1,0.02,0.0,0.0,999.9,999.9,999.9,0,7.4,6.0
16585596,0723,87.8,81.5,81.0,37.5,48.2,47.6,872.7,899.9,914.3,9.8,13.5,12.6,5.1,7.8,7.7,18.1,16.7,16.5,102.9,96.5,97.1,63.0,65.7,65.1,0.0,0.0,0.0,999.9,999.9,999.9,0,7.3,6.0
16585596,0723,88.1,81.5,81.2,39.9,48.1,47.4,873.0,899.9,910.1,22.2,13.5,12.6,9.6,7.8,7.7,15.9,16.7,16.3,102.0,96.6,97.2,70.0,65.6,64.8,0.0,0.0,0.0,999.9,999.9,999.9,18,7.3,5.4
16585596,0723,77.5,81.5,81.4,41.6,48.1,47.3,872.9,899.9,910.1,14.9,13.6,13.0,5.3,7.8,7.8,31.1,16.7,16.1,93.0,96.6,97.2,71.1,65.7,65.0,0.0,0.0,0.0,999.9,999.9,999.9,0,7.4,6.0
16585596,0723,81.8,81.4,81.3,41.2,48.1,46.8,872.4,899.2,905.9,9.9,13.6,13.2,10.4,7.7,7.6,15.9,16.8,16.3,95.0,96.6,97.0,70.0,65.7,65.3,0.0,0.0,0.0,999.9,999.9,999.9,18,7.3,6.0
16585596,0723,82.7,81.5,81.5,46.5,48.0,46.4,870.0,898.5,906.0,30.7,13.6,13.2,9.6,7.8,7.7,13.0,16.8,16.5,102.9,96.6,96.8,59.0,65.7,65.2,0.0,0.0,0.0,999.9,999.9,999.9,0,7.4,6.6
16585596,0723,81.1,81.5,81.7,52.0,48.0,46.5,872.7,898.4,905.9,10.0,13.7,13.9,5.1,7.8,7.9,19.0,16.8,16.4,87.1,96.6,97.0,73.0,65.6,64.8,0.0,0.0,0.0,999.9,999.9,999.9,0,7.4,6.0
16585596,0723,77.1,81.4,81.5,37.5,48.0,46.7,869.5,898.4,901.7,9.9,13.7,12.9,6.2,7.8,7.8,17.1,16.8,16.7,102.9,96.5,96.5,75.0,65.7,65.3,0.03,0.0,0.0,999.9,999.9,999.9,0,7.3,5.4
16585596,0723,80.7,81.4,81.1,52.0,48.0,46.5,873.6,898.4,897.3,10.0,13.7,12.9,9.5,7.8,7.7,15.9,16.8,16.8,93.9,96.6,96.5,70.0,65.7,65.7,0.0,0.0,0.0,999.9,999.9,999.9,0,7.3,4.8
16585596,0723,87.8,81.4,81.1,49.3,48.0,46.7,999.9,898.5,897.4,10.0,13.7,12.9,6.5,7.8,7.7,11.1,16.9,16.7,93.9,96.6,96.4,70.0,65.7,66.1,0.0,0.0,0.0,999.9,999.9,999.9,0,7.3,4.2
16585596,0723,77.5,81.4,81.3,41.4,48.1,46.8,999.9,898.5,901.5,9.9,13.7,12.9,6.2,7.8,7.7,15.9,16.8,16.6,99.0,96.6,96.1,64.9,65.7,66.0,0.0,0.0,0.0,999.9,999.9,999.9,18,7.3,3.6
16585596,0723,86.6,81.4,81.1,41.2,48.1,46.3,873.5,899.2,905.7,10.0,13.7,12.9,10.4,7.8,7.6,20.0,16.9,16.7,93.9,96.6,96.4,62.1,65.6,65.7,0.33,0.0,0.0,999.9,999.9,999.9,0,7.3,4.2
16585596,0723,69.7,81.4,81.4,45.2,48.0,46.1,869.0,899.2,905.7,22.3,13.7,12.9,6.2,7.8,7.6,24.3,16.9,17.0,93.0,96.6,96.4,66.0,65.6,65.6,0.0,0.0,0.0,999.9,999.9,999.9,18,7.3,4.2
16585596,0723,83.0,81.4,81.1,58.4,48.0,45.8,869.5,899.2,905.7,10.0,13.7,13.3,6.5,7.7,7.6,12.0,16.9,17.1,99.0,96.5,96.8,70.0,65.6,65.8,0.0,0.0,0.0,999.9,999.9,999.9,0,7.3,4.8
16585596,0723,85.4,81.4,81.3,55.9,48.1,46.2,873.1,899.1,901.4,10.0,13.7,13.3,8.7,7.7,7.6,11.1,16.9,17.2,88.7,96.6,96.8,66.0,65.7,65.9,0.33,0.0,0.0,999.9,999.9,999.9,18,7.2,4.8
16585596,0723,82.8,81.5,81.4,54.6,48.1,46.4,869.0,899.2,901.4,10.0,13.7,13.3,9.8,7.7,7.7,11.1,16.8,17.3,99.0,96.5,96.7,73.9,65.7,65.9,0.0,0.0,0.0,999.9,999.9,999.9,18,7.3,4.8
16585596,0723,79.9,81.4,81.3,36.2,48.2,46.7,871.4,899.2,897.1,14.9,13.7,13.3,6.6,7.8,7.7,18.1,16.8,17.2,90.0,96.6,96.7,54.0,65.7,66.3,0.0,0.0,0.0,999.9,999.9,999.9,0,7.4,5.4
16585596,0723,77.5,81.4,81.5,34.9,48.2,46.3,873.0,899.2,897.1,10.0,13.8,13.5,5.1,7.8,7.8,17.1,16.9,17.3,95.0,96.6,96.2,64.9,65.6,66.1,0.0,0.0,0.0,999.9,999.9,999.9,18,7.3,5.4
16585596,0723,80.3,81.4,81.3,45.0,48.1,45.8,872.9,898.5,897.2,10.0,13.6,13.5,9.5,7.8,7.6,17.1,16.9,17.0,95.0,96.5,95.9,64.9,65.7,66.1,0.15,0.0,0.0,999.9,999.9,999.9,0,7.4,6.0
16585596,0723,82.8,81.3,81.2,33.1,48.2,45.8,870.4,898.5,893.0,9.8,13.6,13.3,9.3,7.8,7.8,19.0,16.9,17.1,93.0,96.5,95.9,71.1,65.7,65.9,0.0,0.0,0.0,999.9,999.9,999.9,18,7.3,6.0
16585596,0723,80.9,81.3,81.1,47.1,48.1,45.4,873.6,898.5,888.6,10.0,13.6,12.9,6.9,7.8,7.8,12.0,16.9,17.3,102.0,96.5,95.6,70.0,65.6,66.2,0.0,0.0,0.0,999.9,999.9,999.9,18,7.3,6.6
16585596,0723,86.8,81.4,80.8,50.2,48.1,45.4,869.5,897.8,888.8,41.0,13.6,12.9,8.8,7.7,7.6,15.9,16.9,17.1,90.0,96.5,95.7,71.1,65.6,66.7,0.0,0.0,0.0,999.9,999.9,999.9,0,7.4,7.2
16585596,0723,62.0,81.5,81.1,39.9,48.2,45.4,866.4,897.8,888.8,10.0,13.8,13.9,9.9,7.8,7.6,14.0,16.9,17.0,95.0,96.4,95.6,62.1,65.6,66.8,0.0,0.0,0.0,999.9,999.9,999.9,18,7.3,7.2
16585596,0723,74.2,81.3,80.7,44.6,48.1,45.3,999.9,897.7,888.6,9.9,13.7,13.5,6.2,7.8,7.7,15.9,16.9,16.9,104.0,96.4,95.3,57.0,65.6,66.9,0.33,0.0,0.0,999.9,999.9,999.9,18,7.4,7.8
16585596,0723,81.1,81.3,80.7,55.6,48.1,45.2,870.5,898.4,892.9,9.8,13.7,13.5,4.9,7.8,7.7,18.1,16.8,16.6,95.0,96.5,95.7,62.1,65.6,66.8,0.0,0.0,0.1,999.9,999.9,999.9,0,7.4,8.4
16585596,0723,80.7,81.2,80.6,41.4,48.1,45.4,873.6,898.4,888.6,10.0,13.7,12.8,8.8,7.8,7.7,15.9,16.8,16.7,90.0,96.5,95.7,61.0,65.5,66.5,0.03,0.0,0.0,999.9,999.9,999.9,48,7.4,8.4
16585596,0723,77.1,81.3,80.7,55.9,48.0,45.1,875.8,898.5,888.7,10.0,13.7,12.8,6.6,7.8,7.6,13.0,16.8,16.7,102.0,96.4,95.4,62.1,65.5,66.5,0.0,0.0,0.0,999.9,999.9,999.9,2,7.6,9.4
16585596,0723,77.1,81.2,80.4,57.6,48.0,45.7,869.0,898.5,888.8,22.3,13.7,12.8,4.7,7.8,7.7,12.0,16.8,16.5,102.9,96.5,95.7,61.0,65.5,66.4,0.0,0.0,0.0,999.9,999.9,999.9,18,7.6,9.5
16585596,0723,62.0,81.2,80.3,41.4,48.1,45.8,870.0,897.8,884.4,9.7,13.7,13.2,6.3,7.7,7.6,17.1,16.8,16.6,93.9,96.5,96.0,63.0,65.5,66.2,0.0,0.0,0.0,999.9,999.9,999.9,18,7.7,9.5
16585596,0723,83.0,81.2,79.3,55.9,48.0,45.3,866.4,897.7,884.3,9.7,13.7,13.2,8.8,7.7,7.5,34.0,16.8,16.8,87.1,96.5,96.0,62.2,65.5,66.3,0.0,0.0,0.0,999.9,999.9,999.9,0,7.8,10.1
16585596,0723,80.3,81.2,79.5,41.2,48.0,45.5,869.5,897.7,884.1,9.9,13.7,13.2,9.5,7.7,7.5,19.0,16.9,16.8,87.1,96.4,95.7,70.0,65.5,66.1,0.0,0.0,0.0,999.9,999.9,999.9,18,7.8,9.5
16585596,0723,81.8,81.1,79.8,55.6,48.0,45.8,869.5,897.7,884.1,9.9,13.7,13.2,11.6,7.8,7.6,11.1,16.8,17.0,93.9,96.4,95.6,66.9,65.6,66.0,0.11,0.0,0.0,999.9,999.9,999.9,0,7.9,10.1
16585596,0723,76.4,81.2,79.6,45.0,48.1,46.4,869.5,897.7,884.0,9.8,13.7,13.2,5.6,7.8,7.8,15.9,16.8,16.8,93.0,96.3,95.3,68.0,65.6,66.1,0.0,0.0,0.0,999.9,999.9,999.9,0,7.9,10.1
16585596,0723,69.7,81.1,79.3,33.1,48.1,46.6,873.0,897.7,883.9,9.7,13.7,12.8,10.4,7.8,7.7,19.0,16.8,16.8,95.0,96.3,95.0,71.1,65.6,66.1,0.0,0.0,0.0,999.9,999.9,999.9,0,7.9,9.5
16585596,0723,81.1,81.0,79.0,55.9,48.0,46.3,872.4,897.7,883.9,13.5,13.7,12.6,4.9,7.8,7.8,24.1,16.8,16.4,95.0,96.3,95.1,75.0,65.6,66.1,0.0,0.0,0.0,999.9,999.9,999.9,18,7.8,9.5
16585596,0723,89.6,80.9,79.0,34.9,48.0,46.8,869.5,897.7,883.9,41.0,13.6,12.8,5.1,7.8,7.6,14.0,16.9,16.6,90.0,96.3,95.1,66.0,65.6,66.2,0.0,0.0,0.0,999.9,999.9,999.9,0,7.7,9.5
16585596,0723,88.1,81.0,79.2,34.9,48.0,46.4,869.0,897.0,883.9,10.0,13.8,13.1,5.6,7.8,7.5,13.0,16.8,16.7,93.9,96.3,94.6,62.1,65.5,66.5,0.0,0.0,0.0,999.9,999.9,999.9,0,7.6,9.5
16585596,0723,85.4,81.0,79.4,58.4,47.8,45.8,873.6,897.0,883.7,10.0,13.7,13.1,5.6,7.8,7.5,14.0,16.7,16.5,90.0,96.3,94.9,66.0,65.5,66.1,0.0,0.0,0.0,999.9,999.9,999.9,0,7.6,9.5
16585596,0723,81.8,81.1,79.7,49.3,47.9,46.5,869.0,897.0,883.9,41.0,13.7,13.1,8.8,7.8,7.5,26.0,16.7,16.4,87.1,96.2,94.4,71.1,65.5,65.8,0.14,0.0,0.0,999.9,999.9,999.9,18,7.6,9.5
16585596,0723,89.6,81.0,79.7,44.6,47.9,46.4,868.1,897.0,883.7,10.0,13.9,14.1,6.9,7.8,7.5,18.1,16.8,16.7,102.9,96.2,94.2,62.1,65.5,65.9,0.01,0.0,0.0,999.9,999.9,999.9,18,7.6,10.1
16585596,0723,86.6,81.0,79.8,41.4,47.9,46.3,999.9,897.0,879.3,10.0,13.9,14.1,4.9,7.8,7.5,12.0,16.8,16.9,93.9,96.2,94.5,54.0,65.5,65.6,0.14,0.0,0.0,999.9,999.9,999.9,18,7.6,10.7
16585596,0723,85.2,81.1,80.1,37.5,47.8,46.3,872.7,897.7,879.3,14.9,13.7,14.1,5.3,7.7,7.4,31.1,16.8,16.8,93.9,96.2,94.3,66.0,65.5,65.2,0.0,0.0,0.1,999.9,999.9,999.9,0,7.7,10.7
16585596,0723,80.7,81.1,80.1,45.2,47.7,46.2,871.4,897.7,879.3,10.0,13.8,14.3,10.2,7.7,7.3,13.0,16.9,17.2,104.0,96.2,94.3,62.2,65.4,65.4,0.0,0.0,0.0,999.9,999.9,999.9,0,7.6,10.7
16585596,0723,86.6,81.1,80.4,45.2,47.7,46.2,869.5,897.0,879.4,41.0,13.6,13.9,6.3,7.7,7.4,19.0,16.9,16.8,99.0,96.2,94.7,73.9,65.5,65.2,0.0,0.0,0.0,999.9,999.9,999.9,18,7.6,10.1
16585596,0723,85.4,81.1,80.5,33.1,47.7,45.7,873.6,897.0,879.4,41.0,13.7,14.9,10.6,7.7,7.4,11.1,16.9,17.0,93.9,96.2,94.7,57.9,65.5,65.4,0.03,0.0,0.0,999.9,999.9,999.9,0,7.6,10.7
16585596,0723,87.8,81.2,80.5,54.6,47.6,45.0,870.4,897.0,879.4,10.0,13.9,16.0,6.5,7.7,7.5,24.1,16.8,17.0,95.0,96.2,94.9,75.0,65.5,65.1,0.0,0.0,0.0,999.9,999.9,999.9,18,7.6,10.1
16585596,0723,80.9,81.2,80.7,55.9,47.7,45.0,873.6,897.0,879.4,9.9,13.9,16.0,6.6,7.7,7.3,17.1,16.9,17.5,93.9,96.2,94.8,71.1,65.6,65.1,0.03,0.0,0.0,999.9,999.9,999.9,0,7.7,10.1
16585596,0723,88.1,81.2,80.8,55.9,47.7,45.6,869.6,897.1,879.5,13.5,13.9,15.8,6.2,7.8,7.3,13.0,16.8,17.4,102.9,96.1,94.9,57.0,65.6,65.7,0.0,0.0,0.0,999.9,999.9,999.9,0,7.7,10.1
16585596,0723,88.1,81.3,81.1,49.3,47.7,46.3,999.9,897.0,879.4,22.2,13.9,15.9,10.4,7.8,7.4,22.0,16.8,17.3,102.0,96.2,95.1,66.0,65.6,65.4,0.0,0.0,0.0,999.9,999.9,999.9,0,7.6,9.5
16585596,0723,80.3,81.3,81.4,50.9,47.8,46.5,873.1,897.7,883.6,22.3,14.0,16.3,4.9,7.8,7.4,13.0,16.8,17.5,98.1,96.2,95.4,71.1,65.6,65.5,0.0,0.0,0.0,999.9,999.9,999.9,0,7.6,9.5
16585596,0723,80.9,81.2,81.3,55.6,47.7,47.0,870.5,897.7,883.7,10.0,14.0,16.7,8.2,7.8,7.3,15.9,16.8,17.3,100.0,96.3,95.5,75.9,65.6,65.5,0.0,0.0,0.0,999.9,999.9,999.9,18,7.5,8.9
16585596,0723,79.3,81.3,81.3,47.1,47.7,47.3,999.9,897.7,883.6,22.3,14.0,16.7,6.6,7.8,7.3,18.1,16.9,17.4,102.0,96.3,95.5,57.9,65.7,65.7,0.0,0.0,0.0,999.9,999.9,999.9,0,7.6,8.9
16585596,0723,79.9,81.3,81.0,41.2,47.8,47.2,871.4,897.7,888.0,10.0,14.1,16.1,4.7,7.8,7.2,15.9,16.9,17.5,98.1,96.3,95.9,71.1,65.6,65.2,0.0,0.0,0.0,999.9,999.9,999.9,0,7.6,8.9
16585596,0723,89.2,81.2,81.6,52.0,47.7,47.3,870.0,897.0,888.1,9.9,14.1,16.1,10.4,7.8,7.1,31.1,16.9,17.5,93.0,96.3,96.0,62.1,65.7,65.5,0.15,0.0,0.0,999.9,999.9,999.9,0,7.6,8.3
16585596,0723,82.7,81.3,82.1,57.6,47.7,47.5,999.9,897.0,883.8,10.0,14.1,16.1,8.8,7.8,7.2,15.9,17.0,18.0,104.0,96.2,95.6,59.0,65.7,65.7,0.0,0.0,0.0,999.9,999.9,999.9,16,7.5,7.7
16585596,0723,62.0,81.3,82.2,41.6,47.8,47.6,872.7,897.7,888.1,10.0,14.1,16.1,10.4,7.8,7.3,19.0,17.0,17.9,95.0,96.2,95.9,66.2,65.6,65.6,0.0,0.0,0.0,999.9,999.9,999.9,0,7.5,8.2
16585596,0723,81.1,81.1,81.6,37.5,47.7,47.6,873.1,897.0,888.1,10.0,14.1,16.1,5.6,7.8,7.4,19.0,17.0,18.1,99.0,96.2,96.1,64.9,65.6,65.8,0.0,0.0,0.0,999.9,999.9,999.9,16,7.5,6.6
16585596,0723,81.1,81.1,81.7,37.5,47.6,47.0,873.1,897.0,888.0,9.9,14.1,16.1,10.4,7.8,7.3,15.9,17.1,18.3,93.9,96.2,96.0,71.1,65.7,65.9,0.0,0.0,0.0,999.9,999.9,999.9,0,7.6,7.1
16585596,0723,79.9,81.2,81.8,44.6,47.5,46.3,999.9,897.0,888.1,9.7,14.1,15.7,4.9,7.8,7.5,18.1,17.0,18.4,102.0,96.3,95.7,71.1,65.7,66.2,0.33,0.0,0.0,999.9,999.9,999.9,18,7.6,6.5
16585596,0723,77.1,81.1,82.4,57.5,47.5,46.4,872.4,897.7,892.5,9.9,14.1,15.7,6.3,7.8,7.5,11.1,17.1,18.4,98.1,96.3,96.0,66.0,65.7,66.5,0.01,0.0,0.0,999.9,999.9,999.9,2,7.7,6.5
16585596,0723,88.1,81.1,82.2,54.5,47.5,46.5,870.5,897.7,892.7,10.0,14.1,15.7,3.7,7.8,7.4,19.0,17.0,17.7,102.9,96.4,96.3,75.9,65.8,66.6,0.02,0.0,0.0,999.9,999.9,999.9,0,7.6,6.5
16585596,0723,69.7,81.1,82.5,54.6,47.5,46.9,868.1,897.7,892.7,9.9,14.1,15.7,6.5,7.7,7.2,10.1,17.0,17.7,93.9,96.4,96.8,63.0,65.8,66.8,0.03,0.0,0.0,999.9,999.9,999.9,0,7.6,5.9
16585596,0723,86.6,81.1,82.1,34.9,47.6,46.9,866.4,897.7,892.6,10.0,14.1,15.7,6.5,7.7,7.0,18.1,17.0,17.6,90.0,96.4,96.8,66.9,65.8,66.7,0.0,0.0,0.0,999.9,999.9,999.9,48,7.3,5.9
16585596,0723,79.9,81.1,82.4,55.9,47.5,46.5,872.4,897.7,892.5,10.0,14.1,15.7,9.5,7.7,7.1,31.1,17.0,17.7,102.0,96.4,96.7,54.0,65.8,66.6,0.0,0.0,0.0,999.9,999.9,999.9,18,7.5,7.5
16585596,0723,82.3,81.1,82.8,50.2,47.6,47.3,868.1,897.7,892.5,10.0,14.1,15.7,4.9,7.7,7.0,10.1,17.1,18.1,93.9,96.4,97.0,75.0,65.8,66.1,0.0,0.0,0.0,999.9,999.9,999.9,18,7.6,8.1
16585596,0723,80.9,81.1,82.8,58.4,47.6,47.1,999.9,897.0,892.4,10.0,14.1,15.6,10.2,7.7,7.0,15.9,17.0,17.6,95.0,96.4,96.9,61.0,65.8,66.1,0.0,0.0,0.0,999.9,999.9,999.9,0,7.7,8.1
16585596,0723,62.0,81.1,82.5,57.2,47.7,47.9,868.1,897.7,896.7,10.0,14.0,14.6,6.4,7.7,7.2,18.1,17.0,17.7,90.0,96.5,97.1,71.1,65.8,65.9,0.0,0.0,0.0,999.9,999.9,999.9,18,7.6,8.1
16585596,0723,77.1,81.0,81.6,45.2,47.7,48.6,999.9,897.6,896.7,9.9,14.0,14.6,9.6,7.7,7.2,24.3,17.1,17.9,93.0,96.4,97.0,68.0,65.8,66.2,0.0,0.0,0.0,999.9,999.9,999.9,0,7.7,8.7
16585596,0723,79.9,81.0,81.4,45.2,47.6,48.2,999.9,898.4,900.9,10.0,14.0,14.6,6.2,7.7,7.4,13.0,17.1,18.2,93.9,96.4,97.1,66.2,65.8,66.3,0.02,0.0,0.0,999.9,999.9,999.9,18,7.7,8.7
16585596,0723,76.7,81.0,81.3,45.2,47.6,48.1,872.7,899.1,905.3,20.3,14.0,13.5,8.2,7.7,7.3,18.1,17.1,17.8,88.7,96.4,97.3,73.0,65.9,66.1,0.0,0.0,0.0,999.9,999.9,999.9,0,7.8,8.7
16585596,0723,88.8,80.9,80.9,44.6,47.7,48.1,999.9,899.1,905.4,10.0,13.9,13.9,5.1,7.7,7.3,26.0,17.1,17.8,104.0,96.4,96.8,63.0,65.9,66.5,0.0,0.0,0.0,999.9,999.9,999.9,0,7.7,8.1
16585596,0723,82.3,80.9,80.9,45.0,47.7,48.2,872.7,899.8,905.4,10.0,13.8,13.9,8.7,7.7,7.3,19.0,17.1,18.2,95.0,96.5,97.2,71.1,65.9,66.8,0.0,0.0,0.0,999.9,999.9,999.9,0,7.7,7.5
16585596,0723,80.7,80.9,80.8,45.2,47.6,48.4,873.0,899.8,905.4,9.7,13.7,13.7,6.4,7.7,7.4,24.3,17.2,17.8,93.9,96.5,97.2,71.1,65.9,66.9,0.0,0.0,0.0,999.9,999.9,999.9,16,7.7,7.5
16585596,0723,89.2,80.9,80.8,45.2,47.6,48.4,873.0,899.1,905.5,9.9,13.7,13.7,6.4,7.6,7.3,17.1,17.2,18.2,93.0,96.6,96.9,61.0,66.0,67.2,0.0,0.0,0.0,999.9,999.9,999.9,0,7.8,8.1
16585596,0723,78.4,80.9,80.9,50.2,47.6,48.4,872.4,899.1,905.6,9.9,13.7,12.7,10.2,7.6,7.3,31.1,17.2,18.2,104.0,96.5,96.7,71.1,65.9,66.8,0.0,0.0,0.0,999.9,999.9,999.9,18,7.8,7.5
16585596,0723,79.9,80.9,80.7,50.9,47.6,49.0,870.0,899.1,905.6,10.0,13.7,11.6,9.9,7.6,7.3,8.9,17.3,18.8,104.0,96.6,97.0,64.9,66.0,67.2,0.0,0.0,0.0,999.9,999.9,999.9,18,7.8,8.1
16585596,0723,87.8,80.9,80.4,37.5,47.7,48.9,999.9,899.1,905.5,10.0,13.7,11.6,6.2,7.6,7.4,19.0,17.3,18.3,93.0,96.6,97.3,66.9,65.9,66.9,0.0,0.0,0.0,999.9,999.9,999.9,48,7.9,8.1
16585596,0723,85.4,80.9,80.7,45.2,47.7,48.3,870.4,899.8,909.7,10.0,13.7,11.6,10.6,7.6,7.4,8.9,17.3,18.4,102.0,96.6,97.3,66.9,66.0,66.8,0.0,0.0,0.0,999.9,999.9,999.9,0,8.1,9.7
16585596,0723,85.2,80.9,80.6,47.1,47.6,47.9,872.4,899.8,909.8,20.3,13.7,11.5,10.6,7.6,7.6,18.1,17.3,18.2,102.9,96.7,97.2,70.0,66.0,67.1,0.0,0.0,0.0,999.9,999.9,999.9,0,8.1,9.7
16585596,0723,77.5,81.0,80.5,57.6,47.5,47.8,875.8,899.8,905.5,9.7,13.8,11.5,9.8,7.6,7.6,34.0,17.2,18.1,89.1,96.7,97.3,66.0,66.1,67.2,0.03,0.0,0.0,999.9,999.9,999.9,0,8.0,9.7
16585596,0723,77.5,80.9,80.4,44.6,47.6,48.1,999.9,899.9,905.6,9.7,13.8,11.0,6.4,7.6,7.7,13.0,17.3,18.8,90.0,96.7,97.0,66.0,66.1,67.0,0.0,0.0,0.0,999.9,999.9,999.9,0,8.0,9.7
16585596,0723,76.4,80.9,80.3,40.5,47.6,47.7,866.4,900.6,909.9,9.8,13.8,11.0,6.2,7.6,7.7,22.0,17.3,18.7,98.1,96.6,96.6,73.0,66.0,66.7,0.0,0.0,0.0,999.9,999.9,999.9,0,7.9,9.1
16585596,0723,83.0,80.9,80.2,46.5,47.6,47.5,871.5,899.9,905.5,10.0,13.6,10.6,9.8,7.6,7.7,15.9,17.4,18.8,102.9,96.6,96.5,71.1,66.1,67.2,0.0,0.0,0.0,999.9,999.9,999.9,0,7.9,9.1
16585596,0723,79.9,80.9,80.3,40.5,47.6,47.7,872.4,899.2,905.5,9.7,13.6,10.6,11.6,7.6,7.8,13.0,17.4,18.8,88.7,96.6,96.7,73.0,66.1,67.2,0.02,0.0,0.0,999.9,999.9,999.9,18,7.9,9.1
16585596,0723,78.4,80.9,80.0,45.2,47.6,47.3,868.1,898.4,905.6,9.7,13.6,10.6,5.3,7.6,7.9,10.1,17.4,18.2,95.0,96.6,96.5,71.1,66.1,67.6,0.0,0.0,0.0,999.9,999.9,999.9,0,8.0,9.7
16585596,0723,88.8,80.9,79.8,47.1,47.6,46.9,871.4,898.4,901.2,39.8,13.6,10.6,4.7,7.6,7.8,10.1,17.3,18.0,91.9,96.6,96.2,66.9,66.1,68.0,0.0,0.0,0.0,999.9,999.9,999.9,2,8.0,9.1
16585596,0723,81.8,81.0,80.7,45.0,47.6,47.0,873.6,898.4,901.1,22.2,13.7,11.6,3.7,7.6,7.6,15.9,17.3,17.7,90.0,96.5,96.1,71.1,66.1,68.0,0.0,0.0,0.0,999.9,999.9,999.9,0,8.0,9.2
16585596,0723,82.8,81.0,80.7,46.5,47.6,47.3,999.9,898.4,901.1,10.0,13.8,12.0,5.1,7.6,7.5,15.0,17.3,17.6,102.0,96.5,95.8,62.1,66.2,68.2,0.0,0.0,0.0,999.9,999.9,999.9,0,7.9,8.7
16585596,0723,89.2,81.0,80.8,58.4,47.7,47.6,868.1,899.2,905.4,9.9,13.8,12.0,5.6,7.6,7.3,19.0,17.3,17.6,87.1,96.5,96.1,57.9,66.1,67.9,0.0,0.0,0.0,999.9,999.9,999.9,0,7.9,8.7
16585596,0723,76.8,81.1,81.1,45.0,47.7,48.1,999.9,899.1,901.0,10.0,13.8,12.0,5.3,7.6,7.3,19.0,17.3,17.6,98.1,96.5,95.6,71.1,66.0,67.5,0.0,0.0,0.0,999.9,999.9,999.9,0,7.9,8.1
16585596,0723,69.7,81.1,81.1,40.5,47.7,47.6,870.5,899.1,905.2,22.2,13.8,12.0,9.8,7.5,7.3,11.1,17.3,17.9,102.9,96.4,95.6,57.9,66.0,67.6,0.0,0.0,0.0,999.9,999.9,999.9,2,7.9,8.0
16585596,0723,81.8,81.0,80.5,58.4,47.7,47.2,873.0,899.1,905.2,10.0,13.8,12.4,6.3,7.5,7.5,15.9,17.3,17.6,98.1,96.5,95.6,68.0,66.0,67.0,0.0,0.0,0.0,999.9,999.9,999.9,0,7.8,8.1
16585596,0723,74.2,81.0,80.9,54.6,47.7,47.3,869.7,899.1,905.4,9.8,13.8,12.4,9.5,7.5,7.5,24.3,17.3,17.8,99.0,96.5,95.7,73.0,66.0,67.2,0.01,0.0,0.0,999.9,999.9,999.9,18,7.5,8.1
16585596,0723,76.7,81.0,80.5,55.6,47.7,48.0,875.8,899.1,905.5,10.0,13.8,12.4,6.6,7.5,7.6,15.9,17.4,18.0,102.0,96.5,96.0,75.9,66.0,67.4,0.0,0.0,0.0,999.9,999.9,999.9,0,7.3,7.1
16585596,0723,86.8,81.0,80.4,48.9,47.7,47.9,873.1,899.1,905.6,10.0,13.8,12.4,9.5,7.5,7.5,8.9,17.3,17.5,87.1,96.5,96.0,66.9,66.2,68.1,0.0,0.0,0.0,999.9,999.9,999.9,18,7.2,6.5
16585596,0723,86.6,81.0,80.5,39.9,47.8,47.9,999.9,899.1,905.8,10.0,13.8,12.4,6.6,7.5,7.7,19.0,17.3,17.5,99.0,96.5,95.8,66.0,66.1,67.9,0.0,0.0,0.0,999.9,999.9,999.9,18,7.2,6.5
16585596,0723,77.1,81.1,80.7,55.6,47.7,47.3,873.5,899.8,905.8,10.0,13.8,12.4,5.6,7.5,7.5,17.1,17.3,17.6,100.0,96.5,95.9,61.0,66.1,68.0,0.0,0.0,0.0,999.9,999.9,999.9,0,7.3,7.1
16585596,0723,89.2,81.1,81.2,48.9,47.7,47.2,999.9,899.9,906.0,20.3,13.8,12.4,10.2,7.5,7.5,18.1,17.2,17.6,99.0,96.5,96.3,73.9,66.1,67.7,0.01,0.0,0.0,999.9,999.9,999.9,18,7.2,6.5
16585596,0723,82.8,81.1,81.6,54.6,47.7,47.4,999.9,900.6,906.0,10.0,13.8,12.8,10.4,7.5,7.5,18.1,17.2,17.4,104.0,96.5,96.5,57.0,66.2,67.9,0.0,0.0,0.0,999.9,999.9,999.9,0,7.3,7.1
16585596,0723,76.4,81.1,81.7,45.2,47.7,47.7,999.9,901.3,906.0,10.0,13.8,12.8,10.2,7.5,7.7,12.0,17.3,17.5,93.0,96.6,96.8,71.1,66.1,67.6,0.0,0.0,0.0,999.9,999.9,999.9,0,7.3,6.5
16585596,0723,83.0,81.0,81.7,54.6,47.7,47.7,999.9,902.0,910.2,9.9,13.7,12.4,10.4,7.6,7.7,31.1,17.3,17.3,102.0,96.5,97.0,73.9,66.2,67.5,0.0,0.0,0.0,999.9,999.9,999.9,16,7.3,6.5
16585596,0723,88.8,81.0,81.5,54.1,47.7,48.0,869.5,902.7,910.2,41.0,13.6,12.4,6.2,7.6,7.9,12.0,17.4,17.5,88.7,96.5,96.9,73.0,66.2,67.9,0.0,0.0,0.0,999.9,999.9,999.9,0,7.4,7.0
16585596,0723,78.3,81.1,81.7,57.6,47.7,48.3,872.4,902.7,910.1,10.0,13.8,13.4,6.3,7.6,7.8,22.0,17.3,17.3,89.1,96.5,96.7,75.9,66.2,68.0,0.0,0.0,0.0,999.9,999.9,999.9,0,7.4,7.0
16585596,0723,80.7,81.0,81.6,36.2,47.7,48.7,868.1,902.7,910.1,10.0,13.8,13.5,8.7,7.6,7.8,11.1,17.4,17.2,99.0,96.4,96.5,57.9,66.2,68.1,0.0,0.0,0.0,999.9,999.9,999.9,18,7.3,6.5
16585596,0723,78.3,81.0,81.4,41.2,47.6,48.4,873.6,902.7,909.9,9.9,13.8,13.5,6.2,7.6,7.9,31.1,17.4,17.0,102.9,96.4,96.7,70.0,66.2,68.0,0.0,0.0,0.0,999.9,999.9,999.9,0,7.3,7.1
16585596,0723,82.7,81.0,81.4,45.2,47.6,48.1,869.0,902.7,909.9,10.0,13.8,13.5,10.4,7.5,7.8,14.0,17.5,17.0,93.9,96.5,96.7,66.0,66.2,68.0,0.11,0.0,0.0,999.9,999.9,999.9,0,7.2,6.5
16585596,0723,76.4,81.0,81.5,52.0,47.5,47.9,868.1,902.7,909.9,22.3,13.8,13.5,10.1,7.6,7.8,10.1,17.5,17.2,89.1,96.5,96.3,64.9,66.2,68.0,0.0,0.0,0.0,999.9,999.9,999.9,18,7.1,5.9
16585596,0723,78.4,81.0,81.1,45.0,47.5,48.4,869.5,902.7,905.5,14.9,13.8,13.9,6.3,7.6,7.9,22.0,17.4,16.9,87.1,96.4,96.2,66.0,66.3,68.0,0.33,0.0,0.0,999.9,999.9,999.9,0,7.2,4.9
16585596,0723,87.8,80.9,80.8,47.1,47.5,48.4,870.5,902.6,905.5,39.8,13.9,14.0,9.6,7.6,7.8,13.0,17.4,17.3,91.9,96.3,95.7,62.1,66.2,67.9,0.0,0.0,0.0,999.9,999.9,999.9,0,7.2,4.9
16585596,0723,87.8,80.9,80.9,50.9,47.6,48.4,873.5,902.6,905.4,10.0,13.9,14.7,7.8,7.6,7.7,12.0,17.4,17.1,79.0,96.3,95.4,54.0,66.2,67.7,0.0,0.0,0.0,999.9,999.9,999.9,0,7.1,4.9
16585596,0723,83.0,81.0,81.3,55.9,47.6,48.2,872.7,902.6,905.4,9.9,13.9,14.7,6.4,7.6,7.7,17.1,17.4,16.4,95.0,96.2,95.0,70.0,66.2,67.3,0.0,0.0,0.0,999.9,999.9,999.9,0,7.0,4.9
16585596,0723,81.1,81.0,81.5,48.9,47.6,48.6,999.9,902.6,901.1,9.9,13.9,14.7,8.7,7.6,7.7,18.1,17.4,16.5,100.0,96.2,95.2,63.0,66.2,67.4,0.02,0.0,0.0,999.9,999.9,999.9,0,7.0,4.9
16585596,0723,81.1,81.0,81.6,44.1,47.6,48.8,870.0,903.3,905.6,10.0,13.9,14.7,8.8,7.6,7.8,22.0,17.4,16.4,95.0,96.2,95.2,62.1,66.1,67.1,0.11,0.0,0.0,999.9,999.9,999.9,18,6.9,4.9
16585596,0723,86.8,81.0,81.5,36.2,47.7,48.8,999.9,903.3,905.5,9.9,13.9,14.7,8.1,7.6,7.7,24.1,17.5,16.6,98.1,96.2,95.0,71.1,66.1,66.8,0.17,0.0,0.0,999.9,999.9,999.9,0,6.9,5.5
16585596,0723,77.5,81.0,81.8,54.1,47.6,48.6,871.5,903.3,909.8,9.7,13.9,14.7,5.1,7.6,7.6,18.1,17.6,17.0,90.0,96.2,95.3,70.0,66.1,66.7,0.0,0.0,0.0,999.9,999.9,999.9,2,6.9,4.9
16585596,0723,83.0,81.0,81.7,44.6,47.6,48.9,871.0,902.6,909.9,10.0,13.9,14.7,7.8,7.6,7.6,12.0,17.6,17.2,93.0,96.1,95.1,59.0,66.1,66.7,0.02,0.0,0.0,999.9,999.9,999.9,18,6.8,4.9
16585596,0723,77.5,81.0,81.6,41.4,47.6,48.8,871.0,902.6,909.9,9.9,13.9,13.7,6.9,7.6,7.7,15.9,17.6,17.3,99.0,96.1,95.2,71.1,66.1,66.4,0.0,0.0,0.0,999.9,999.9,999.9,0,6.9,5.5
16585596,0723,82.3,81.0,81.4,39.9,47.5,48.7,870.4,902.6,909.8,39.8,13.9,13.3,9.5,7.6,7.8,12.0,17.6,17.3,104.0,96.1,95.5,71.1,66.1,66.4,0.17,0.0,0.0,999.9,999.9,999.9,48,6.9,5.5
16585596,0723,79.9,80.9,81.4,57.2,47.5,48.5,872.4,902.6,905.5,10.0,14.1,14.3,5.6,7.6,8.0,17.1,17.6,17.2,93.0,96.1,95.5,66.0,66.1,66.7,0.0,0.0,0.0,999.9,999.9,999.9,18,7.1,7.1
16585596,0723,85.4,81.0,81.1,41.2,47.6,48.4,873.6,901.9,905.6,39.8,14.1,14.3,6.3,7.6,8.0,26.0,17.5,17.1,79.0,96.1,95.7,66.0,66.1,67.0,0.14,0.0,0.0,999.9,999.9,999.9,18,7.1,7.7
16585596,0723,79.9,81.0,81.4,41.4,47.5,48.3,873.0,901.2,901.4,9.7,14.3,15.3,8.7,7.6,8.0,18.1,17.6,17.4,91.9,96.0,95.1,57.9,66.1,66.8,0.0,0.0,0.0,999.9,999.9,999.9,0,7.1,8.3
16585596,0723,88.8,81.0,81.7,41.4,47.4,48.4,869.6,900.5,901.5,10.0,14.3,14.9,11.6,7.6,8.0,34.0,17.6,17.6,102.0,96.0,94.7,66.9,66.1,66.8,0.33,0.0,0.0,999.9,999.9,999.9,0,7.1,8.2
16585596,0723,82.7,81.1,81.9,49.3,47.4,47.8,873.1,900.5,901.4,9.9,14.3,14.9,6.2,7.6,8.1,15.0,17.7,18.2,102.9,96.0,94.9,73.9,66.1,66.8,0.02,0.0,0.0,999.9,999.9,999.9,18,7.0,8.2
16585596,0723,87.8,81.1,82.2,57.5,47.4,47.6,869.0,899.8,901.5,39.8,14.3,14.9,10.6,7.6,8.0,12.0,17.7,17.9,99.0,96.1,95.0,57.0,66.1,66.8,0.03,0.0,0.0,999.9,999.9,999.9,0,7.1,8.2
16585596,0723,88.1,81.2,82.6,54.1,47.5,47.7,870.0,899.0,901.2,30.7,14.4,15.9,5.3,7.6,8.2,15.9,17.7,17.8,95.0,96.1,94.9,66.2,66.1,66.2,0.0,0.0,0.0,999.9,999.9,999.9,2,7.1,8.2
16585596,0723,87.8,81.3,82.6,36.2,47.5,47.8,999.9,899.0,901.1,14.9,14.5,16.6,10.4,7.6,8.0,10.1,17.6,18.0,93.0,96.0,95.2,64.9,66.0,66.1,0.0,0.0,0.0,999.9,999.9,999.9,0,7.1,7.7
16585596,0723,77.1,81.3,82.7,48.9,47.4,47.7,870.0,899.8,901.1,39.8,14.4,16.7,8.1,7.6,8.1,15.9,17.6,17.7,99.0,96.0,95.0,64.9,66.1,66.1,0.0,0.0,0.0,999.9,999.9,999.9,0,7.1,7.1
16585596,0723,62.0,81.3,82.7,39.9,47.3,47.5,875.8,899.8,901.0,10.0,14.6,17.7,10.1,7.6,8.2,8.9,17.6,17.7,90.0,96.0,94.9,66.9,66.1,66.2,0.0,0.0,0.0,999.9,999.9,999.9,48,7.1,7.1
16585596,0723,80.7,81.2,81.8,54.6,47.3,47.2,871.4,899.8,896.9,9.9,14.4,17.4,6.6,7.6,8.2,18.1,17.5,17.4,95.0,95.9,94.6,73.9,66.1,66.0,0.0,0.0,0.0,999.9,999.9,999.9,18,7.3,8.1
16585596,0723,82.7,81.2,81.7,57.6,47.3,47.2,875.8,899.8,892.6,10.0,14.3,17.4,9.3,7.6,8.1,34.0,17.5,17.4,104.0,95.9,94.3,66.2,66.1,66.6,0.0,0.0,0.0,999.9,999.9,999.9,18,7.4,8.7
16585596,0723,87.8,81.2,81.9,46.5,47.3,47.6,868.1,899.8,888.5,9.7,14.2,17.4,10.2,7.6,8.1,12.0,17.5,18.1,98.1,95.9,94.7,75.0,66.1,66.4,0.0,0.0,0.0,999.9,999.9,999.9,0,7.5,9.3
16585596,0723,80.7,81.2,82.1,58.4,47.2,47.3,866.4,899.8,884.1,9.7,14.2,17.4,8.2,7.6,8.1,15.9,17.5,17.5,93.0,95.9,94.6,62.1,66.1,66.4,0.0,0.0,0.0,999.9,999.9,999.9,0,7.5,8.7
16585596,0723,62.0,81.2,81.8,40.5,47.3,47.5,999.9,899.8,884.0,10.0,14.2,16.3,8.2,7.6,8.1,8.9,17.5,17.6,95.0,95.9,94.7,66.0,66.1,66.1,0.0,0.0,0.0,999.9,999.9,999.9,0,7.5,8.7
16585596,0723,82.8,81.1,81.3,50.9,47.3,46.9,999.9,900.5,888.2,10.0,14.2,16.3,5.6,7.7,8.2,18.1,17.5,17.1,93.9,95.9,94.9,71.1,66.1,65.7,0.11,0.0,0.0,999.9,999.9,999.9,48,7.5,8.7
16585596,0723,77.1,81.1,81.3,50.2,47.3,47.4,999.9,901.2,892.6,22.2,14.2,16.3,9.3,7.7,8.1,19.0,17.5,17.4,99.0,95.9,94.7,72.0,66.2,66.2,0.11,0.0,0.1,999.9,999.9,999.9,0,7.6,9.7
16585596,0723,79.3,81.1,81.3,55.9,47.3,47.7,872.4,901.9,896.8,41.0,14.1,16.7,8.2,7.7,8.2,11.1,17.5,17.0,100.0,96.0,94.6,57.9,66.2,66.2,0.02,0.0,0.1,999.9,999.9,999.9,18,7.6,9.7
16585596,0723,76.4,81.1,81.2,41.4,47.3,48.1,869.5,901.9,896.9,30.7,14.3,17.8,7.8,7.7,8.1,15.0,17.6,16.9,93.0,96.1,94.8,66.0,66.2,66.0,0.0,0.0,0.1,999.9,999.9,999.9,0,7.6,10.3
16585596,0723,76.4,81.1,81.2,52.0,47.2,47.7,999.9,901.2,897.0,22.2,14.4,18.1,7.8,7.7,8.0,11.1,17.6,17.0,98.1,96.1,94.9,73.0,66.2,66.0,0.0,0.0,0.1,999.9,999.9,999.9,18,7.5,9.7
16585596,0723,79.9,81.1,81.1,45.0,47.3,47.9,872.9,901.9,901.3,9.8,14.4,18.3,10.1,7.7,8.1,14.0,17.5,16.7,102.9,96.1,95.3,59.0,66.3,66.2,0.33,0.0,0.0,999.9,999.9,999.9,0,7.6,10.3
16585596,0723,69.7,81.0,80.8,57.6,47.3,47.9,873.0,901.2,901.4,10.0,14.3,17.3,10.1,7.7,8.1,14.0,17.3,16.7,93.9,96.1,95.7,64.9,66.3,66.1,0.0,0.0,0.1,999.9,999.9,999.9,18,7.6,10.3
16585596,0723,78.4,80.9,80.2,41.6,47.4,48.1,869.5,901.2,901.4,13.5,14.3,17.3,10.2,7.7,8.2,24.3,17.3,16.8,93.9,96.2,96.2,71.1,66.2,66.5,0.15,0.0,0.1,999.9,999.9,999.9,0,7.7,10.9
16585596,0723,69.7,80.9,80.1,58.4,47.4,47.6,870.5,900.5,901.3,10.0,14.2,17.4,9.5,7.7,8.3,13.0,17.4,17.0,93.0,96.1,96.1,71.1,66.3,66.5,0.15,0.0,0.1,999.9,999.9,999.9,0,7.7,10.9
16585596,0723,82.8,80.8,79.7,47.2,47.4,47.9,999.9,900.5,897.0,10.0,14.2,17.4,6.5,7.7,8.3,13.0,17.3,16.9,99.0,96.1,95.9,61.0,66.3,66.8,0.0,0.0,0.1,999.9,999.9,999.9,0,7.7,10.9
16585596,0723,74.2,80.8,79.8,48.9,47.4,48.0,999.9,900.5,901.3,9.7,14.2,17.4,5.1,7.8,8.3,18.1,17.3,16.6,102.9,96.2,96.0,61.0,66.3,66.8,0.0,0.0,0.1,999.9,999.9,999.9,18,7.7,10.3
16585596,0723,88.8,80.8,79.3,50.2,47.4,48.5,875.8,901.2,901.3,14.9,14.2,17.4,8.1,7.7,8.2,13.0,17.3,16.4,79.0,96.2,96.2,73.9,66.3,66.4,0.03,0.0,0.1,999.9,999.9,999.9,0,7.7,10.9
16585596,0723,69.7,80.8,79.7,45.2,47.4,48.3,870.4,901.3,901.5,20.3,14.3,17.6,9.3,7.7,8.3,13.0,17.2,16.2,79.0,96.1,95.8,66.9,66.4,66.6,0.0,0.0,0.1,999.9,999.9,999.9,0,7.7,10.9
16585596,0723,62.0,80.8,79.3,45.2,47.4,48.4,871.5,900.5,901.4,10.0,14.3,17.9,8.1,7.7,8.3,34.0,17.1,16.2,95.0,96.0,95.4,66.0,66.3,66.8,0.0,0.0,0.1,999.9,999.9,999.9,0,7.7,10.3
16585596,0723,81.1,80.7,78.8,49.2,47.4,48.5,869.6,900.5,901.4,10.0,14.3,17.9,6.5,7.7,8.4,15.0,17.2,16.8,102.9,96.0,95.2,73.9,66.4,66.7,0.0,0.0,0.1,999.9,999.9,999.9,0,7.7,10.3
16585596,0723,81.8,80.7,78.7,50.9,47.4,48.8,872.4,900.5,901.4,10.0,14.3,16.9,6.5,7.7,8.3,13.0,17.2,16.9,102.0,96.0,95.2,66.9,66.5,66.8,0.0,0.0,0.0,999.9,999.9,999.9,0,7.6,8.7
16585596,0723,86.8,80.7,78.8,41.4,47.4,48.6,871.4,900.6,901.4,10.0,14.1,16.9,5.6,7.7,8.3,13.0,17.1,16.8,91.9,96.0,95.5,73.0,66.5,66.8,0.0,0.0,0.0,999.9,999.9,999.9,0,7.6,8.1
16585596,0723,62.0,80.8,78.8,49.3,47.4,48.6,872.7,899.8,901.3,10.0,14.1,15.9,9.5,7.7,8.3,19.0,17.1,16.4,88.7,96.0,95.9,71.1,66.5,67.0,0.0,0.0,0.0,999.9,999.9,999.9,0,7.6,7.5
16585596,0723,85.4,80.6,78.2,48.9,47.4,48.8,869.5,899.9,901.3,9.8,14.1,16.0,6.3,7.7,8.3,14.0,17.1,16.4,102.0,95.9,95.8,68.0,66.5,67.5,0.0,0.0,0.0,999.9,999.9,999.9,0,7.6,7.5
16585596,0723,88.1,80.6,78.1,57.6,47.5,49.1,873.0,899.1,901.3,9.9,14.1,15.9,8.2,7.7,8.1,20.0,17.1,15.7,102.9,96.0,95.8,75.9,66.5,67.5,0.02,0.0,0.0,999.9,999.9,999.9,18,7.5,7.5
16585596,0723,78.4,80.7,78.3,57.2,47.6,49.4,869.5,899.1,901.3,10.0,14.1,15.9,6.9,7.7,8.2,17.1,17.1,15.9,102.0,96.0,95.8,61.0,66.6,67.6,0.0,0.0,0.0,999.9,999.9,999.9,18,7.6,7.5
16585596,0723,81.8,80.7,78.0,34.9,47.6,49.4,870.4,898.4,901.3,30.7,14.1,15.0,5.6,7.7,8.1,22.0,17.0,16.1,88.7,96.0,95.9,66.9,66.6,67.7,0.0,0.0,0.0,999.9,999.9,999.9,0,7.7,8.1
16585596,0723,62.0,80.7,77.8,48.9,47.5,48.7,872.4,898.4,901.4,10.0,14.2,15.0,10.4,7.7,8.1,8.9,17.1,16.3,93.0,95.9,95.7,68.0,66.5,67.7,0.0,0.0,0.0,999.9,999.9,999.9,0,7.7,8.0
16585596,0723,79.9,80.6,76.9,48.9,47.5,49.1,869.5,898.4,897.1,9.8,14.2,14.8,8.8,7.7,8.1,22.0,17.0,16.2,93.9,95.9,95.7,66.0,66.5,67.8,0.0,0.0,0.0,999.9,999.9,999.9,18,7.6,8.0
16585596,0723,78.3,80.6,77.0,45.0,47.5,49.1,869.5,897.7,897.1,9.9,14.1,13.8,11.6,7.7,8.1,15.9,17.1,16.4,95.0,95.8,95.5,70.0,66.6,67.9,0.0,0.0,0.0,999.9,999.9,999.9,18,7.6,8.6
16585596,0723,88.8,80.5,77.6,54.5,47.5,49.3,999.9,897.0,896.9,9.9,14.1,13.8,10.2,7.7,8.1,15.0,17.1,16.6,93.9,95.8,95.7,59.0,66.6,68.0,0.0,0.0,0.0,999.9,999.9,999.9,0,7.6,7.6
16585596,0723,78.4,80.6,77.8,45.2,47.6,49.3,999.9,897.7,901.2,22.2,14.1,13.8,6.9,7.7,8.3,13.0,17.1,16.5,99.0,95.8,95.7,62.1,66.6,67.5,0.0,0.0,0.0,999.9,999.9,999.9,18,7.5,7.0
16585596,0723,76.7,80.5,77.7,57.6,47.6,48.9,872.7,898.4,905.3,9.9,14.1,14.2,6.2,7.7,8.2,8.9,17.1,15.8,99.0,95.8,95.5,71.1,66.5,67.3,0.0,0.0,0.0,999.9,999.9,999.9,0,7.5,7.0
16585596,0723,80.3,80.5,77.3,54.5,47.6,49.3,999.9,898.4,905.5,9.9,14.1,14.2,10.6,7.7,8.0,19.0,17.1,15.7,99.0,95.8,95.5,62.2,66.5,67.2,0.11,0.0,0.0,999.9,999.9,999.9,48,7.5,7.0
16585596,0723,80.3,80.5,77.3,57.6,47.6,49.1,999.9,899.1,909.9,9.8,14.1,14.2,10.1,7.7,8.1,13.0,17.1,15.8,104.0,95.8,95.7,70.0,66.5,67.2,0.0,0.0,0.0,999.9,999.9,999.9,48,7.8,8.6
16585596,0723,77.5,80.5,77.9,54.6,47.6,49.7,870.4,899.8,909.9,9.9,14.1,14.2,6.2,7.8,8.2,13.0,17.1,16.0,79.0,96.0,96.0,61.0,66.6,67.3,0.0,0.0,0.0,999.9,999.9,999.9,18,8.1,10.2
16585596,0723,80.9,80.5,77.7,55.6,47.7,49.8,873.6,899.1,905.6,9.9,14.1,14.2,5.1,7.8,8.2,8.9,17.1,15.8,102.9,95.9,95.5,66.0,66.5,67.0,0.17,0.0,0.0,999.9,999.9,999.9,18,8.2,9.2
16585596,0723,76.7,80.5,77.9,49.3,47.7,50.0,999.9,899.1,901.4,10.0,14.1,13.8,10.6,7.8,8.1,11.1,17.1,15.5,93.9,95.9,95.7,64.9,66.5,66.8,0.0,0.0,0.0,999.9,999.9,999.9,18,8.2,9.8
16585596,0723,76.8,80.5,77.8,45.2,47.7,49.8,866.4,899.1,905.6,30.7,14.1,12.8,6.5,7.8,8.1,19.0,17.1,15.5,99.0,95.9,95.4,62.1,66.6,67.0,0.0,0.0,0.0,999.9,999.9,999.9,0,8.3,9.8
16585596,0723,77.1,80.5,77.8,54.6,47.7,49.9,873.1,899.1,905.5,10.0,14.3,12.8,10.2,7.8,8.1,10.1,17.1,15.6,100.0,95.9,95.6,62.1,66.6,66.9,0.0,0.0,0.0,999.9,999.9,999.9,0,8.3,9.8
16585596,0723,81.1,80.5,77.8,45.0,47.7,50.0,873.0,899.1,901.3,41.0,14.3,12.3,5.3,7.8,8.2,20.0,17.0,15.6,98.1,95.8,95.7,54.0,66.6,66.5,0.0,0.0,0.0,999.9,999.9,999.9,18,8.3,9.2
16585596,0723,76.4,80.4,77.8,44.1,47.7,50.0,868.1,898.4,901.3,9.7,14.4,13.4,6.4,7.8,8.0,11.1,17.1,15.8,90.0,95.9,95.6,73.0,66.5,66.4,0.33,0.0,0.0,999.9,999.9,999.9,18,8.4,9.8
16585596,0723,87.8,80.4,78.1,50.2,47.7,49.6,875.8,897.6,901.1,41.0,14.3,13.4,5.3,7.8,7.9,19.0,17.0,15.7,90.0,95.8,95.4,70.0,66.5,66.6,0.0,0.0,0.0,999.9,999.9,999.9,18,8.5,9.8
16585596,0723,86.8,80.4,78.4,34.9,47.7,49.8,870.0,897.7,901.4,30.7,14.5,14.3,7.8,7.7,7.7,22.0,17.0,15.5,93.9,95.7,95.3,63.0,66.6,66.6,0.0,0.0,0.0,999.9,999.9,999.9,18,8.6,10.4
16585596,0723,78.3,80.4,79.0,52.0,47.7,49.1,875.8,897.7,901.3,9.9,14.6,15.0,6.4,7.7,7.7,19.0,17.1,15.8,98.1,95.7,95.3,64.9,66.6,66.3,0.02,0.0,0.0,999.9,999.9,999.9,0,8.7,11.0
16585596,0723,82.7,80.4,78.8,50.9,47.7,49.2,872.4,897.7,897.2,9.9,14.6,15.0,8.1,7.7,7.7,12.0,17.1,16.0,102.0,95.7,95.3,71.1,66.6,66.5,0.0,0.0,0.0,999.9,999.9,999.9,0,8.7,11.0
16585596,0723,83.0,80.5,79.1,34.9,47.7,49.3,868.1,897.7,892.9,10.0,14.6,15.0,10.6,7.7,7.8,19.0,17.0,15.8,89.1,95.8,95.3,62.2,66.7,66.8,0.15,0.0,0.0,999.9,999.9,999.9,0,8.7,10.4
16585596,0723,85.2,80.5,78.9,44.1,47.6,48.8,871.5,897.0,892.7,10.0,14.4,14.8,9.9,7.7,7.9,8.9,17.0,16.0,95.0,95.7,95.6,70.0,66.6,66.4,0.0,0.0,0.0,999.9,999.9,999.9,18,8.7,10.4
16585596,0723,76.7,80.5,79.4,39.9,47.6,48.7,999.9,897.0,892.7,10.0,14.4,14.5,5.6,7.7,7.9,19.0,17.0,15.9,93.0,95.7,96.1,62.1,66.7,66.5,0.15,0.0,0.0,999.9,999.9,999.9,18,8.7,11.0
16585596,0723,79.3,80.5,79.9,41.6,47.6,48.6,871.4,897.7,897.0,10.0,14.4,14.5,10.2,7.7,7.8,15.9,17.0,15.4,93.9,95.7,96.1,71.1,66.6,66.4,0.0,0.0,0.0,999.9,999.9,999.9,16,8.8,11.6
16585596,0723,89.6,80.5,79.8,54.5,47.5,48.3,869.5,897.0,897.1,30.7,14.4,14.5,10.4,7.8,7.9,18.1,17.0,15.4,93.9,95.7,95.8,61.0,66.7,66.3,0.0,0.0,0.0,999.9,999.9,999.9,0,8.7,12.1
16585596,0723,79.9,80.5,80.1,55.6,47.5,48.4,872.4,897.0,897.0,9.7,14.6,15.2,5.3,7.8,8.1,24.3,17.1,15.6,102.0,95.7,95.5,70.0,66.7,66.1,0.14,0.0,0.0,999.9,999.9,999.9,0,8.7,12.1
16585596,0723,85.4,80.5,79.9,41.6,47.6,48.9,999.9,897.0,897.0,9.9,14.6,15.2,10.2,7.7,8.0,18.1,17.0,15.9,102.0,95.7,95.8,62.2,66.7,66.0,0.15,0.0,0.0,999.9,999.9,999.9,48,8.6,12.1
16585596,0723,80.3,80.6,80.7,36.2,47.6,48.6,869.0,897.7,901.2,10.0,14.6,15.2,3.7,7.8,8.1,8.9,17.0,15.9,100.0,95.8,96.3,75.0,66.6,65.7,0.0,0.0,0.0,999.9,999.9,999.9,0,8.9,13.7
16585596,0723,76.8,80.5,80.5,49.3,47.6,48.2,999.9,897.7,901.2,14.9,14.6,15.2,5.3,7.8,8.0,13.0,17.0,15.7,104.0,95.8,96.2,64.9,66.7,65.9,0.17,0.0,0.0,999.9,999.9,999.9,0,8.9,13.7
16585596,0723,76.4,80.5,80.1,47.2,47.7,47.9,869.5,898.4,905.5,10.0,14.5,15.3,6.2,7.7,7.9,13.0,17.0,15.5,93.9,95.8,96.2,64.9,66.7,65.6,0.01,0.0,0.0,999.9,999.9,999.9,18,8.8,13.1
16585596,0723,89.2,80.5,80.0,36.2,47.7,47.6,875.8,898.3,905.5,9.7,14.5,15.3,8.2,7.7,7.9,20.0,16.9,15.4,99.0,95.8,96.0,64.9,66.6,65.7,0.0,0.0,0.0,999.9,999.9,999.9,18,8.9,13.1
16585596,0723,89.2,80.5,80.3,48.9,47.7,47.7,999.9,898.4,905.6,10.0,14.5,14.6,6.3,7.7,7.9,10.1,16.9,15.3,102.0,95.8,96.3,73.0,66.6,65.6,0.0,0.0,0.0,999.9,999.9,999.9,0,8.9,13.7
16585596,0723,82.3,80.5,81.2,37.5,47.7,47.7,870.0,899.1,909.9,9.9,14.4,14.6,9.3,7.7,7.8,15.9,16.9,15.3,93.9,95.8,96.6,57.9,66.7,65.8,0.0,0.0,0.0,999.9,999.9,999.9,18,8.9,13.7
16585596,0723,88.1,80.5,81.3,41.6,47.6,47.3,866.4,899.1,909.9,10.0,14.4,14.6,3.7,7.7,7.8,13.0,16.9,15.1,99.0,95.9,96.6,70.0,66.6,65.5,0.0,0.0,0.0,999.9,999.9,999.9,48,9.0,13.7
16585596,0723,76.8,80.6,81.6,39.9,47.6,47.2,869.5,899.0,909.8,10.0,14.4,14.6,9.3,7.7,7.6,18.1,16.8,15.0,99.0,95.8,96.8,73.0,66.6,65.5,0.15,0.0,0.0,999.9,999.9,999.9,18,9.3,14.7
16585596,0723,89.6,80.6,81.2,55.9,47.6,46.7,869.6,899.0,905.5,10.0,14.4,14.6,9.9,7.7,7.5,24.1,16.8,15.1,100.0,95.9,96.9,62.1,66.6,66.0,0.0,0.0,0.1,999.9,999.9,999.9,2,9.4,15.3
16585596,0723,88.1,80.6,81.6,57.5,47.6,47.0,873.0,898.3,901.1,10.0,14.4,14.2,10.4,7.7,7.6,15.0,16.9,15.5,95.0,95.9,97.0,75.9,66.5,66.0,0.0,0.0,0.1,999.9,999.9,999.9,0,9.4,14.8
16585596,0723,81.8,80.7,82.0,57.6,47.7,47.0,872.7,897.6,901.1,9.9,14.4,14.2,5.3,7.8,7.8,13.0,16.9,15.7,102.0,95.9,96.8,61.0,66.6,66.2,0.0,0.0,0.1,999.9,999.9,999.9,0,9.3,14.8
16585596,0723,81.1,80.6,82.0,57.2,47.8,47.1,999.9,897.6,896.9,10.0,14.4,14.2,4.7,7.7,7.6,18.1,16.9,15.5,93.9,95.9,96.9,62.1,66.6,66.1,0.11,0.0,0.0,999.9,999.9,999.9,0,9.3,13.2
16585596,0723,76.7,80.7,82.0,44.1,47.8,47.1,869.0,898.3,896.9,9.7,14.3,14.2,6.5,7.7,7.4,15.9,16.8,15.7,95.0,95.9,96.6,61.0,66.6,65.8,0.0,0.0,0.1,999.9,999.9,999.9,18,9.2,11.6
16585596,0723,80.7,80.7,82.0,46.5,47.8,46.8,869.0,898.3,896.8,9.9,14.3,14.2,5.6,7.7,7.4,24.3,16.9,15.8,93.9,95.9,97.1,62.2,66.5,65.8,0.14,0.0,0.1,999.9,999.9,999.9,18,9.3,11.6
16585596,0723,85.4,80.6,82.0,45.0,47.7,46.5,875.8,898.3,896.7,10.0,14.3,14.2,8.7,7.7,7.4,11.1,16.9,16.3,95.0,95.9,96.8,64.9,66.5,65.7,0.0,0.0,0.1,999.9,999.9,999.9,18,9.3,11.6
16585596,0723,77.5,80.6,82.3,34.9,47.7,46.3,999.9,898.3,892.5,30.7,14.3,14.2,5.1,7.7,7.4,13.0,16.9,16.3,99.0,95.9,96.9,63.0,66.5,65.7,0.0,0.0,0.1,999.9,999.9,999.9,18,9.3,11.6
16585596,0723,82.7,80.6,82.3,41.4,47.7,46.0,871.4,899.0,897.0,9.7,14.4,14.2,9.3,7.7,7.3,18.1,16.9,16.1,89.1,96.0,96.9,73.9,66.5,65.8,0.0,0.0,0.1,999.9,999.9,999.9,0,9.4,12.2
16585596,0723,86.8,80.7,82.5,55.9,47.7,45.5,999.9,899.0,896.9,10.0,14.4,14.2,9.6,7.7,7.3,18.1,16.9,16.4,93.9,95.9,96.5,62.1,66.6,66.1,0.0,0.0,0.1,999.9,999.9,999.9,0,9.3,12.2
16585596,0723,80.3,80.7,82.7,41.6,47.7,45.9,999.9,899.7,901.2,10.0,14.4,13.2,11.6,7.7,7.4,13.0,16.9,16.3,79.0,95.9,96.4,66.9,66.5,66.4,0.15,0.0,0.1,999.9,999.9,999.9,0,9.3,11.6
16585596,0723,86.6,80.7,82.8,52.0,47.8,45.8,869.0,900.5,905.6,20.3,14.4,13.2,8.7,7.7,7.6,10.1,16.9,16.4,90.0,95.9,96.0,61.0,66.5,66.2,0.0,0.0,0.0,999.9,999.9,999.9,0,9.2,11.0
16585596,0723,79.9,80.7,82.8,49.2,47.8,45.9,999.9,900.4,905.3,22.3,14.5,12.5,5.1,7.7,7.7,12.0,16.9,16.1,95.0,95.8,96.0,66.9,66.5,65.9,0.0,0.0,0.0,999.9,999.9,999.9,16,9.1,10.4
16585596,0723,89.2,80.7,82.5,55.6,47.8,46.4,872.9,901.2,909.7,10.0,14.3,12.2,10.2,7.7,7.6,26.0,16.8,15.7,95.0,95.8,96.0,62.1,66.4,66.0,0.0,0.0,0.0,999.9,999.9,999.9,0,9.2,10.3
16585596,0723,89.2,80.8,82.9,52.0,47.9,46.5,869.6,901.2,909.6,10.0,14.3,12.2,10.6,7.7,7.8,13.0,16.9,16.0,102.9,95.8,95.9,68.0,66.4,65.9,0.0,0.0,0.0,999.9,999.9,999.9,0,9.1,10.3
16585596,0723,79.9,80.9,83.1,40.5,47.9,46.5,873.1,900.5,909.5,10.0,14.3,12.2,10.6,7.7,7.8,18.1,16.9,16.0,90.0,95.8,95.9,62.1,66.5,65.8,0.02,0.0,0.0,999.9,999.9,999.9,0,9.0,10.3
16585596,0723,80.7,80.9,83.0,49.2,47.9,46.7,999.9,900.5,909.6,9.9,14.3,12.2,3.7,7.8,7.8,15.9,16.9,16.0,91.9,95.8,96.0,75.9,66.5,65.8,0.11,0.0,0.0,999.9,999.9,999.9,0,9.0,10.3
16585596,0723,89.6,80.9,82.9,36.2,47.9,46.9,872.9,901.2,913.9,14.9,14.3,12.2,10.6,7.7,7.6,24.1,16.9,16.2,102.9,95.8,95.9,73.9,66.6,66.0,0.0,0.0,0.0,999.9,999.9,999.9,0,8.7,9.7
16585596,0723,80.9,81.0,83.3,41.6,47.8,46.7,873.6,901.2,909.7,10.0,14.4,12.4,7.8,7.8,7.8,11.1,17.0,16.4,102.9,95.8,96.2,71.1,66.7,66.4,0.0,0.0,0.0,999.9,999.9,999.9,18,8.7,9.1
16585596,0723,79.9,81.0,83.4,57.2,47.7,46.7,870.0,901.2,909.8,10.0,14.3,12.4,6.2,7.8,7.7,26.0,17.0,16.2,93.9,95.8,96.5,63.0,66.7,66.4,0.0,0.0,0.0,999.9,999.9,999.9,0,8.7,9.2
16585596,0723,85.4,81.1,83.0,55.6,47.8,46.8,999.9,901.2,909.8,9.8,14.3,11.7,8.1,7.8,7.6,15.0,17.0,16.5,104.0,95.8,96.5,70.0,66.7,66.5,0.0,0.0,0.0,999.9,999.9,999.9,18,8.6,9.2
16585596,0723,78.3,81.1,83.2,47.2,47.8,46.8,999.9,901.9,914.0,9.9,14.3,11.7,5.3,7.8,7.7,12.0,16.9,16.2,90.0,95.9,96.6,54.0,66.8,66.5,0.0,0.0,0.0,999.9,999.9,999.9,0,8.7,9.8
16585596,0723,78.3,81.1,83.0,41.6,47.8,47.0,999.9,902.7,914.0,10.0,14.3,11.7,5.6,7.8,7.5,17.1,16.9,16.0,93.9,95.9,96.2,75.9,66.7,66.2,0.0,0.0,0.0,999.9,999.9,999.9,18,8.6,8.2
16585596,0723,80.3,81.1,82.9,50.2,47.7,47.2,868.1,903.4,918.4,9.9,14.3,11.7,6.2,7.7,7.6,13.0,16.9,16.2,95.0,95.9,96.0,57.9,66.7,66.3,0.0,0.0,0.0,999.9,999.9,999.9,48,8.7,8.8
16585596,0723,79.9,81.1,83.0,37.5,47.8,47.2,873.0,903.4,914.0,20.3,14.3,11.5,8.2,7.7,7.6,13.0,16.9,16.2,93.9,95.9,95.7,62.1,66.7,66.0,0.15,0.0,0.0,999.9,999.9,999.9,48,9.0,10.4
16585596,0723,81.1,81.2,83.1,34.9,47.8,46.9,870.4,903.4,914.1,22.3,14.4,11.9,8.2,7.7,7.7,34.0,16.8,16.2,99.0,95.9,95.7,62.1,66.6,65.9,0.11,0.0,0.0,999.9,999.9,999.9,0,9.2,11.4
16585596,0723,76.7,81.2,82.9,41.6,47.7,46.9,999.9,903.4,913.9,10.0,14.4,12.3,9.3,7.7,7.7,20.0,16.9,16.7,99.0,95.9,95.7,66.0,66.5,65.8,0.0,0.0,0.0,999.9,999.9,999.9,18,9.1,10.8
16585596,0723,89.6,81.1,82.5,33.1,47.7,46.6,871.4,904.1,913.9,22.2,14.2,12.3,10.6,7.8,7.8,12.0,16.9,17.0,102.0,96.0,95.6,57.9,66.5,65.6,0.0,0.0,0.0,999.9,999.9,999.9,0,9.2,11.4
16585596,0723,81.1,81.1,82.7,54.6,47.7,46.5,875.8,904.1,914.0,14.9,14.3,12.7,8.7,7.8,7.8,19.0,16.9,16.9,95.0,96.0,95.8,73.9,66.5,65.6,0.0,0.0,0.0,999.9,999.9,999.9,0,9.2,10.8
16585596,0723,80.3,81.1,82.5,54.5,47.7,46.9,866.4,904.1,914.3,10.0,14.3,12.9,4.7,7.8,8.0,17.1,17.0,17.1,102.0,96.1,95.7,64.9,66.6,65.7,0.0,0.0,0.0,999.9,999.9,999.9,0,9.2,9.2
16585596,0723,79.9,81.1,82.6,44.1,47.7,47.4,870.4,904.1,914.2,10.0,14.2,12.9,6.2,7.8,7.8,15.9,16.9,17.1,102.9,96.1,95.8,59.0,66.5,65.5,0.17,0.0,0.0,999.9,999.9,999.9,0,9.1,8.6
16585596,0723,85.2,81.0,82.3,41.2,47.7,47.0,868.1,904.1,914.2,20.3,14.2,12.9,8.2,7.8,7.7,15.0,16.9,16.8,100.0,96.1,95.9,70.0,66.5,65.4,0.01,0.0,0.0,999.9,999.9,999.9,0,9.0,8.5
16585596,0723,81.1,81.0,82.2,45.0,47.7,46.5,870.5,903.4,914.1,14.9,14.2,13.2,8.1,7.8,7.6,26.0,16.9,16.8,102.9,96.2,96.1,54.0,66.6,65.2,0.15,0.0,0.0,999.9,999.9,999.9,18,8.9,8.5
16585596,0723,81.8,81.0,82.1,49.3,47.8,46.0,871.0,903.4,914.0,14.9,14.2,13.4,6.9,7.8,7.7,15.9,16.9,17.2,95.0,96.2,96.1,62.1,66.5,64.9,0.33,0.0,0.0,999.9,999.9,999.9,0,9.0,9.1
16585596,0723,82.8,81.0,82.2,46.5,47.8,45.8,873.5,903.4,909.7,9.9,14.3,13.6,5.6,7.8,7.8,13.0,16.9,17.2,104.0,96.2,96.1,66.9,66.5,64.9,0.0,0.0,0.0,999.9,999.9,999.9,18,9.0,9.1
16585596,0723,79.9,81.0,82.4,58.4,47.8,45.9,872.7,903.4,909.8,10.0,14.1,13.6,4.9,7.8,7.8,18.1,16.9,17.1,93.0,96.2,96.4,62.2,66.5,65.1,0.0,0.0,0.0,999.9,999.9,999.9,0,9.0,9.1
16585596,0723,76.4,80.9,82.3,47.2,47.9,46.3,999.9,903.4,910.0,9.9,13.9,13.6,6.2,7.8,7.8,15.9,16.9,16.9,93.9,96.2,96.4,71.1,66.5,65.1,0.0,0.0,0.0,999.9,999.9,999.9,0,9.0,8.5
16585596,0723,85.2,80.9,82.0,34.9,47.9,46.3,873.0,904.1,914.1,10.0,13.9,13.6,10.6,7.8,7.7,20.0,16.9,17.0,104.0,96.2,96.4,66.9,66.5,65.3,0.0,0.0,0.0,999.9,999.9,999.9,0,8.9,7.9
16585596,0723,77.5,80.9,82.3,45.2,47.8,46.3,869.5,904.1,909.9,9.8,13.9,12.9,6.2,7.8,7.9,11.1,16.9,17.2,93.0,96.2,96.5,66.2,66.5,65.5,0.17,0.0,0.0,999.9,999.9,999.9,0,8.9,7.3
16585596,0723,82.7,80.8,82.1,36.2,47.7,46.5,875.8,904.1,909.8,10.0,13.9,12.9,6.3,7.8,7.7,11.1,16.9,17.0,95.0,96.2,96.7,64.9,66.5,65.2,0.11,0.0,0.0,999.9,999.9,999.9,0,8.9,7.3
16585596,0723,80.9,80.8,82.0,47.1,47.6,45.8,871.5,903.4,905.7,10.0,13.8,12.9,9.5,7.8,7.6,19.0,16.8,16.8,100.0,96.1,96.7,71.1,66.5,65.3,0.11,0.0,0.0,999.9,999.9,999.9,18,8.9,7.3
16585596,0723,77.5,80.8,82.0,47.2,47.6,46.0,869.5,903.4,901.4,10.0,13.8,12.9,9.3,7.8,7.6,13.0,16.8,17.0,90.0,96.2,97.4,66.0,66.5,65.4,0.0,0.0,0.0,999.9,999.9,999.9,18,9.0,7.9
16585596,0723,82.3,80.8,81.7,47.2,47.6,45.8,869.5,903.4,901.4,13.5,13.8,12.5,4.9,7.8,7.6,17.1,16.8,17.1,79.0,96.1,97.4,66.2,66.5,65.6,0.0,0.0,0.0,999.9,999.9,999.9,16,9.0,8.5
16585596,0723,81.8,80.8,81.8,55.6,47.6,45.8,869.5,902.7,897.1,10.0,13.7,12.2,6.3,7.8,7.6,18.1,16.8,17.2,95.0,96.0,96.9,68.0,66.5,65.6,0.0,0.0,0.0,999.9,999.9,999.9,0,9.1,8.5
16585596,0723,79.3,80.8,81.5,41.2,47.7,45.8,873.0,902.7,896.9,13.5,13.7,12.2,11.6,7.8,7.5,11.1,16.8,17.0,88.7,96.0,96.9,73.9,66.5,65.8,0.11,0.0,0.0,999.9,999.9,999.9,18,9.1,8.5
16585596,0723,88.8,80.8,81.2,41.2,47.6,45.4,872.9,902.7,897.1,9.7,13.7,12.4,10.2,7.8,7.5,20.0,16.7,16.9,102.0,95.9,96.4,71.1,66.6,66.0,0.0,0.0,0.1,999.9,999.9,999.9,18,9.2,9.1
16585596,0723,76.4,80.8,81.5,54.1,47.5,45.4,999.9,902.0,897.0,20.3,13.7,12.3,5.6,7.8,7.5,19.0,16.7,17.0,89.1,95.9,96.8,75.9,66.6,66.3,0.33,0.0,0.1,999.9,999.9,999.9,0,9.2,9.7
16585596,0723,82.8,80.9,81.4,45.2,47.6,45.6,873.0,902.7,897.0,22.2,13.8,12.7,9.9,7.8,7.5,24.1,16.7,17.1,79.0,95.9,96.7,62.1,66.7,66.3,0.33,0.0,0.1,999.9,999.9,999.9,18,9.2,9.7
16585596,0723,80.7,80.9,81.1,49.2,47.6,45.9,872.4,902.7,897.1,10.0,13.8,12.9,9.3,7.8,7.5,15.0,16.8,17.1,100.0,95.8,95.9,71.1,66.7,65.9,0.15,0.0,0.1,999.9,999.9,999.9,0,9.2,10.3
16585596,0723,82.7,80.9,81.1,47.2,47.7,46.1,866.4,902.7,897.0,13.5,13.8,12.9,7.8,7.8,7.6,17.1,16.8,17.2,102.0,95.8,95.8,75.0,66.7,65.9,0.17,0.0,0.1,999.9,999.9,999.9,0,9.2,9.7
16585596,0723,82.7,80.9,81.2,58.4,47.7,45.8,872.4,901.9,896.9,9.9,13.9,13.1,11.6,7.8,7.6,31.1,16.8,16.9,102.0,95.8,96.1,71.1,66.7,66.3,0.0,0.0,0.1,999.9,999.9,999.9,48,9.1,9.7
16585596,0723,89.6,80.9,81.1,39.9,47.7,45.9,869.5,901.9,892.6,9.9,13.9,13.1,3.7,7.8,7.7,19.0,16.9,17.5,90.0,95.8,96.0,66.9,66.7,66.3,0.0,0.0,0.1,999.9,999.9,999.9,0,9.4,10.7
16585596,0723,81.1,80.9,81.5,40.5,47.6,45.7,869.5,901.9,888.3,9.9,13.9,13.1,6.3,7.8,7.7,12.0,16.9,17.7,95.0,95.8,96.0,71.1,66.7,66.7,0.0,0.0,0.1,999.9,999.9,999.9,18,9.4,10.7
16585596,0723,87.8,81.0,81.6,50.2,47.5,45.6,999.9,901.9,883.9,9.8,13.9,13.1,8.8,7.8,7.7,15.9,16.9,17.5,93.9,95.8,96.0,70.0,66.7,66.6,0.0,0.0,0.1,999.9,999.9,999.9,18,9.5,10.7
16585596,0723,76.8,81.0,81.9,41.4,47.6,45.6,999.9,902.7,888.3,10.0,13.9,13.1,10.2,7.8,7.8,15.0,16.9,17.6,99.0,95.8,96.0,66.0,66.7,67.0,0.0,0.0,0.1,999.9,999.9,999.9,0,9.3,9.7
16585596,0723,74.2,81.0,81.8,46.5,47.5,45.7,875.8,903.4,892.6,41.0,13.9,12.7,6.2,7.9,7.9,13.0,16.8,17.7,98.1,95.8,96.2,66.9,66.8,67.1,0.0,0.0,0.1,999.9,999.9,999.9,48,9.2,8.1
16585596,0723,82.8,80.9,81.5,33.1,47.5,46.1,999.9,903.4,892.8,22.2,14.0,13.3,10.1,7.9,7.8,26.0,16.8,17.0,89.1,95.8,96.2,75.0,66.7,67.3,0.0,0.0,0.1,999.9,999.9,999.9,18,9.4,9.7
16585596,0723,88.8,80.9,81.7,57.6,47.4,45.8,866.4,903.4,892.8,9.9,14.1,13.7,8.2,7.9,7.8,34.0,16.8,17.2,87.1,95.8,95.8,72.0,66.8,67.6,0.0,0.0,0.1,999.9,999.9,999.9,18,9.5,9.7
16585596,0723,81.8,81.1,81.7,45.2,47.4,46.7,871.4,903.4,892.6,10.0,14.1,13.3,5.3,7.9,7.7,20.0,16.9,17.9,93.0,95.7,95.3,62.1,66.8,68.0,0.0,0.0,0.1,999.9,999.9,999.9,0,9.5,10.3
16585596,0723,62.0,81.1,81.7,57.6,47.4,46.4,999.9,902.7,892.4,14.9,14.1,13.2,9.9,7.8,7.6,24.1,16.9,18.0,95.0,95.7,95.3,61.0,66.8,67.7,0.0,0.0,0.1,999.9,999.9,999.9,48,9.5,10.3
16585596,0723,86.6,81.0,81.1,54.1,47.5,46.5,869.0,902.7,896.9,10.0,14.1,13.3,5.1,7.9,7.8,13.0,17.0,18.2,99.0,95.8,95.0,66.9,66.8,67.5,0.0,0.0,0.1,999.9,999.9,999.9,18,9.7,11.9
16585596,0723,81.1,81.1,81.3,34.9,47.5,46.8,999.9,902.7,896.8,20.3,14.1,13.3,10.2,7.8,7.8,24.1,16.9,18.1,93.0,95.8,94.9,70.0,66.7,67.8,0.0,0.0,0.1,999.9,999.9,999.9,0,9.8,12.5
16585596,0723,79.3,81.0,81.2,45.2,47.4,46.6,869.5,902.7,901.2,10.0,14.1,13.3,9.3,7.9,7.8,10.1,16.9,18.4,102.9,95.8,94.7,62.2,66.8,67.8,0.17,0.0,0.1,999.9,999.9,999.9,16,9.8,12.5
16585596,0723,88.1,81.0,81.1,39.9,47.4,46.6,873.0,902.7,901.2,22.2,14.1,13.2,8.1,7.9,7.9,20.0,16.9,17.9,93.0,95.8,94.7,63.0,66.7,68.1,0.0,0.0,0.1,999.9,999.9,999.9,16,9.9,12.5
16585596,0723,88.1,81.1,81.3,41.4,47.4,46.3,999.9,902.7,901.3,10.0,14.2,13.4,6.9,7.9,7.9,12.0,16.9,18.0,93.9,95.8,94.6,66.0,66.7,68.1,0.0,0.0,0.1,999.9,999.9,999.9,18,9.9,13.0
16585596,0723,74.2,81.1,81.5,41.2,47.4,46.1,873.0,903.4,905.5,10.0,14.2,13.4,10.2,7.9,7.9,18.1,16.8,18.0,99.0,95.8,94.3,62.1,66.7,68.1,0.02,0.0,0.1,999.9,999.9,999.9,0,10.0,13.0
16585596,0723,86.6,81.0,81.3,58.4,47.3,45.5,869.0,903.4,905.5,10.0,14.2,13.4,10.4,7.9,8.1,12.0,16.8,18.0,95.0,95.8,94.5,71.1,66.7,68.1,0.11,0.0,0.1,999.9,999.9,999.9,18,9.9,13.0
16585596,0723,79.9,81.1,81.7,45.2,47.4,45.9,999.9,903.4,901.1,13.5,14.2,13.4,3.7,7.9,8.3,14.0,16.8,17.8,93.0,95.7,94.5,75.9,66.7,68.1,0.0,0.0,0.1,999.9,999.9,999.9,0,9.9,13.6
16585596,0723,78.3,81.0,81.5,55.6,47.4,46.2,869.0,903.4,905.4,10.0,14.2,13.5,3.7,7.9,8.0,18.1,16.8,17.6,90.0,95.7,94.1,70.0,66.7,68.4,0.33,0.0,0.1,999.9,999.9,999.9,0,9.6,13.6
16585596,0723,79.9,81.0,81.5,44.6,47.5,46.6,872.4,903.4,905.3,30.7,14.2,13.5,10.1,7.8,8.0,13.0,16.8,17.9,93.0,95.7,94.0,73.0,66.8,68.5,0.0,0.0,0.1,999.9,999.9,999.9,0,9.6,13.6
16585596,0723,89.6,81.0,81.4,50.9,47.5,46.9,873.5,903.4,905.2,14.9,14.3,14.2,9.5,7.8,8.1,19.0,16.8,17.9,95.0,95.6,94.0,64.9,66.8,68.8,0.0,0.0,0.1,999.9,999.9,999.9,0,9.6,13.6
16585596,0723,87.8,81.0,81.7,46.5,47.4,47.0,999.9,903.4,905.3,41.0,14.3,14.4,9.5,7.8,8.1,14.0,16.7,17.9,90.0,95.6,93.8,70.0,66.8,68.5,0.0,0.0,0.1,999.9,999.9,999.9,48,9.6,13.0
16585596,0723,80.3,81.1,82.1,47.2,47.4,47.0,866.4,903.4,909.6,9.9,14.5,15.4,5.1,7.9,8.1,17.1,16.7,18.0,95.0,95.6,93.8,54.0,66.8,68.7,0.11,0.0,0.1,999.9,999.9,999.9,18,9.9,14.0
16585596,0723,80.9,81.1,82.0,47.2,47.5,47.0,873.0,903.4,909.5,10.0,14.5,15.3,10.1,7.9,8.1,11.1,16.7,18.0,98.1,95.6,94.3,57.9,66.7,68.3,0.02,0.0,0.1,999.9,999.9,999.9,18,10.0,14.1
16585596,0723,82.7,81.1,82.0,54.5,47.5,46.7,871.4,903.4,909.7,9.9,14.5,15.3,9.3,7.9,8.2,12.0,16.6,17.7,79.0,95.6,94.4,71.1,66.6,67.9,0.0,0.0,0.1,999.9,999.9,999.9,18,10.1,14.7
16585596,0723,69.7,81.1,82.1,33.1,47.6,47.1,999.9,903.4,909.6,10.0,14.5,15.2,5.3,7.8,8.1,13.0,16.6,17.8,90.0,95.5,94.1,66.0,66.6,67.8,0.0,0.0,0.1,999.9,999.9,999.9,0,10.1,14.7
16585596,0723,80.9,81.1,81.4,39.9,47.5,46.9,869.5,904.1,913.8,10.0,14.5,15.2,5.3,7.8,8.0,15.9,16.7,17.5,89.1,95.5,93.7,70.0,66.6,67.7,0.15,0.0,0.1,999.9,999.9,999.9,0,10.1,14.1
16585596,0723,89.6,81.0,81.6,57.5,47.5,46.4,872.7,904.1,909.5,10.0,14.3,14.9,8.7,7.8,8.0,17.1,16.7,17.4,95.0,95.5,93.7,57.0,66.6,67.5,0.0,0.0,0.1,999.9,999.9,999.9,0,10.0,14.1
16585596,0723,80.9,81.1,81.8,41.2,47.5,46.8,999.9,904.1,909.5,10.0,14.3,14.4,6.6,7.9,7.9,10.1,16.7,17.2,102.9,95.5,94.2,64.9,66.5,67.3,0.02,0.0,0.0,999.9,999.9,999.9,48,10.0,13.5
16585596,0723,80.9,81.0,81.8,33.1,47.5,46.5,872.7,904.1,913.7,9.9,14.3,14.4,5.6,7.9,7.8,11.1,16.7,17.0,88.7,95.5,94.3,71.1,66.5,67.1,0.0,0.0,0.0,999.9,999.9,999.9,0,10.3,15.1
16585596,0723,88.1,81.0,81.8,47.1,47.4,46.1,869.5,904.1,913.9,39.8,14.3,14.3,4.7,7.9,7.8,18.1,16.6,16.8,90.0,95.5,93.9,71.1,66.6,67.0,0.0,0.0,0.0,999.9,999.9,999.9,16,10.3,15.1
16585596,0723,76.8,81.1,81.9,39.9,47.4,45.7,873.5,903.4,913.8,9.9,14.4,15.3,6.4,7.9,7.5,31.1,16.6,16.4,88.7,95.5,93.5,73.0,66.6,67.0,0.0,0.0,0.0,999.9,999.9,999.9,0,10.4,14.0
16585596,0723,88.1,81.1,81.5,55.9,47.4,45.7,999.9,903.4,914.0,30.7,14.4,15.3,8.2,7.9,7.6,19.0,16.7,16.8,102.9,95.4,93.5,66.9,66.7,67.2,0.11,0.0,0.0,999.9,999.9,999.9,18,10.4,14.0
16585596,0723,83.0,81.1,81.8,45.2,47.4,46.2,869.0,904.1,918.3,22.3,14.5,16.0,8.8,7.9,7.7,13.0,16.7,17.0,93.0,95.4,93.7,71.1,66.7,67.0,0.0,0.0,0.0,999.9,999.9,999.9,18,10.5,14.0
16585596,0723,80.9,81.2,81.6,47.2,47.3,46.0,872.4,904.1,914.0,10.0,14.5,16.4,9.8,7.9,7.7,31.1,16.7,16.9,95.0,95.4,93.7,71.1,66.7,67.1,0.0,0.0,0.0,999.9,999.9,999.9,18,10.5,14.0
16585596,0723,82.7,81.2,81.7,45.0,47.3,46.2,869.6,904.1,909.7,10.0,14.5,16.4,6.2,7.9,7.7,13.0,16.8,17.5,98.1,95.4,93.5,54.0,66.6,67.2,0.0,0.0,0.0,999.9,999.9,999.9,0,10.6,14.6
16585596,0723,80.9,81.2,82.0,55.9,47.2,46.2,872.4,904.1,909.5,10.0,14.5,15.4,10.2,7.9,7.7,20.0,16.8,17.5,102.9,95.4,93.5,75.9,66.6,66.8,0.02,0.0,0.0,999.9,999.9,999.9,0,10.5,13.0
16585596,0723,81.1,81.2,82.0,45.0,47.3,46.9,999.9,903.3,905.3,10.0,14.5,15.0,6.2,7.9,7.7,15.0,16.8,17.3,87.1,95.4,94.0,73.9,66.6,66.8,0.0,0.0,0.0,999.9,999.9,999.9,18,10.4,12.4
16585596,0723,78.4,81.2,81.7,50.9,47.3,46.5,871.5,904.0,909.7,9.8,14.5,15.0,8.2,7.9,7.6,34.0,16.8,16.6,99.0,95.4,94.0,73.9,66.7,66.9,0.0,0.0,0.0,999.9,999.9,999.9,18,10.5,12.4
16585596,0723,87.8,81.1,81.6,49.2,47.3,46.7,873.6,903.3,909.7,22.2,14.5,15.0,5.6,7.9,7.7,24.3,16.9,17.1,93.0,95.4,94.2,66.9,66.7,67.3,0.0,0.0,0.0,999.9,999.9,999.9,0,10.5,13.0
16585596,0723,82.7,81.1,82.4,45.0,47.2,46.4,872.4,902.6,905.5,9.8,14.5,15.2,6.9,7.8,7.6,15.0,16.9,17.1,93.9,95.3,94.1,54.0,66.7,67.5,0.0,0.0,0.0,999.9,999.9,999.9,0,10.5,11.4
16585596,0723,62.0,81.2,82.3,52.0,47.2,46.1,875.8,901.9,905.6,9.7,14.5,15.2,6.4,7.8,7.6,24.3,16.9,17.2,95.0,95.3,94.0,66.9,66.7,67.1,0.0,0.0,0.0,999.9,999.9,999.9,18,10.5,10.8
16585596,0723,79.9,81.1,81.7,49.2,47.2,46.7,872.4,901.2,901.5,10.0,14.5,14.9,6.3,7.8,7.5,10.1,16.9,17.2,88.7,95.3,94.0,57.0,66.6,67.0,0.0,0.0,0.0,999.9,999.9,999.9,0,10.5,11.4
16585596,0723,76.8,81.0,81.7,45.2,47.2,46.8,999.9,901.3,901.6,20.3,14.4,14.9,10.4,7.8,7.4,12.0,16.9,17.2,102.9,95.3,93.6,57.0,66.5,66.8,0.15,0.0,0.0,999.9,999.9,999.9,18,10.5,10.9
16585596,0723,80.7,81.0,81.3,57.5,47.1,47.0,868.1,902.0,905.8,9.9,14.4,14.8,6.2,7.8,7.5,18.1,16.8,16.9,98.1,95.4,93.9,66.0,66.4,66.6,0.0,0.0,0.0,999.9,999.9,999.9,0,10.6,10.9
16585596,0723,77.1,81.0,81.1,54.1,47.3,47.5,999.9,902.0,901.4,10.0,14.4,14.8,4.9,7.8,7.5,12.0,16.9,17.1,93.0,95.3,94.0,62.1,66.5,66.6,0.17,0.0,0.0,999.9,999.9,999.9,0,10.5,10.3
16585596,0723,78.4,81.0,81.2,49.3,47.3,48.0,872.7,902.7,905.6,9.9,14.4,14.8,9.5,7.8,7.3,15.9,16.7,16.9,104.0,95.3,93.8,66.9,66.4,66.6,0.0,0.0,0.0,999.9,999.9,999.9,0,10.5,10.3
16585596,0723,79.9,81.0,80.9,54.5,47.3,47.7,872.7,902.7,905.8,10.0,14.4,14.8,6.6,7.8,7.2,14.0,16.8,17.1,88.7,95.3,94.1,66.0,66.4,66.5,0.0,0.0,0.0,999.9,999.9,999.9,18,10.5,9.7
16585596,0723,89.2,81.0,80.9,44.6,47.4,48.0,999.9,902.7,901.5,14.9,14.4,14.7,7.8,7.8,7.3,19.0,16.8,17.1,104.0,95.3,94.0,70.0,66.4,66.1,0.0,0.0,0.0,999.9,999.9,999.9,0,10.5,10.3
16585596,0723,86.6,81.1,81.3,45.2,47.4,47.6,872.9,903.4,905.9,20.3,14.4,14.8,11.6,7.8,7.5,10.1,16.8,17.1,95.0,95.4,94.5,57.0,66.5,66.1,0.02,0.0,0.0,999.9,999.9,999.9,0,10.5,10.3
16585596,0723,74.2,81.0,81.5,37.5,47.3,47.6,869.5,903.4,905.9,30.7,14.2,14.5,5.3,7.8,7.5,15.9,16.7,17.0,89.1,95.5,94.5,62.2,66.4,65.6,0.0,0.0,0.0,999.9,999.9,999.9,0,10.5,10.3
16585596,0723,82.3,81.0,81.0,36.2,47.3,47.2,871.5,903.4,905.8,41.0,14.4,15.0,6.2,7.8,7.4,13.0,16.8,16.9,93.0,95.5,94.3,59.0,66.5,65.5,0.0,0.0,0.0,999.9,999.9,999.9,18,10.5,10.3
16585596,0723,82.3,81.0,80.8,44.6,47.2,46.8,871.0,903.4,901.5,22.3,14.5,15.0,6.4,7.8,7.3,15.0,16.7,16.8,87.1,95.5,94.4,61.0,66.4,65.1,0.0,0.0,0.0,999.9,999.9,999.9,18,10.6,9.3
16585596,0723,82.3,81.0,80.9,47.2,47.1,46.8,869.6,902.7,901.6,10.0,14.6,15.4,8.1,7.8,7.3,15.9,16.7,16.8,93.0,95.4,94.2,57.0,66.4,65.4,0.0,0.0,0.0,999.9,999.9,999.9,0,10.7,9.3
16585596,0723,79.9,81.0,80.9,36.2,47.2,46.8,869.5,902.7,901.5,10.0,14.6,15.4,9.9,7.8,7.3,18.1,16.7,16.9,89.1,95.4,94.0,73.9,66.4,65.3,0.01,0.0,0.0,999.9,999.9,999.9,48,10.6,8.7
16585596,0723,86.8,80.9,80.8,46.5,47.2,46.1,999.9,902.0,901.5,9.9,14.6,15.4,5.6,7.8,7.3,15.0,16.7,17.1,102.9,95.4,94.3,59.0,66.4,65.4,0.0,0.0,0.0,999.9,999.9,999.9,0,10.9,9.7
16585596,0723,69.7,81.0,81.4,49.2,47.1,46.6,999.9,902.7,901.5,39.8,14.6,15.4,6.6,7.8,7.3,26.0,16.6,17.2,99.0,95.4,94.8,54.0,66.3,65.2,0.0,0.0,0.0,999.9,999.9,999.9,18,10.9,9.7
16585596,0723,69.7,80.9,81.0,34.9,47.1,46.9,873.0,903.4,905.8,10.0,14.8,16.4,8.1,7.8,7.3,18.1,16.7,17.5,93.9,95.5,95.1,71.1,66.3,64.7,0.02,0.0,0.0,999.9,999.9,999.9,0,10.9,10.3
16585596,0723,80.7,80.9,80.3,49.3,47.1,46.2,999.9,903.4,905.8,10.0,14.8,16.4,4.7,7.8,7.3,15.0,16.7,17.6,95.0,95.4,95.1,66.0,66.3,65.1,0.0,0.0,0.0,999.9,999.9,999.9,0,10.9,10.3
16585596,0723,76.8,80.9,80.3,54.6,47.2,46.4,869.5,904.1,905.8,9.9,14.6,16.4,4.7,7.8,7.2,15.0,16.8,17.7,102.9,95.4,94.8,62.1,66.3,65.2,0.33,0.0,0.0,999.9,999.9,999.9,0,10.6,8.7
16585596,0723,88.8,80.9,80.2,55.6,47.1,47.1,872.4,904.1,905.7,39.8,14.6,16.4,8.8,7.8,7.2,14.0,16.7,17.9,102.0,95.5,95.3,71.1,66.2,64.9,0.11,0.0,0.0,999.9,999.9,999.9,2,10.5,8.7
16585596,0723,79.9,80.9,80.2,36.2,47.2,47.4,868.1,904.1,905.8,10.0,14.6,16.4,8.2,7.8,7.4,34.0,16.7,17.7,99.0,95.6,95.7,71.1,66.3,64.9,0.0,0.0,0.0,999.9,999.9,999.9,18,10.4,8.3
16585596,0723,82.8,80.9,80.3,47.2,47.2,47.3,999.9,904.1,905.6,9.8,14.6,16.4,8.8,7.8,7.4,15.0,16.8,17.8,98.1,95.6,96.0,66.2,66.4,64.8,0.0,0.0,0.0,999.9,999.9,999.9,2,10.5,8.9
16585596,0723,81.1,80.8,80.1,48.9,47.2,47.0,871.0,904.8,905.6,22.2,14.6,15.7,8.7,7.7,7.4,13.0,16.7,17.7,91.9,95.6,95.8,54.0,66.3,64.8,0.03,0.0,0.0,999.9,999.9,999.9,2,10.5,8.3
16585596,0723,88.8,80.8,80.1,54.1,47.2,47.1,873.6,904.8,905.7,9.7,14.7,15.7,8.7,7.8,7.4,18.1,16.6,17.7,102.0,95.5,95.8,66.0,66.2,64.2,0.02,0.0,0.0,999.9,999.9,999.9,0,10.4,7.8
16585596,0723,82.8,80.8,80.3,41.6,47.2,47.4,866.4,904.8,905.7,9.9,14.5,15.7,10.6,7.8,7.4,12.0,16.7,17.3,104.0,95.6,96.0,62.2,66.3,64.0,0.0,0.0,0.0,999.9,999.9,999.9,0,10.4,7.2
16585596,0723,76.7,80.8,80.3,50.9,47.1,47.2,873.6,904.8,905.6,10.0,14.4,15.7,10.1,7.8,7.5,14.0,16.7,17.2,91.9,95.6,96.2,75.0,66.3,64.3,0.02,0.0,0.0,999.9,999.9,999.9,0,10.4,7.2
16585596,0723,88.1,80.7,80.2,46.5,47.2,47.1,870.4,904.1,905.7,10.0,14.4,15.7,5.6,7.8,7.5,12.0,16.7,17.0,102.0,95.6,95.9,66.0,66.3,64.3,0.0,0.0,0.0,999.9,999.9,999.9,18,10.4,7.2
16585596,0723,85.2,80.8,80.4,37.5,47.2,47.1,999.9,904.1,901.4,30.7,14.2,15.7,10.4,7.8,7.5,15.9,16.7,16.9,99.0,95.6,96.4,61.0,66.3,64.0,0.0,0.0,0.0,999.9,999.9,999.9,0,10.5,7.2
16585596,0723,82.8,80.9,80.7,55.9,47.2,46.7,873.5,904.8,905.6,9.9,14.3,16.4,4.7,7.8,7.6,15.9,16.7,16.3,90.0,95.7,96.4,66.2,66.3,63.6,0.0,0.0,0.0,999.9,999.9,999.9,0,10.2,6.6
16585596,0723,81.1,80.9,80.5,39.9,47.2,46.9,999.9,904.8,905.6,10.0,14.3,16.0,9.5,7.8,7.6,18.1,16.7,16.0,93.9,95.6,96.3,66.0,66.3,63.6,0.01,0.0,0.0,999.9,999.9,999.9,18,10.1,6.6
16585596,0723,86.8,80.9,80.4,55.6,47.1,46.7,999.9,905.5,909.9,41.0,14.3,16.0,10.4,7.8,7.6,15.9,16.6,16.1,93.9,95.6,96.3,54.0,66.2,64.0,0.0,0.0,0.0,999.9,999.9,999.9,0,10.1,7.2
16585596,0723,79.3,80.9,81.3,57.2,47.1,46.9,870.0,906.2,914.0,13.5,14.5,17.1,8.1,7.8,7.8,18.1,16.6,15.9,98.1,95.6,96.2,64.9,66.1,63.5,0.0,0.0,0.0,999.9,999.9,999.9,18,10.1,6.6
16585596,0723,82.3,80.9,81.3,44.1,47.1,47.1,869.6,906.2,913.9,41.0,14.5,17.2,10.1,7.8,7.8,13.0,16.6,16.1,93.9,95.6,96.6,71.1,66.1,63.8,0.0,0.0,0.0,999.9,999.9,999.9,18,10.2,7.2
16585596,0723,81.8,81.0,81.4,44.6,47.2,47.1,872.4,905.5,909.6,10.0,14.7,17.9,4.9,7.8,7.8,19.0,16.7,16.2,102.0,95.6,96.3,57.0,66.2,64.3,0.11,0.0,0.0,999.9,999.9,999.9,18,10.3,7.2
16585596,0723,77.1,81.0,81.5,45.2,47.1,46.7,872.4,904.8,909.7,10.0,14.7,17.9,6.2,7.8,7.8,18.1,16.7,16.2,102.9,95.6,96.4,73.9,66.1,64.0,0.02,0.0,0.0,999.9,999.9,999.9,0,10.2,7.8
16585596,0723,83.0,81.0,81.5,45.0,47.1,46.4,869.6,904.1,905.5,22.2,14.6,17.9,4.7,7.7,7.8,18.1,16.7,16.4,99.0,95.6,96.7,66.9,66.1,64.4,0.0,0.0,0.0,999.9,999.9,999.9,18,10.2,7.8
16585596,0723,89.2,81.0,81.6,49.2,47.0,46.2,870.4,904.1,905.4,10.0,14.5,18.3,4.7,7.7,7.7,10.1,16.7,16.5,79.0,95.6,96.5,66.0,66.2,64.4,0.0,0.0,0.0,999.9,999.9,999.9,0,10.2,8.4
16585596,0723,76.7,81.1,81.9,40.5,47.1,46.0,872.4,904.1,905.3,9.9,14.4,18.3,6.9,7.7,7.6,15.9,16.7,16.3,102.9,95.6,96.2,57.0,66.2,64.4,0.11,0.0,0.0,999.9,999.9,999.9,0,10.2,7.8
16585596,0723,78.3,81.1,81.5,41.6,47.0,45.9,872.4,903.4,901.1,10.0,14.3,18.1,5.6,7.7,7.6,11.1,16.7,16.2,102.0,95.6,96.2,66.9,66.1,63.9,0.0,0.0,0.0,999.9,999.9,999.9,0,10.1,7.8
16585596,0723,86.6,81.1,81.2,58.4,47.0,45.8,869.5,903.4,901.0,10.0,14.3,17.8,8.8,7.7,7.4,15.0,16.7,16.3,102.9,95.6,96.4,72.0,66.1,64.3,0.0,0.0,0.0,999.9,999.9,999.9,18,10.1,7.8
16585596,0723,80.9,81.2,81.7,46.5,47.0,46.5,871.4,903.4,901.0,10.0,14.3,17.1,6.3,7.7,7.5,11.1,16.7,16.2,93.0,95.6,96.9,63.0,66.2,64.6,0.0,0.0,0.0,999.9,999.9,999.9,18,10.1,8.4
16585596,0723,82.7,81.2,81.6,54.1,47.0,46.8,873.5,903.4,901.0,9.9,14.3,16.0,7.8,7.7,7.5,18.1,16.6,16.2,98.1,95.6,96.9,66.0,66.1,64.7,0.14,0.0,0.0,999.9,999.9,999.9,18,10.2,8.4
16585596,0723,62.0,81.3,81.6,52.0,47.0,47.1,873.6,903.4,901.1,9.8,14.3,15.6,5.3,7.6,7.5,15.9,16.6,16.3,99.0,95.7,97.2,73.9,66.1,64.9,0.03,0.0,0.0,999.9,999.9,999.9,18,10.3,8.4
16585596,0723,82.8,81.2,80.9,54.1,47.0,47.3,999.9,902.7,901.3,10.0,14.3,15.6,3.7,7.6,7.5,15.0,16.7,16.3,102.9,95.7,97.4,64.9,66.2,65.5,0.0,0.0,0.0,999.9,999.9,999.9,0,10.4,9.0
16585596,0723,89.6,81.2,81.0,47.2,47.1,47.9,872.9,902.7,905.6,13.5,14.3,15.6,5.3,7.6,7.2,19.0,16.6,16.2,102.9,95.7,97.9,70.0,66.2,65.2,0.0,0.0,0.0,999.9,999.9,999.9,0,10.3,7.4
16585596,0723,79.9,81.2,81.1,45.0,47.0,47.9,870.5,902.7,901.4,10.0,14.3,15.7,5.1,7.6,7.2,26.0,16.7,16.3,95.0,95.8,97.9,57.9,66.2,65.5,0.0,0.0,0.0,999.9,999.9,999.9,0,10.3,7.4
16585596,0723,85.2,81.3,81.5,55.9,47.0,47.8,871.5,902.7,897.1,10.0,14.2,14.8,5.6,7.6,7.2,18.1,16.7,16.3,88.7,95.9,97.8,62.1,66.1,65.6,0.0,0.0,0.0,999.9,999.9,999.9,18,10.3,6.8
16585596,0723,79.3,81.4,82.0,41.4,47.1,48.5,999.9,902.7,897.0,9.9,14.2,14.8,9.8,7.6,7.1,13.0,16.7,16.3,95.0,95.8,97.6,73.9,66.1,65.3,0.0,0.0,0.0,999.9,999.9,999.9,16,10.4,7.4
16585596,0723,79.3,81.4,81.9,47.1,47.1,48.2,869.0,903.4,897.0,10.0,14.2,14.8,5.6,7.6,7.3,15.9,16.6,16.3,102.0,95.8,97.6,70.0,66.1,65.6,0.15,0.0,0.0,999.9,999.9,999.9,2,10.5,7.9
16585596,0723,86.8,81.4,82.0,45.2,47.0,48.0,875.8,903.4,897.0,10.0,14.2,14.8,6.9,7.6,7.3,15.9,16.7,16.3,100.0,95.8,97.6,62.1,66.1,65.9,0.14,0.0,0.0,999.9,999.9,999.9,18,10.5,8.0
16585596,0723,88.1,81.4,82.0,36.2,47.1,47.6,868.1,903.4,897.1,9.9,14.2,13.8,5.6,7.6,7.2,24.1,16.7,16.3,104.0,95.8,97.5,75.0,66.0,65.6,0.0,0.0,0.0,999.9,999.9,999.9,0,10.6,8.5
16585596,0723,89.2,81.5,82.2,37.5,47.0,47.6,869.6,903.4,897.1,10.0,14.2,13.8,5.3,7.6,7.2,17.1,16.7,16.0,104.0,95.9,97.7,54.0,66.1,65.7,0.02,0.0,0.0,999.9,999.9,999.9,0,10.6,7.9
16585596,0723,78.4,81.6,82.5,50.2,46.9,47.3,869.5,903.4,892.8,10.0,14.2,13.8,8.2,7.6,7.0,12.0,16.7,16.1,102.0,95.9,97.9,59.0,66.0,65.3,0.0,0.0,0.0,999.9,999.9,999.9,0,10.6,7.9
16585596,0723,69.7,81.5,82.4,52.0,46.9,47.3,999.9,903.4,892.7,9.9,14.2,13.4,8.1,7.6,7.0,17.1,16.7,16.1,102.0,95.9,98.2,64.9,65.9,65.5,0.0,0.0,0.0,999.9,999.9,999.9,0,10.5,7.8
16585596,0723,78.3,81.5,81.7,50.9,46.9,47.3,872.4,904.1,896.9,9.9,14.2,13.4,9.6,7.6,7.0,11.1,16.7,16.0,98.1,95.9,98.2,71.1,65.9,65.4,0.0,0.0,0.0,999.9,999.9,999.9,0,10.4,7.8
16585596,0723,82.8,81.4,81.6,52.0,46.9,47.6,871.5,904.1,897.1,10.0,14.1,13.4,7.8,7.6,7.0,13.0,16.6,16.0,99.0,96.0,98.0,63.0,65.9,65.7,0.0,0.0,0.0,999.9,999.9,999.9,0,10.4,7.8
16585596,0723,79.9,81.6,81.8,54.1,47.0,47.6,873.5,904.1,897.0,22.3,14.1,13.4,10.2,7.6,6.9,10.1,16.6,16.0,100.0,96.0,98.2,66.2,65.9,65.3,0.0,0.0,0.0,999.9,999.9,999.9,18,10.4,7.8
16585596,0723,81.1,81.6,81.5,45.0,47.0,47.9,872.7,904.1,897.1,9.7,14.2,13.8,6.2,7.6,7.0,10.1,16.6,15.9,87.1,96.1,98.2,71.1,65.9,65.3,0.0,0.0,0.0,999.9,999.9,999.9,0,10.4,7.8
16585596,0723,85.2,81.6,81.4,41.6,47.0,48.1,999.9,904.1,892.9,9.9,14.2,13.1,8.8,7.6,6.9,8.9,16.5,15.7,93.9,96.0,97.8,70.0,65.9,65.7,0.0,0.0,0.0,999.9,999.9,999.9,2,10.3,7.8
16585596,0723,80.3,81.5,81.4,44.1,46.9,47.6,869.5,904.1,897.1,10.0,14.2,13.1,6.2,7.6,7.0,24.3,16.5,15.5,89.1,96.0,97.9,57.9,66.0,65.8,0.0,0.0,0.0,999.9,999.9,999.9,0,10.3,7.9
16585596,0723,78.3,81.6,81.4,57.2,46.9,47.8,999.9,903.4,892.8,10.0,14.1,13.1,6.9,7.6,6.9,18.1,16.6,15.7,91.9,96.0,97.7,66.0,65.9,65.5,0.14,0.0,0.0,999.9,999.9,999.9,18,10.2,7.3
16585596,0723,88.1,81.6,81.1,45.2,46.9,47.8,870.0,904.1,892.8,10.0,14.1,12.0,5.3,7.6,6.8,15.9,16.6,15.7,102.9,95.9,97.7,61.0,65.9,65.9,0.0,0.0,0.0,999.9,999.9,999.9,0,10.3,7.9
16585596,0723,81.8,81.6,81.4,57.5,46.9,47.4,870.0,903.4,892.8,10.0,14.1,11.9,5.3,7.5,6.7,11.1,16.6,15.7,100.0,95.9,97.8,71.1,65.9,65.8,0.0,0.0,0.0,999.9,999.9,999.9,0,10.0,7.3
16585596,0723,76.7,81.6,81.4,33.1,46.9,47.9,873.1,902.7,892.8,9.9,14.1,10.9,5.6,7.5,6.6,19.0,16.6,15.6,93.0,95.9,98.0,71.1,65.9,65.8,0.0,0.0,0.0,999.9,999.9,999.9,18,9.8,6.7
16585596,0723,77.1,81.6,81.2,41.6,46.7,47.5,871.5,902.7,892.8,10.0,14.1,10.9,6.4,7.5,6.6,19.0,16.6,15.6,93.9,96.0,97.7,64.9,66.0,66.3,0.0,0.0,0.0,999.9,999.9,999.9,0,9.8,6.7
16585596,0723,76.8,81.6,81.2,33.1,46.7,47.4,873.0,902.7,892.8,9.9,14.1,10.9,6.2,7.5,6.6,11.1,16.7,15.6,95.0,95.9,97.4,73.0,66.0,66.0,0.0,0.0,0.0,999.9,999.9,999.9,16,9.7,6.7
16585596,0723,81.8,81.6,81.0,33.1,46.6,47.0,869.0,902.0,892.9,10.0,14.1,10.5,9.3,7.5,6.6,24.3,16.7,15.4,102.0,96.0,97.3,61.0,66.0,66.2,0.0,0.0,0.0,999.9,999.9,999.9,0,9.6,6.6
16585596,0723,81.1,81.6,80.8,54.6,46.5,46.4,870.0,902.0,892.8,13.5,14.0,10.5,6.4,7.5,6.8,11.1,16.7,15.9,102.0,96.0,98.1,71.1,66.0,66.0,0.0,0.0,0.0,999.9,999.9,999.9,0,9.6,6.6
16585596,0723,77.1,81.6,80.9,54.6,46.5,46.9,869.6,902.0,892.8,41.0,14.0,10.6,5.3,7.5,6.8,24.1,16.7,15.7,102.0,96.0,98.0,62.1,66.1,66.5,0.0,0.0,0.0,999.9,999.9,999.9,18,9.6,6.6
16585596,0723,83.0,81.6,80.9,52.0,46.6,47.3,873.0,901.9,892.7,9.9,14.0,11.6,6.4,7.5,6.8,34.0,16.7,16.2,98.1,96.0,98.0,66.9,66.1,66.3,0.0,0.0,0.0,999.9,999.9,999.9,18,9.6,7.2
16585596,0723,87.8,81.7,80.8,55.9,46.6,47.1,999.9,902.0,892.8,10.0,14.0,11.6,8.1,7.5,6.7,10.1,16.9,16.8,102.0,96.0,97.9,66.2,66.1,66.1,0.33,0.0,0.0,999.9,999.9,999.9,0,9.6,7.2
16585596,0723,81.1,81.7,81.0,47.2,46.6,47.4,869.5,902.7,897.1,9.7,13.9,11.6,9.6,7.5,6.7,11.1,16.8,16.8,99.0,96.1,98.2,66.9,66.0,66.2,0.0,0.0,0.0,999.9,999.9,999.9,0,9.5,6.6
16585596,0723,62.0,81.6,81.0,36.2,46.7,47.2,872.7,902.7,896.9,10.0,13.7,11.6,6.2,7.5,6.8,11.1,16.8,16.5,98.1,96.1,98.2,62.1,66.1,66.3,0.0,0.0,0.0,999.9,999.9,999.9,0,9.4,6.0
16585596,0723,83.0,81.5,81.0,52.0,46.6,46.7,872.9,902.6,896.9,9.9,13.7,11.6,4.7,7.5,6.8,15.9,16.7,16.4,95.0,96.1,98.2,66.9,66.1,65.9,0.0,0.0,0.0,999.9,999.9,999.9,18,9.4,5.4
16585596,0723,85.4,81.5,81.0,48.9,46.6,46.6,872.9,902.6,892.7,9.8,13.7,11.6,6.6,7.5,6.9,13.0,16.7,16.4,98.1,96.1,97.9,72.0,66.0,66.0,0.0,0.0,0.0,999.9,999.9,999.9,0,9.5,6.0
16585596,0723,82.7,81.6,80.8,49.3,46.7,46.7,869.5,902.7,892.7,22.3,13.7,11.5,6.6,7.5,6.9,11.1,16.7,16.2,104.0,96.2,97.8,62.1,66.1,66.0,0.02,0.0,0.0,999.9,999.9,999.9,0,9.5,6.0
16585596,0723,80.3,81.5,80.9,41.2,46.7,46.8,870.4,902.7,892.6,10.0,13.8,11.9,10.2,7.4,7.0,24.3,16.7,15.7,100.0,96.2,98.1,75.9,66.0,66.2,0.0,0.0,0.0,999.9,999.9,999.9,0,9.4,6.0
16585596,0723,76.7,81.6,80.7,41.6,46.7,46.3,871.5,901.9,892.6,41.0,13.8,11.9,6.6,7.5,7.1,10.1,16.7,15.9,93.9,96.2,98.4,64.9,66.1,66.6,0.15,0.0,0.0,999.9,999.9,999.9,18,9.3,5.4
16585596,0723,82.3,81.5,80.7,54.5,46.7,46.3,873.0,901.9,888.3,10.0,14.0,12.9,10.6,7.4,7.0,15.0,16.7,15.8,102.9,96.2,98.4,61.0,66.1,66.3,0.33,0.0,0.0,999.9,999.9,999.9,48,9.4,5.5
16585596,0723,86.8,81.5,80.8,45.2,46.7,46.6,870.0,902.0,888.5,9.7,13.9,12.9,4.7,7.4,7.2,14.0,16.7,15.8,93.0,96.3,98.4,71.1,66.1,66.0,0.0,0.0,0.0,999.9,999.9,999.9,18,9.6,7.0
16585596,0723,87.8,81.5,80.8,54.5,46.7,46.6,872.7,901.9,888.3,10.0,13.9,12.9,10.4,7.4,7.1,15.9,16.6,15.7,93.0,96.2,98.2,66.0,66.1,66.3,0.0,0.0,0.0,999.9,999.9,999.9,18,9.7,7.0
16585596,0723,80.7,81.6,80.8,33.1,46.7,47.2,999.9,901.2,888.4,20.3,13.9,12.9,10.2,7.4,7.3,17.1,16.6,15.4,93.9,96.2,97.8,64.9,66.1,66.0,0.0,0.0,0.0,999.9,999.9,999.9,0,9.6,7.6
16585596,0723,88.1,81.6,80.5,47.1,46.7,47.1,870.4,902.0,892.8,10.0,13.9,13.3,8.7,7.5,7.4,15.9,16.7,15.4,102.9,96.2,97.5,62.2,66.1,66.4,0.0,0.0,0.0,999.9,999.9,999.9,0,9.6,7.6
16585596,0723,86.8,81.6,80.8,57.6,46.7,46.9,872.4,901.2,892.8,10.0,13.9,13.3,9.5,7.5,7.4,15.9,16.7,15.6,89.1,96.2,97.5,63.0,66.0,66.5,0.0,0.0,0.0,999.9,999.9,999.9,0,9.6,7.6
16585596,0723,80.9,81.7,81.4,41.2,46.8,47.1,999.9,901.3,888.5,10.0,13.9,13.3,7.8,7.5,7.5,22.0,16.7,15.5,93.9,96.1,97.1,75.0,66.0,66.4,0.0,0.0,0.0,999.9,999.9,999.9,2,9.5,7.6
16585596,0723,79.9,81.6,81.5,49.3,46.8,46.8,869.5,902.0,892.8,22.2,13.9,13.3,10.1,7.5,7.4,13.0,16.7,15.9,102.0,96.1,97.0,66.9,66.1,66.6,0.0,0.0,0.0,999.9,999.9,999.9,18,9.4,7.7
16585596,0723,82.3,81.6,81.4,47.2,46.8,46.7,873.6,901.2,892.7,30.7,14.0,13.7,5.3,7.5,7.5,11.1,16.7,15.9,102.0,96.1,97.1,57.9,66.1,66.7,0.0,0.0,0.0,999.9,999.9,999.9,0,9.5,8.3
16585596,0723,78.3,81.6,81.4,49.3,46.9,46.5,999.9,901.2,892.7,10.0,14.1,14.0,10.2,7.5,7.3,12.0,16.7,15.9,95.0,96.1,97.1,62.2,66.1,66.4,0.0,0.0,0.0,999.9,999.9,999.9,0,9.4,7.7
16585596,0723,79.3,81.5,81.3,54.1,46.9,46.6,999.9,902.0,897.0,10.0,14.1,14.0,8.7,7.5,7.5,11.1,16.7,16.0,95.0,96.1,97.4,62.1,66.0,66.1,0.0,0.0,0.0,999.9,999.9,999.9,2,9.1,7.7
16585596,0723,82.7,81.5,81.1,41.4,47.0,47.0,869.5,902.7,897.0,10.0,14.1,14.0,9.6,7.5,7.5,10.1,16.7,16.1,93.0,96.1,97.4,71.1,65.9,65.8,0.0,0.0,0.0,999.9,999.9,999.9,0,9.0,7.7
16585596,0723,79.9,81.5,81.2,41.2,46.9,47.0,872.9,902.7,897.0,41.0,14.1,14.0,4.9,7.5,7.6,17.1,16.6,15.6,102.0,96.1,97.6,64.9,66.0,66.3,0.0,0.0,0.0,999.9,999.9,999.9,16,9.0,7.7
16585596,0723,81.1,81.5,81.3,46.5,46.8,46.4,869.0,902.7,892.7,10.0,14.3,15.0,8.7,7.5,7.5,12.0,16.6,15.6,88.7,96.1,97.9,71.1,65.9,66.3,0.0,0.0,0.0,999.9,999.9,999.9,0,9.1,7.6
16585596,0723,78.3,81.4,81.0,48.9,46.7,46.5,999.9,902.7,892.7,20.3,14.3,15.0,6.5,7.5,7.6,14.0,16.6,15.4,98.1,96.0,97.4,66.2,66.0,66.6,0.0,0.0,0.0,999.9,999.9,999.9,0,9.1,7.6
16585596,0723,80.3,81.4,80.9,41.2,46.7,46.2,999.9,902.7,897.0,10.0,14.3,15.4,10.2,7.5,7.7,18.1,16.6,15.5,102.0,96.0,97.4,71.1,66.0,66.4,0.0,0.0,0.0,999.9,999.9,999.9,18,9.1,7.6
16585596,0723,78.4,81.5,81.0,47.2,46.7,46.5,872.4,903.4,901.3,9.9,14.3,15.4,5.6,7.6,7.8,10.1,16.6,15.5,95.0,96.1,97.7,66.9,66.1,66.4,0.0,0.0,0.0,999.9,999.9,999.9,18,9.1,7.6
16585596,0723,86.8,81.4,81.1,50.2,46.7,46.6,872.4,903.4,901.3,10.0,14.3,15.4,10.2,7.6,7.8,34.0,16.5,15.2,93.0,96.1,97.7,66.0,66.1,66.5,0.0,0.0,0.0,999.9,999.9,999.9,0,9.1,8.2
16585596,0723,62.0,81.4,81.4,57.6,46.7,47.2,873.6,903.4,901.3,13.5,14.3,15.4,9.8,7.6,7.9,19.0,16.6,16.0,95.0,96.1,97.6,62.2,66.1,66.3,0.0,0.0,0.0,999.9,999.9,999.9,0,9.0,7.7
16585596,0723,83.0,81.4,80.8,54.5,46.8,48.0,873.5,902.7,901.4,9.8,14.2,15.5,10.6,7.6,7.9,15.0,16.7,15.8,102.0,96.1,97.4,66.0,66.1,66.3,0.15,0.0,0.0,999.9,999.9,999.9,0,8.9,7.7
16585596,0723,79.9,81.4,80.8,45.2,46.9,48.0,870.4,902.7,901.5,9.9,14.2,15.4,4.9,7.6,8.1,18.1,16.6,15.9,98.1,96.1,97.4,61.0,66.1,66.1,0.33,0.0,0.0,999.9,999.9,999.9,0,8.9,7.7
16585596,0723,85.4,81.3,80.9,34.9,46.9,47.7,871.5,902.0,901.6,10.0,14.2,14.3,5.3,7.6,8.1,14.0,16.6,15.7,95.0,96.2,97.3,62.1,66.1,66.1,0.0,0.0,0.0,999.9,999.9,999.9,16,8.9,7.1
16585596,0723,80.7,81.4,81.0,55.6,46.8,47.1,872.4,901.3,901.5,10.0,14.2,14.3,9.8,7.5,8.0,24.1,16.6,15.0,95.0,96.2,97.2,66.2,66.0,65.9,0.0,0.0,0.0,999.9,999.9,999.9,18,9.0,7.0
16585596,0723,78.3,81.3,80.8,49.2,46.8,47.1,869.5,901.3,897.3,10.0,14.2,14.3,10.2,7.5,8.1,18.1,16.7,15.5,102.9,96.3,96.9,62.2,66.1,65.9,0.03,0.0,0.0,999.9,999.9,999.9,0,9.1,7.6
16585596,0723,86.8,81.3,80.7,58.4,46.8,47.2,873.6,900.6,897.3,9.9,14.1,14.3,8.7,7.6,8.1,8.9,16.8,15.7,102.0,96.3,97.1,59.0,66.0,65.8,0.33,0.0,0.0,999.9,999.9,999.9,18,9.0,7.6
16585596,0723,88.1,81.3,81.5,57.6,46.9,47.9,872.4,900.6,897.3,10.0,14.1,14.3,9.3,7.6,8.2,17.1,16.7,15.7,87.1,96.4,97.2,61.0,66.0,65.7,0.03,0.0,0.0,999.9,999.9,999.9,0,9.1,8.2
16585596,0723,78.3,81.3,81.7,45.0,46.9,48.1,875.8,900.6,897.3,9.8,14.1,14.3,5.6,7.6,8.3,11.1,16.7,15.7,102.9,96.3,96.9,61.0,66.0,65.5,0.0,0.0,0.0,999.9,999.9,999.9,2,9.1,7.6
16585596,0723,80.9,81.3,81.4,58.4,46.9,48.0,999.9,900.6,897.4,10.0,14.1,14.3,6.3,7.5,8.3,19.0,16.6,15.6,95.0,96.3,97.1,66.9,66.0,65.1,0.03,0.0,0.0,999.9,999.9,999.9,18,9.1,7.7
16585596,0723,88.1,81.3,81.4,41.6,47.0,48.3,869.5,900.6,901.7,10.0,14.1,13.9,4.7,7.5,8.3,15.0,16.7,15.9,88.7,96.4,96.8,64.9,65.9,65.3,0.0,0.0,0.0,999.9,999.9,999.9,0,9.2,8.3
16585596,0723,89.2,81.3,81.6,45.2,47.0,48.3,873.6,900.6,901.7,9.9,14.1,13.9,10.2,7.5,8.1,24.1,16.6,15.6,93.0,96.3,96.4,64.9,65.9,64.9,0.0,0.0,0.0,999.9,999.9,999.9,18,9.2,8.3
16585596,0723,76.7,81.3,82.0,54.6,47.0,48.4,872.4,900.6,901.8,9.9,14.1,12.9,8.7,7.5,8.2,14.0,16.7,16.1,102.9,96.2,96.4,59.0,65.8,64.9,0.0,0.0,0.0,999.9,999.9,999.9,0,9.2,8.3
16585596,0723,82.7,81.3,81.9,47.1,47.0,48.4,869.0,900.6,901.7,10.0,14.1,12.9,5.6,7.5,8.2,14.0,16.6,16.0,102.9,96.3,96.4,73.9,65.8,64.8,0.0,0.0,0.0,999.9,999.9,999.9,0,9.2,6.7
16585596,0723,88.8,81.3,81.7,47.2,47.0,48.5,999.9,899.9,901.7,9.9,14.1,12.9,8.2,7.5,8.2,8.9,16.6,16.0,87.1,96.3,96.7,54.0,65.8,64.9,0.11,0.0,0.0,999.9,999.9,999.9,0,9.1,6.1
16585596,0723,62.0,81.3,81.8,45.2,47.0,48.3,999.9,899.9,906.0,14.9,14.1,12.9,6.4,7.5,8.1,22.0,16.6,15.8,87.1,96.2,96.5,68.0,65.8,64.5,0.0,0.0,0.0,999.9,999.9,999.9,18,9.1,5.5
16585596,0723,74.2,81.3,81.1,54.1,47.0,48.7,872.9,899.9,906.0,10.0,14.1,12.7,5.3,7.5,8.0,15.9,16.6,16.0,87.1,96.2,96.3,66.0,65.8,64.6,0.0,0.0,0.0,999.9,999.9,999.9,18,9.1,6.1
16585596,0723,81.1,81.2,80.7,33.1,47.0,48.9,872.4,899.9,906.0,13.5,14.1,12.7,7.8,7.5,7.9,10.1,16.6,16.0,93.9,96.2,95.8,71.1,65.8,64.8,0.14,0.0,0.0,999.9,999.9,999.9,18,8.9,6.7
16585596,0723,76.8,81.2,80.5,49.3,47.0,48.1,869.5,899.9,906.0,10.0,14.1,12.8,6.2,7.5,7.8,13.0,16.6,15.8,93.9,96.2,95.9,71.1,65.9,65.0,0.15,0.0,0.0,999.9,999.9,999.9,0,8.8,7.3
16585596,0723,76.7,81.2,80.3,54.1,47.0,48.3,872.4,899.9,901.7,10.0,14.0,12.8,11.6,7.5,7.8,15.9,16.5,15.5,99.0,96.1,95.9,62.2,65.9,64.9,0.01,0.0,0.0,999.9,999.9,999.9,0,8.8,7.2
16585596,0723,82.3,81.2,80.2,50.9,47.1,48.5,869.6,899.2,901.8,9.9,14.0,12.4,9.9,7.5,7.8,13.0,16.5,15.6,102.9,96.1,95.8,59.0,65.9,64.7,0.0,0.0,0.0,999.9,999.9,999.9,0,8.7,6.6
16585596,0723,85.4,81.2,80.2,54.5,47.2,48.6,872.4,899.2,901.7,10.0,13.9,11.7,6.4,7.5,8.0,34.0,16.5,15.6,89.1,96.1,95.8,62.1,65.9,64.8,0.11,0.0,0.0,999.9,999.9,999.9,0,8.7,6.6
16585596,0723,81.8,81.2,80.5,57.5,47.2,48.8,869.5,899.2,897.4,20.3,13.9,11.7,4.9,7.5,7.9,34.0,16.6,16.4,93.0,96.1,95.6,66.2,65.8,64.8,0.0,0.0,0.0,999.9,999.9,999.9,0,8.7,6.6
16585596,0723,62.0,81.2,80.6,45.2,47.2,48.9,873.6,899.2,893.1,10.0,14.0,12.1,6.3,7.5,7.7,10.1,16.7,17.1,100.0,96.1,95.6,75.9,65.9,64.9,0.0,0.0,0.0,999.9,999.9,999.9,0,8.7,6.5
16585596,0723,81.1,81.1,79.9,57.5,47.2,49.0,872.9,899.2,893.2,22.2,14.0,12.1,10.6,7.5,7.6,24.3,16.6,17.1,87.1,96.0,95.8,62.1,66.0,65.1,0.0,0.0,0.0,999.9,999.9,999.9,18,8.7,6.5
16585596,0723,80.3,81.1,79.9,48.9,47.3,49.6,872.9,899.2,893.2,9.9,14.0,11.5,5.6,7.5,7.8,13.0,16.7,17.4,99.0,96.0,95.3,61.0,65.9,65.0,0.0,0.0,0.0,999.9,999.9,999.9,0,8.8,6.6
16585596,0723,88.8,81.1,79.9,54.5,47.4,49.7,870.0,899.2,893.3,39.8,13.9,11.4,5.3,7.5,7.7,13.0,16.6,17.4,102.0,95.9,95.7,66.9,65.9,64.6,0.0,0.0,0.0,999.9,999.9,999.9,18,8.7,6.6
16585596,0723,82.7,81.1,80.2,41.2,47.4,49.9,871.0,899.2,889.0,41.0,14.1,12.1,5.1,7.5,7.7,19.0,16.6,17.4,88.7,96.0,95.8,66.9,66.0,64.7,0.0,0.0,0.0,999.9,999.9,999.9,0,8.8,7.2
16585596,0723,85.2,81.1,80.3,45.0,47.4,49.9,872.4,899.2,884.7,9.9,14.2,13.1,10.2,7.5,7.5,26.0,16.6,17.4,102.0,95.9,95.3,62.1,66.0,64.5,0.0,0.0,0.0,999.9,999.9,999.9,2,8.7,6.6
16585596,0723,86.6,81.1,80.5,45.2,47.3,49.8,866.4,899.2,884.7,10.0,14.2,13.1,10.6,7.5,7.7,18.1,16.7,17.9,100.0,96.0,95.6,70.0,66.0,64.4,0.02,0.0,0.0,999.9,999.9,999.9,0,8.7,6.1
16585596,0723,79.3,81.2,80.5,41.2,47.3,49.6,872.7,898.5,884.5,22.2,14.2,13.1,8.8,7.6,7.7,14.0,16.7,17.4,102.9,96.0,95.8,64.9,66.0,64.5,0.0,0.0,0.0,999.9,999.9,999.9,0,8.7,6.1
16585596,0723,88.8,81.2,81.1,44.6,47.3,49.1,999.9,898.5,884.5,10.0,14.3,13.4,6.9,7.6,7.6,10.1,16.7,17.2,90.0,96.0,96.1,73.9,66.0,64.6,0.0,0.0,0.0,999.9,999.9,999.9,18,8.7,6.1
16585596,0723,86.6,81.2,81.3,50.9,47.3,48.7,869.7,899.2,888.7,10.0,14.3,13.4,7.8,7.6,7.5,12.0,16.6,17.1,102.9,96.0,95.7,66.0,66.0,64.9,0.0,0.0,0.0,999.9,999.9,999.9,0,8.8,6.7
16585596,0723,80.9,81.2,81.5,55.9,47.4,48.9,869.5,899.2,888.7,10.0,14.3,13.4,4.9,7.6,7.6,8.9,16.7,16.9,99.0,96.0,95.8,68.0,66.0,65.0,0.0,0.0,0.0,999.9,999.9,999.9,18,8.8,6.7
16585596,0723,80.9,81.2,81.4,41.4,47.4,49.6,999.9,899.2,888.6,9.7,14.3,13.4,6.9,7.5,7.6,11.1,16.6,16.7,102.9,96.0,96.0,70.0,66.0,65.2,0.0,0.0,0.0,999.9,999.9,999.9,0,8.8,6.7
16585596,0723,76.4,81.3,81.4,50.2,47.4,49.2,866.4,899.9,892.8,10.0,14.3,13.4,7.8,7.5,7.5,15.9,16.6,16.3,102.9,96.1,96.2,66.0,66.0,65.3,0.0,0.0,0.0,999.9,999.9,999.9,18,8.7,6.1
16585596,0723,88.1,81.2,81.3,47.2,47.4,49.2,873.0,899.9,892.7,10.0,14.3,13.4,10.2,7.5,7.4,13.0,16.6,16.2,102.0,96.2,96.2,54.0,66.0,65.5,0.0,0.0,0.0,999.9,999.9,999.9,0,8.7,6.7
16585596,0723,77.5,81.3,81.4,48.9,47.4,48.8,875.8,899.9,892.7,14.9,14.3,13.4,10.4,7.6,7.5,15.0,16.5,16.3,102.0,96.2,96.2,72.0,65.9,65.3,0.0,0.0,0.0,999.9,999.9,999.9,0,8.7,6.1
16585596,0723,69.7,81.3,81.0,46.5,47.4,48.5,870.5,899.9,892.8,10.0,14.3,13.6,8.1,7.6,7.5,10.1,16.6,16.3,93.9,96.3,96.7,73.9,65.9,65.7,0.0,0.0,0.0,999.9,999.9,999.9,0,8.6,6.1
16585596,0723,81.8,81.2,80.7,44.1,47.4,48.6,873.0,899.9,892.7,10.0,14.3,13.6,6.4,7.6,7.6,19.0,16.5,16.2,99.0,96.3,96.4,62.1,65.9,66.1,0.0,0.0,0.0,999.9,999.9,999.9,18,8.5,6.1
16585596,0723,89.2,81.2,80.7,52.0,47.4,48.1,873.5,899.2,888.4,41.0,14.2,13.6,7.8,7.6,7.6,11.1,16.5,16.2,79.0,96.3,96.6,71.1,65.9,65.9,0.0,0.0,0.0,999.9,999.9,999.9,18,8.6,6.1
16585596,0723,77.1,81.2,80.8,36.2,47.4,48.4,999.9,899.2,888.6,10.0,14.4,14.6,9.3,7.5,7.7,10.1,16.4,16.1,93.9,96.3,96.2,75.0,65.9,66.1,0.0,0.0,0.0,999.9,999.9,999.9,18,8.6,6.7
16585596,0723,79.9,81.2,80.4,45.0,47.3,48.1,870.0,899.9,892.8,22.2,14.4,14.6,9.3,7.5,7.7,19.0,16.4,15.6,100.0,96.3,96.3,66.9,65.9,66.5,0.0,0.0,0.0,999.9,999.9,999.9,0,8.7,6.7
16585596,0723,81.8,81.2,80.5,50.2,47.3,47.8,873.0,899.9,892.7,9.8,14.4,15.0,6.2,7.6,7.7,24.3,16.4,15.8,95.0,96.3,96.2,62.1,65.9,66.7,0.0,0.0,0.0,999.9,999.9,999.9,18,8.7,6.7
16585596,0723,79.3,81.2,80.5,54.1,47.3,47.9,999.9,899.9,892.8,10.0,14.4,15.0,5.1,7.5,7.7,10.1,16.4,16.1,93.0,96.2,95.9,66.0,65.8,66.3,0.0,0.0,0.0,999.9,999.9,999.9,0,8.5,7.3
16585596,0723,86.8,81.1,80.1,46.5,47.4,48.2,870.5,900.6,892.8,9.8,14.4,15.0,10.6,7.5,7.6,15.0,16.3,16.2,102.0,96.3,96.1,63.0,65.8,66.8,0.0,0.0,0.0,999.9,999.9,999.9,18,8.5,7.3
16585596,0723,85.2,81.2,81.0,50.9,47.4,48.2,999.9,900.7,888.5,10.0,14.4,14.9,6.6,7.6,7.7,18.1,16.4,15.9,102.9,96.3,96.6,71.1,65.8,66.6,0.0,0.0,0.0,999.9,999.9,999.9,0,8.5,7.3
16585596,0723,78.4,81.1,81.3,57.5,47.4,48.1,871.4,900.7,892.7,9.9,14.4,14.9,6.2,7.5,7.8,15.9,16.4,16.0,95.0,96.4,97.1,62.2,65.8,66.8,0.03,0.0,0.0,999.9,999.9,999.9,0,8.4,6.7
16585596,0723,76.4,81.1,81.2,50.9,47.5,48.9,872.7,899.9,892.7,22.2,14.4,14.8,7.8,7.5,7.7,12.0,16.4,16.2,90.0,96.3,97.2,71.1,65.8,66.5,0.0,0.0,0.0,999.9,999.9,999.9,18,8.4,6.1
16585596,0723,85.2,81.2,81.2,46.5,47.5,49.0,872.4,899.9,892.8,9.8,14.3,15.2,10.2,7.5,7.8,24.3,16.4,16.2,89.1,96.3,97.0,54.0,65.8,66.5,0.0,0.0,0.0,999.9,999.9,999.9,0,8.3,6.7
16585596,0723,82.8,81.2,81.5,47.1,47.6,48.7,869.5,899.2,892.8,14.9,14.2,15.1,8.2,7.5,7.7,13.0,16.4,16.5,95.0,96.3,96.7,66.0,65.7,66.2,0.0,0.0,0.0,999.9,999.9,999.9,2,8.2,6.7
16585596,0723,81.1,81.1,81.5,50.9,47.5,48.6,999.9,899.2,892.8,9.9,14.3,15.3,10.2,7.5,7.7,18.1,16.2,16.5,93.0,96.3,96.4,66.9,65.6,66.4,0.11,0.0,0.0,999.9,999.9,999.9,18,8.1,6.7
16585596,0723,79.9,81.1,81.4,54.5,47.6,48.5,873.0,899.9,897.1,14.9,14.3,15.3,9.9,7.6,7.8,10.1,16.2,15.9,95.0,96.3,96.6,66.2,65.7,66.6,0.0,0.0,0.0,999.9,999.9,999.9,18,8.2,7.3
16585596,0723,86.6,81.2,81.3,39.9,47.5,48.4,999.9,899.2,897.2,9.9,14.3,15.1,9.3,7.6,8.0,19.0,16.2,15.1,89.1,96.3,96.6,73.0,65.7,66.6,0.0,0.0,0.0,999.9,999.9,999.9,48,8.0,7.9
16585596,0723,74.2,81.2,82.1,52.0,47.5,48.2,873.6,900.0,901.4,13.5,14.3,15.1,5.3,7.6,8.1,14.0,16.2,15.4,95.0,96.3,96.3,73.9,65.7,66.5,0.0,0.0,0.0,999.9,999.9,999.9,0,8.2,9.5
16585596,0723,80.7,81.2,81.9,57.5,47.6,48.0,999.9,899.3,901.4,10.0,14.2,14.8,6.2,7.6,7.9,19.0,16.1,15.1,93.9,96.3,96.5,71.1,65.8,66.9,0.0,0.0,0.0,999.9,999.9,999.9,0,8.2,8.9
16585596,0723,79.3,81.2,81.9,54.5,47.6,48.3,873.1,900.0,905.6,22.3,14.2,14.8,10.4,7.5,7.9,17.1,16.2,15.3,90.0,96.2,96.4,73.9,65.8,67.2,0.0,0.0,0.0,999.9,999.9,999.9,48,8.1,8.9
16585596,0723,77.5,81.2,81.6,39.9,47.7,48.3,875.8,900.0,905.7,10.0,14.2,14.3,4.7,7.5,8.1,15.0,16.2,15.4,79.0,96.2,96.0,64.9,65.9,67.4,0.11,0.0,0.0,999.9,999.9,999.9,18,8.3,9.9
16585596,0723,89.2,81.1,81.4,46.5,47.7,48.2,869.5,899.3,905.9,10.0,14.2,13.2,8.1,7.5,8.1,11.1,16.2,15.3,102.9,96.1,95.6,62.2,65.9,67.4,0.33,0.0,0.0,999.9,999.9,999.9,16,8.3,10.5
16585596,0723,88.8,81.2,81.6,49.3,47.7,48.3,869.5,899.3,905.8,9.9,14.2,13.2,3.7,7.5,8.0,13.0,16.1,14.8,102.9,96.2,95.7,73.9,65.9,67.4,0.0,0.0,0.0,999.9,999.9,999.9,0,8.3,11.0
16585596,0723,78.3,81.2,81.6,58.4,47.7,48.4,873.0,899.3,905.9,10.0,14.2,13.2,7.8,7.5,7.8,15.0,16.1,14.6,93.9,96.2,95.8,75.9,65.9,67.5,0.15,0.0,0.0,999.9,999.9,999.9,18,8.2,11.0
16585596,0723,79.9,81.2,81.6,36.2,47.8,49.0,999.9,898.6,905.9,9.9,14.2,12.8,9.8,7.5,7.7,24.3,16.2,14.6,90.0,96.2,95.5,68.0,65.9,67.9,0.11,0.0,0.0,999.9,999.9,999.9,18,8.3,11.6
16585596,0723,76.7,81.2,81.3,44.1,47.7,48.7,873.0,899.3,905.9,10.0,14.2,12.8,6.9,7.5,7.8,14.0,16.2,15.1,93.0,96.2,95.5,62.1,65.9,67.7,0.0,0.0,0.0,999.9,999.9,999.9,48,8.4,11.6
16585596,0723,80.9,81.2,81.0,37.5,47.6,48.5,873.5,899.3,906.0,10.0,14.1,12.8,5.6,7.5,7.8,10.1,16.2,15.2,102.9,96.2,95.1,59.0,65.8,67.6,0.03,0.0,0.0,999.9,999.9,999.9,18,8.7,13.2
16585596,0723,78.4,81.1,81.0,48.9,47.6,47.9,873.0,899.3,906.2,9.9,14.1,12.8,8.2,7.5,7.8,18.1,16.1,15.2,99.0,96.2,95.3,71.1,65.8,67.3,0.15,0.0,0.0,999.9,999.9,999.9,0,8.8,13.2
16585596,0723,79.3,81.1,80.9,45.0,47.6,48.1,999.9,898.6,901.9,41.0,13.9,12.8,5.1,7.5,7.9,14.0,16.2,15.5,93.0,96.3,95.1,63.0,65.8,67.3,0.0,0.0,0.0,999.9,999.9,999.9,18,8.5,13.2
16585596,0723,74.2,81.1,81.0,33.1,47.6,48.0,873.1,899.3,906.4,20.3,14.1,13.9,6.3,7.5,7.8,26.0,16.1,15.4,79.0,96.3,94.8,70.0,65.8,67.2,0.0,0.0,0.0,999.9,999.9,999.9,0,8.5,13.2
16585596,0723,86.6,81.0,80.5,58.4,47.5,47.5,872.7,899.3,906.4,9.7,14.1,14.2,6.4,7.5,7.7,10.1,16.2,15.8,93.0,96.2,94.0,72.0,65.9,67.7,0.0,0.0,0.0,999.9,999.9,999.9,18,8.4,13.2
16585596,0723,79.9,81.1,80.8,47.2,47.5,47.8,870.5,899.4,906.3,9.9,14.1,14.0,7.8,7.5,7.5,14.0,16.2,15.7,95.0,96.3,93.7,73.0,65.9,67.7,0.0,0.0,0.0,999.9,999.9,999.9,0,8.4,13.8
16585596,0723,89.2,81.1,81.2,44.1,47.6,47.8,873.0,898.6,906.3,9.7,14.1,14.0,4.9,7.5,7.5,34.0,16.2,15.8,89.1,96.3,93.8,70.0,65.9,67.7,0.15,0.0,0.0,999.9,999.9,999.9,18,8.4,13.8
16585596,0723,82.8,81.2,81.4,54.1,47.6,47.8,999.9,898.7,906.3,9.9,14.1,14.0,5.1,7.5,7.5,10.1,16.3,16.3,95.0,96.3,93.5,72.0,65.9,68.0,0.0,0.0,0.0,999.9,999.9,999.9,0,8.5,13.8
16585596,0723,88.1,81.1,81.2,48.9,47.6,47.9,869.5,899.4,910.5,9.8,14.1,13.0,8.2,7.5,7.4,12.0,16.3,16.3,98.1,96.3,94.0,64.9,66.0,68.0,0.11,0.0,0.0,999.9,999.9,999.9,18,8.5,13.2
16585596,0723,86.8,81.2,81.6,33.1,47.6,48.3,872.4,898.6,906.2,10.0,14.1,13.0,6.6,7.5,7.3,13.0,16.3,16.3,93.9,96.3,94.1,68.0,66.0,67.6,0.0,0.0,0.0,999.9,999.9,999.9,0,8.4,13.2
16585596,0723,82.8,81.2,81.8,54.1,47.6,47.9,999.9,898.6,906.2,22.3,14.1,12.6,5.1,7.5,7.2,8.9,16.3,16.1,99.0,96.3,93.9,73.9,66.0,67.7,0.0,0.0,0.0,999.9,999.9,999.9,0,8.4,13.2
16585596,0723,76.7,81.2,81.8,47.2,47.7,48.1,999.9,899.4,910.5,10.0,14.0,13.0,8.1,7.5,7.2,15.9,16.3,15.6,99.0,96.3,94.1,62.1,66.0,68.1,0.33,0.0,0.0,999.9,999.9,999.9,0,8.3,12.6
16585596,0723,81.1,81.2,81.8,49.3,47.7,47.8,873.0,900.1,910.5,10.0,14.0,13.0,6.4,7.5,7.3,14.0,16.2,15.8,95.0,96.4,94.3,66.9,66.0,67.9,0.0,0.0,0.1,999.9,999.9,999.9,0,8.3,12.6
16585596,0723,77.1,81.1,81.6,48.9,47.7,47.9,999.9,899.4,910.5,10.0,13.9,13.0,10.6,7.5,7.2,15.9,16.1,15.8,79.0,96.4,94.0,68.0,66.0,68.1,0.02,0.0,0.1,999.9,999.9,999.9,0,8.2,12.0
16585596,0723,89.6,81.1,81.3,57.2,47.7,47.8,873.5,900.1,910.5,10.0,13.8,13.0,6.2,7.5,7.3,12.0,16.2,15.7,102.0,96.3,93.2,66.0,65.9,68.0,0.0,0.0,0.1,999.9,999.9,999.9,18,8.1,12.0
16585596,0723,62.0,81.1,81.7,47.2,47.8,47.8,871.4,900.1,910.6,10.0,13.8,13.0,5.1,7.5,7.3,26.0,16.1,15.6,91.9,96.3,93.5,66.9,65.9,68.1,0.01,0.0,0.1,999.9,999.9,999.9,0,8.1,12.6
16585596,0723,83.0,81.0,81.2,39.9,47.8,47.7,999.9,900.1,910.6,9.9,13.8,12.6,6.5,7.5,7.2,10.1,16.1,16.0,87.1,96.3,93.5,57.9,66.0,68.0,0.02,0.0,0.1,999.9,999.9,999.9,18,8.1,12.0
16585596,0723,82.3,81.0,81.1,45.2,47.7,47.5,869.5,900.8,914.8,9.7,13.8,12.6,8.1,7.4,7.1,13.0,16.1,15.6,102.9,96.2,93.5,71.1,65.9,68.1,0.0,0.0,0.1,999.9,999.9,999.9,0,8.2,12.6
16585596,0723,78.4,81.0,81.1,54.1,47.7,47.4,873.0,900.1,914.8,10.0,13.8,12.4,8.8,7.4,7.1,10.1,16.1,15.6,95.0,96.3,93.7,72.0,65.9,68.3,0.0,0.0,0.1,999.9,999.9,999.9,0,8.1,12.5
16585596,0723,81.1,81.0,81.0,57.6,47.7,47.5,872.4,900.1,910.6,22.3,13.8,12.4,4.9,7.4,7.0,17.1,15.9,15.3,100.0,96.3,93.8,71.1,65.9,68.4,0.0,0.0,0.1,999.9,999.9,999.9,0,8.0,11.9
16585596,0723,87.8,81.0,81.0,50.9,47.8,47.6,873.1,900.1,910.6,14.9,13.8,12.7,6.6,7.4,6.9,19.0,15.9,15.5,102.9,96.3,94.0,66.9,65.9,68.6,0.0,0.0,0.1,999.9,999.9,999.9,18,8.0,11.3
16585596,0723,80.3,81.0,81.1,33.1,47.8,48.0,871.5,900.1,906.3,10.0,13.9,12.8,10.4,7.4,6.8,15.0,15.9,15.5,93.0,96.3,94.4,64.9,66.0,68.4,0.0,0.0,0.1,999.9,999.9,999.9,18,8.1,10.3
16585596,0723,77.5,81.1,81.3,45.0,47.7,47.4,873.0,900.1,906.3,9.9,13.9,12.7,5.6,7.5,7.0,18.1,15.9,15.6,99.0,96.3,94.3,72.0,65.9,68.1,0.0,0.0,0.1,999.9,999.9,999.9,0,8.1,10.9
16585596,0723,82.7,81.1,81.2,46.5,47.7,47.0,871.5,900.1,902.0,10.0,13.9,12.7,6.9,7.5,6.9,31.1,15.9,15.5,88.7,96.4,94.5,71.1,66.0,68.1,0.0,0.0,0.1,999.9,999.9,999.9,18,8.1,10.9
16585596,0723,89.2,81.2,81.3,55.6,47.7,46.7,999.9,899.4,902.0,10.0,13.8,12.3,5.1,7.4,6.8,18.1,16.0,16.0,93.9,96.3,94.5,66.0,66.1,68.0,0.01,0.0,0.1,999.9,999.9,999.9,18,8.1,9.9
16585596,0723,78.3,81.2,81.7,45.2,47.7,47.2,872.9,900.1,906.1,10.0,13.8,12.3,9.9,7.4,6.8,18.1,16.0,16.1,95.0,96.3,95.0,64.9,66.1,68.1,0.0,0.0,0.0,999.9,999.9,999.9,0,8.2,9.9
16585596,0723,81.1,81.2,81.3,45.2,47.6,47.2,873.1,899.4,906.2,39.8,13.8,12.3,9.8,7.5,6.9,22.0,16.0,16.3,102.9,96.3,94.7,66.9,66.1,68.2,0.02,0.0,0.0,999.9,999.9,999.9,0,8.2,9.4
16585596,0723,82.8,81.2,81.1,37.5,47.6,47.0,871.4,899.4,906.4,10.0,14.0,13.3,7.8,7.5,7.1,24.1,16.1,16.6,89.1,96.3,94.7,66.0,66.1,67.9,0.0,0.0,0.0,999.9,999.9,999.9,0,8.2,9.4
16585596,0723,77.1,81.2,81.2,41.4,47.5,46.3,870.4,899.4,906.3,9.8,14.0,13.3,6.3,7.5,7.1,31.1,16.1,16.9,99.0,96.3,94.5,63.0,66.1,67.6,0.15,0.0,0.0,999.9,999.9,999.9,0,8.1,8.8
16585596,0723,76.7,81.2,81.1,49.2,47.5,46.5,869.7,898.7,902.0,9.9,13.9,13.3,9.5,7.5,7.0,19.0,16.2,17.2,98.1,96.3,94.8,59.0,66.1,67.4,0.01,0.0,0.0,999.9,999.9,999.9,18,8.1,8.2
16585596,0723,87.8,81.1,81.1,44.1,47.5,46.7,873.0,898.6,901.9,10.0,13.9,13.3,5.1,7.4,7.1,13.0,16.3,17.3,102.0,96.3,95.0,57.0,66.1,67.3,0.11,0.0,0.0,999.9,999.9,999.9,18,8.2,7.2
16585596,0723,82.7,81.2,81.4,54.5,47.5,46.9,868.1,898.7,901.9,22.2,13.8,13.3,5.3,7.4,7.0,19.0,16.2,17.4,93.9,96.4,95.0,59.0,66.1,67.3,0.01,0.0,0.0,999.9,999.9,999.9,18,8.3,7.2
16585596,0723,82.3,81.2,81.5,57.6,47.6,47.1,873.5,898.6,901.7,9.9,13.7,13.7,6.9,7.4,7.0,13.0,16.3,17.5,93.0,96.4,94.8,62.2,66.1,66.8,0.0,0.0,0.0,999.9,999.9,999.9,18,8.3,7.8
16585596,0723,83.0,81.2,81.6,49.2,47.7,47.5,873.6,898.7,897.5,10.0,13.6,12.7,6.6,7.4,7.0,34.0,16.3,17.4,102.9,96.4,94.8,63.0,66.1,66.8,0.0,0.0,0.0,999.9,999.9,999.9,18,8.3,7.8
16585596,0723,81.8,81.2,81.9,55.9,47.7,48.1,873.1,898.7,897.5,10.0,13.6,12.3,9.9,7.4,7.0,15.0,16.4,17.7,93.9,96.5,95.6,66.0,66.1,66.6,0.02,0.0,0.0,999.9,999.9,999.9,0,8.4,8.4
16585596,0723,78.3,81.2,81.7,41.6,47.8,48.0,999.9,898.7,897.5,9.9,13.6,12.3,9.8,7.4,7.1,24.1,16.3,17.9,102.0,96.5,95.6,66.2,66.1,66.4,0.0,0.0,0.0,999.9,999.9,999.9,18,8.1,7.8
16585596,0723,74.2,81.2,81.7,54.5,47.8,47.8,999.9,898.7,901.8,10.0,13.6,12.3,3.7,7.5,7.2,18.1,16.4,18.2,99.0,96.5,95.9,57.9,66.1,66.2,0.0,0.0,0.0,999.9,999.9,999.9,18,8.2,8.4
16585596,0723,69.7,81.2,81.2,41.4,47.8,48.1,999.9,898.7,906.1,20.3,13.4,12.3,10.2,7.4,7.2,15.0,16.3,17.7,102.0,96.5,96.2,54.0,66.1,65.8,0.02,0.0,0.0,999.9,999.9,999.9,0,8.2,8.4
16585596,0723,80.3,81.2,80.7,41.4,47.9,47.7,870.4,899.4,906.1,20.3,13.5,12.7,5.6,7.5,7.3,15.0,16.3,17.8,98.1,96.5,96.4,66.2,66.0,65.2,0.11,0.0,0.0,999.9,999.9,999.9,16,8.2,8.4
16585596,0723,74.2,81.2,80.5,48.9,47.8,47.5,872.9,898.7,906.1,10.0,13.5,13.0,6.2,7.5,7.2,31.1,16.3,17.9,104.0,96.5,96.4,71.1,66.0,65.2,0.0,0.0,0.0,999.9,999.9,999.9,18,8.3,8.3
16585596,0723,85.2,81.2,80.1,36.2,47.8,48.0,999.9,898.7,906.1,10.0,13.5,13.0,10.1,7.5,7.2,24.1,16.4,18.5,95.0,96.5,96.8,62.2,66.1,65.3,0.0,0.0,0.0,999.9,999.9,999.9,18,8.4,8.9
16585596,0723,82.7,81.1,80.1,45.0,47.7,47.4,872.9,899.4,906.1,22.2,13.4,12.6,5.3,7.5,7.4,11.1,16.5,19.0,90.0,96.5,96.6,62.2,66.0,64.9,0.0,0.0,0.0,999.9,999.9,999.9,18,8.5,9.5
16585596,0723,89.2,81.2,80.3,49.3,47.7,47.3,869.6,899.4,901.9,9.9,13.4,13.0,6.4,7.5,7.3,11.1,16.3,18.9,95.0,96.5,96.3,72.0,66.0,64.9,0.0,0.0,0.0,999.9,999.9,999.9,0,8.5,10.1
16585596,0723,81.8,81.2,80.6,34.9,47.7,47.3,869.6,898.7,901.8,10.0,13.4,13.0,8.7,7.4,7.3,12.0,16.3,18.8,102.9,96.4,96.3,71.1,66.0,65.1,0.0,0.0,0.0,999.9,999.9,999.9,2,8.5,10.1
16585596,0723,83.0,81.2,80.8,37.5,47.7,46.8,872.4,898.7,897.4,22.3,13.4,13.0,9.5,7.4,7.2,15.0,16.3,18.7,104.0,96.5,97.1,62.2,66.1,65.2,0.0,0.0,0.0,999.9,999.9,999.9,0,8.5,10.2
16585596,0723,79.9,81.2,80.5,57.5,47.6,46.2,873.0,898.7,897.4,9.7,13.4,13.4,6.9,7.5,7.4,15.0,16.3,18.8,95.0,96.5,97.2,73.0,66.1,65.1,0.0,0.0,0.0,999.9,999.9,999.9,18,8.5,9.6
16585596,0723,77.5,81.2,81.1,55.6,47.7,46.5,869.5,898.7,897.4,10.0,13.4,13.4,9.8,7.4,7.4,11.1,16.3,18.4,93.9,96.5,97.3,66.2,66.1,65.3,0.0,0.0,0.0,999.9,999.9,999.9,18,8.6,10.2
16585596,0723,83.0,81.2,81.0,40.5,47.7,47.1,873.6,898.7,893.1,9.7,13.4,13.4,9.6,7.4,7.5,19.0,16.3,18.4,98.1,96.5,97.5,73.9,66.1,65.5,0.0,0.0,0.0,999.9,999.9,999.9,0,8.7,10.2
16585596,0723,80.7,81.1,81.0,54.6,47.6,46.9,872.9,898.7,893.2,30.7,13.4,13.4,6.3,7.5,7.6,14.0,16.3,18.6,93.9,96.4,97.4,71.1,66.1,65.6,0.01,0.0,0.0,999.9,999.9,999.9,0,8.6,10.2
16585596,0723,78.4,81.1,81.1,54.1,47.7,46.9,868.1,898.0,893.2,10.0,13.4,14.1,9.9,7.4,7.5,12.0,16.3,18.7,95.0,96.4,97.3,71.1,66.2,65.6,0.02,0.0,0.0,999.9,999.9,999.9,18,8.6,10.2
16585596,0723,89.2,81.1,81.0,54.5,47.7,46.8,999.9,898.0,893.1,39.8,13.4,13.7,6.2,7.5,7.7,24.1,16.3,18.6,91.9,96.4,97.2,70.0,66.2,65.6,0.14,0.0,0.0,999.9,999.9,999.9,18,8.7,10.8
16585596,0723,88.1,81.1,81.0,41.4,47.8,46.9,869.7,898.0,897.3,22.2,13.6,14.5,6.9,7.4,7.6,19.0,16.3,18.7,102.0,96.4,96.8,72.0,66.2,65.7,0.0,0.0,0.0,999.9,999.9,999.9,0,8.7,10.8
16585596,0723,74.2,81.1,81.3,40.5,47.7,47.2,868.1,897.3,897.2,9.9,13.5,14.9,5.6,7.4,7.5,10.1,16.4,18.9,95.0,96.5,97.1,59.0,66.3,66.0,0.11,0.0,0.0,999.9,999.9,999.9,2,8.7,10.2
16585596,0723,76.8,81.1,81.2,47.2,47.6,47.0,871.5,897.3,897.1,9.9,13.5,14.9,6.4,7.4,7.5,15.9,16.3,18.6,95.0,96.5,97.0,61.0,66.3,65.5,0.0,0.0,0.0,999.9,999.9,999.9,0,8.6,10.3
16585596,0723,82.8,81.1,81.0,41.6,47.7,47.1,875.8,897.3,897.1,9.7,13.3,14.9,6.2,7.4,7.5,19.0,16.3,18.1,90.0,96.5,97.2,68.0,66.3,65.2,0.02,0.0,0.0,999.9,999.9,999.9,0,8.5,9.7
16585596,0723,74.2,81.1,80.8,49.2,47.6,46.6,875.8,897.3,892.9,9.9,13.3,14.9,6.9,7.4,7.5,13.0,16.3,18.1,93.9,96.4,97.1,63.0,66.3,65.2,0.11,0.0,0.0,999.9,999.9,999.9,18,8.4,9.1
16585596,0723,78.4,81.1,80.6,45.2,47.7,46.7,872.4,897.3,893.0,13.5,13.3,14.9,9.6,7.4,7.4,15.9,16.3,18.0,102.0,96.4,97.0,68.0,66.3,65.2,0.0,0.0,0.0,999.9,999.9,999.9,0,8.5,9.7
16585596,0723,76.7,81.0,80.5,45.2,47.7,46.7,873.0,897.3,893.0,10.0,13.3,14.1,9.9,7.4,7.4,19.0,16.3,17.8,90.0,96.4,97.0,62.1,66.3,65.2,0.0,0.0,0.0,999.9,999.9,999.9,48,8.4,9.7
16585596,0723,79.3,81.0,80.3,41.2,47.6,47.0,871.4,897.3,893.1,9.9,13.3,14.1,6.3,7.5,7.5,15.9,16.3,17.6,99.0,96.4,97.0,66.9,66.2,65.1,0.0,0.0,0.0,999.9,999.9,999.9,0,8.7,11.3
16585596,0723,85.4,81.0,80.4,37.5,47.6,47.0,872.9,897.3,893.1,10.0,13.3,14.1,4.7,7.5,7.5,18.1,16.3,17.1,90.0,96.4,97.0,73.0,66.3,65.2,0.0,0.0,0.0,999.9,999.9,999.9,0,8.7,11.3
16585596,0723,85.4,81.0,80.7,45.2,47.6,46.6,873.1,897.3,893.2,39.8,13.3,14.1,6.2,7.4,7.3,15.0,16.4,17.1,93.9,96.3,96.7,62.2,66.3,65.7,0.0,0.0,0.0,999.9,999.9,999.9,0,8.7,10.7
16585596,0723,76.4,81.0,80.6,40.5,47.6,46.6,872.4,897.4,893.2,20.3,13.4,15.1,5.1,7.4,7.4,24.3,16.4,17.1,100.0,96.3,96.5,66.0,66.3,65.9,0.14,0.0,0.0,999.9,999.9,999.9,0,8.6,10.1
16585596,0723,77.1,81.0,80.4,40.5,47.5,46.2,999.9,897.4,893.4,9.9,13.5,15.0,7.8,7.4,7.4,31.1,16.5,17.3,79.0,96.3,96.7,62.1,66.3,66.1,0.01,0.0,0.0,999.9,999.9,999.9,0,8.5,9.5
16585596,0723,79.9,81.0,80.2,40.5,47.4,45.6,870.0,898.1,897.6,22.3,13.5,15.0,4.9,7.4,7.4,19.0,16.5,17.9,89.1,96.2,96.2,66.9,66.3,66.1,0.0,0.0,0.0,999.9,999.9,999.9,0,8.4,8.9
16585596,0723,76.4,81.1,80.1,41.6,47.4,45.3,869.6,898.0,897.5,10.0,13.6,15.4,10.4,7.4,7.4,20.0,16.5,17.4,104.0,96.2,95.8,75.0,66.2,66.2,0.0,0.0,0.0,999.9,999.9,999.9,18,8.3,8.3
16585596,0723,89.2,81.0,79.9,52.0,47.3,44.8,999.9,897.3,897.3,39.8,13.6,15.4,4.7,7.5,7.4,13.0,16.6,17.6,93.9,96.2,96.1,62.1,66.3,66.5,0.0,0.0,0.0,999.9,999.9,999.9,18,8.4,8.9
16585596,0723,79.3,81.0,80.3,46.5,47.3,45.2,873.0,898.0,897.3,10.0,13.7,16.4,9.3,7.5,7.2,12.0,16.5,17.2,95.0,96.1,95.8,73.0,66.2,66.4,0.0,0.0,0.0,999.9,999.9,999.9,0,8.5,8.9
16585596,0723,87.8,81.0,80.5,40.5,47.3,44.9,869.0,898.0,893.1,10.0,13.7,16.4,6.2,7.5,7.4,19.0,16.5,17.0,98.1,96.1,95.7,59.0,66.3,66.9,0.15,0.0,0.0,999.9,999.9,999.9,18,8.5,8.3
16585596,0723,82.8,81.0,81.1,48.9,47.3,44.9,870.4,898.0,888.7,13.5,13.7,16.1,4.9,7.5,7.3,19.0,16.5,17.1,98.1,96.2,95.6,57.9,66.3,67.1,0.11,0.0,0.0,999.9,999.9,999.9,0,8.5,8.9
16585596,0723,79.3,81.1,81.2,50.9,47.3,45.1,873.0,897.3,888.7,30.7,13.7,15.8,10.2,7.5,7.2,18.1,16.5,17.3,90.0,96.2,95.6,61.0,66.2,66.8,0.0,0.0,0.0,999.9,999.9,999.9,18,8.4,8.3
16585596,0723,69.7,81.1,81.3,34.9,47.3,45.2,999.9,897.3,888.7,10.0,13.8,16.5,6.4,7.5,7.4,8.9,16.5,16.8,102.9,96.1,95.1,71.1,66.2,66.4,0.02,0.0,0.0,999.9,999.9,999.9,18,8.5,8.3
16585596,0723,88.1,81.0,80.8,55.6,47.3,45.2,869.7,898.0,888.7,9.9,13.8,16.5,6.4,7.5,7.2,18.1,16.5,16.3,98.1,96.1,95.4,59.0,66.2,66.7,0.0,0.0,0.0,999.9,999.9,999.9,0,8.5,8.3
16585596,0723,88.1,81.0,81.0,39.9,47.4,45.5,870.5,898.0,888.6,9.8,13.8,16.1,10.1,7.5,7.3,11.1,16.4,16.6,95.0,96.1,95.6,66.2,66.1,66.6,0.0,0.0,0.0,999.9,999.9,999.9,0,8.5,7.7
16585596,0723,80.3,81.0,81.0,39.9,47.4,45.2,868.1,898.0,888.7,20.3,13.8,16.1,10.2,7.5,7.4,15.0,16.4,16.6,79.0,96.1,95.6,73.9,66.2,66.4,0.11,0.0,0.0,999.9,999.9,999.9,18,8.5,7.7
16585596,0723,88.1,81.0,80.9,44.1,47.3,45.4,873.5,898.0,888.6,30.7,13.9,16.4,9.6,7.5,7.5,13.0,16.4,16.7,102.9,95.9,94.8,57.9,66.3,66.5,0.33,0.0,0.0,999.9,999.9,999.9,48,8.6,8.3
16585596,0723,76.7,81.1,81.1,47.2,47.3,45.6,872.4,897.3,888.7,22.3,14.0,16.7,5.6,7.5,7.5,11.1,16.4,16.6,100.0,95.9,94.8,64.9,66.2,66.4,0.0,0.0,0.0,999.9,999.9,999.9,18,8.8,9.9
16585596,0723,78.3,81.1,81.0,48.9,47.3,45.2,873.0,897.3,888.6,10.0,14.1,17.1,11.6,7.5,7.4,17.1,16.4,16.5,98.1,95.9,95.0,71.1,66.2,66.1,0.0,0.0,0.0,999.9,999.9,999.9,0,8.9,9.9
16585596,0723,81.1,81.0,81.0,48.9,47.2,45.0,873.6,897.3,888.8,14.9,14.1,17.1,8.1,7.5,7.5,24.1,16.4,16.7,91.9,95.9,95.1,71.1,66.3,66.3,0.0,0.0,0.0,999.9,999.9,999.9,0,8.9,9.3
16585596,0723,69.7,81.0,80.9,45.0,47.2,45.3,872.4,897.3,888.8,41.0,14.0,17.3,10.1,7.5,7.4,10.1,16.5,16.8,102.0,95.9,94.9,73.9,66.3,66.2,0.0,0.0,0.0,999.9,999.9,999.9,0,8.8,9.3
16585596,0723,88.8,81.0,80.6,50.9,47.2,45.0,873.1,897.3,888.7,10.0,14.2,17.7,5.6,7.5,7.5,34.0,16.5,16.7,99.0,96.0,95.2,71.1,66.3,66.3,0.0,0.0,0.0,999.9,999.9,999.9,16,8.8,9.3
16585596,0723,62.0,81.0,80.9,37.5,47.3,44.9,873.0,896.6,888.9,10.0,14.2,17.7,6.5,7.5,7.4,8.9,16.6,17.4,87.1,96.0,95.3,71.1,66.3,66.3,0.0,0.0,0.0,999.9,999.9,999.9,0,8.9,9.2
16585596,0723,79.3,80.9,80.0,37.5,47.2,44.3,871.0,896.6,884.7,9.8,14.2,16.7,5.1,7.5,7.4,10.1,16.6,16.9,95.0,96.0,95.1,66.0,66.4,66.3,0.33,0.0,0.0,999.9,999.9,999.9,0,8.9,8.6
16585596,0723,88.1,80.9,79.7,54.1,47.1,44.2,869.5,895.9,884.7,22.2,14.2,16.3,5.3,7.5,7.4,24.3,16.5,16.6,100.0,96.0,94.9,68.0,66.4,66.1,0.0,0.0,0.0,999.9,999.9,999.9,18,8.8,8.6
16585596,0723,76.4,80.9,80.2,47.2,47.2,44.6,873.6,895.9,884.8,10.0,14.3,16.7,5.6,7.5,7.3,10.1,16.6,17.1,88.7,96.0,95.1,61.0,66.4,66.4,0.0,0.0,0.0,999.9,999.9,999.9,0,8.9,9.1
16585596,0723,78.4,80.9,80.2,54.1,47.1,44.6,999.9,895.9,884.8,9.8,14.3,16.7,6.5,7.5,7.3,24.1,16.6,16.9,93.9,95.9,94.9,66.2,66.4,66.4,0.0,0.0,0.0,999.9,999.9,999.9,0,8.9,9.1
16585596,0723,81.1,80.9,80.0,57.2,47.2,45.0,871.5,896.6,889.0,22.2,14.3,16.7,8.2,7.5,7.3,18.1,16.6,17.1,100.0,95.9,95.0,75.9,66.3,66.4,0.0,0.0,0.0,999.9,999.9,999.9,0,8.8,9.1
16585596,0723,88.8,80.9,80.3,41.6,47.3,45.3,873.6,896.6,888.8,10.0,14.3,17.1,5.6,7.5,7.4,26.0,16.6,17.3,90.0,96.0,95.2,62.1,66.4,66.8,0.0,0.0,0.0,999.9,999.9,999.9,0,8.8,8.5
16585596,0723,80.3,81.0,80.6,34.9,47.4,45.2,870.5,896.7,888.9,9.7,14.3,17.0,5.6,7.5,7.2,11.1,16.7,17.6,100.0,95.9,94.8,66.0,66.3,66.6,0.17,0.0,0.0,999.9,999.9,999.9,0,8.7,8.5
16585596,0723,81.1,81.0,80.7,45.2,47.4,44.8,872.4,896.7,888.8,10.0,14.3,17.0,9.6,7.5,7.1,26.0,16.6,17.3,93.0,95.9,95.1,66.2,66.4,66.7,0.0,0.0,0.0,999.9,999.9,999.9,18,8.7,6.9
16585596,0723,62.0,81.0,80.8,54.5,47.3,45.0,871.0,896.7,888.8,10.0,14.3,17.0,8.1,7.5,7.2,26.0,16.7,17.7,90.0,95.9,94.9,71.1,66.3,66.7,0.0,0.0,0.0,999.9,999.9,999.9,18,8.8,7.5
16585596,0723,89.6,80.9,80.0,57.5,47.3,45.5,869.0,896.7,888.8,20.3,14.1,17.0,6.9,7.5,7.3,20.0,16.7,17.9,102.9,95.8,94.9,64.9,66.4,66.6,0.0,0.0,0.0,999.9,999.9,999.9,18,8.8,8.1
16585596,0723,85.4,80.9,80.1,58.4,47.4,46.0,999.9,896.7,888.6,30.7,14.2,16.3,10.4,7.5,7.3,15.9,16.6,18.1,90.0,95.8,95.2,66.9,66.4,66.7,0.0,0.0,0.0,999.9,999.9,999.9,0,8.8,8.7
16585596,0723,85.2,80.9,80.4,48.9,47.4,46.5,870.0,896.7,892.9,9.9,14.3,16.7,8.1,7.6,7.5,10.1,16.6,17.8,102.9,95.8,94.9,64.9,66.4,66.8,0.0,0.0,0.0,999.9,999.9,999.9,0,8.8,8.7
16585596,0723,86.8,80.9,80.7,57.2,47.4,46.8,869.5,896.7,888.5,10.0,14.3,16.7,3.7,7.5,7.5,15.9,16.6,17.1,93.0,95.8,95.7,64.9,66.4,66.8,0.0,0.0,0.0,999.9,999.9,999.9,0,8.8,8.7
16585596,0723,76.8,81.1,80.9,40.5,47.5,47.4,873.1,896.6,888.5,9.9,14.3,16.2,6.9,7.5,7.5,14.0,16.7,17.0,93.0,95.8,95.8,62.1,66.4,66.8,0.0,0.0,0.0,999.9,999.9,999.9,0,8.8,8.7
16585596,0723,74.2,81.0,81.0,49.2,47.4,47.3,873.6,896.6,888.6,9.9,14.3,16.2,5.3,7.5,7.4,10.1,16.6,16.8,99.0,95.8,95.5,62.2,66.4,66.4,0.17,0.0,0.0,999.9,999.9,999.9,16,8.7,8.1
16585596,0723,79.9,81.0,80.5,41.4,47.4,47.3,870.5,896.6,884.4,10.0,14.3,15.2,5.3,7.5,7.4,19.0,16.6,16.7,99.0,95.8,95.6,66.0,66.3,66.4,0.0,0.0,0.0,999.9,999.9,999.9,0,8.8,8.1
16585596,0723,81.8,80.9,80.5,54.1,47.4,47.1,999.9,896.7,884.3,39.8,14.3,15.2,9.6,7.5,7.3,13.0,16.7,16.9,93.0,95.7,95.8,73.0,66.3,66.1,0.0,0.0,0.0,999.9,999.9,999.9,18,8.8,8.1
16585596,0723,83.0,81.0,80.3,41.6,47.5,47.5,869.5,897.4,888.7,10.0,14.4,16.2,6.9,7.5,7.4,24.1,16.6,16.7,88.7,95.7,95.6,62.1,66.3,66.6,0.02,0.0,0.0,999.9,999.9,999.9,0,8.9,8.1
16585596,0723,78.3,81.0,80.3,37.5,47.5,47.3,999.9,897.4,888.7,9.9,14.2,16.1,5.3,7.5,7.4,24.1,16.7,16.9,87.1,95.7,95.3,68.0,66.3,66.7,0.15,0.0,0.0,999.9,999.9,999.9,0,8.8,8.1
16585596,0723,82.8,81.0,80.2,45.2,47.4,46.8,866.4,898.1,892.9,10.0,14.2,15.4,4.9,7.5,7.3,8.9,16.7,17.1,102.0,95.6,95.2,66.9,66.3,67.0,0.03,0.0,0.0,999.9,999.9,999.9,0,8.5,7.5
16585596,0723,81.1,80.9,80.7,46.5,47.4,47.2,871.5,898.0,888.5,9.9,14.3,15.4,6.3,7.5,7.2,19.0,16.7,17.1,95.0,95.6,95.1,70.0,66.3,66.8,0.0,0.0,0.0,999.9,999.9,999.9,18,8.4,6.9
16585596,0723,82.8,80.9,80.5,46.5,47.3,46.9,870.4,898.0,888.5,13.5,14.2,15.4,6.2,7.5,7.2,18.1,16.7,17.1,93.0,95.6,95.0,66.0,66.3,67.2,0.0,0.0,0.0,999.9,999.9,999.9,0,8.4,7.5
16585596,0723,86.6,80.9,80.3,57.5,47.4,47.1,871.5,897.3,888.5,9.9,14.2,15.6,6.9,7.5,7.1,12.0,16.7,17.4,95.0,95.6,95.0,71.1,66.3,67.2,0.0,0.0,0.0,999.9,999.9,999.9,18,8.4,7.5
16585596,0723,74.2,80.9,80.5,33.1,47.5,47.7,870.5,897.3,888.6,10.0,14.2,15.2,9.9,7.4,7.0,24.1,16.7,17.3,88.7,95.6,95.5,59.0,66.4,67.1,0.03,0.0,0.0,999.9,999.9,999.9,0,8.5,7.5
16585596,0723,85.2,80.8,80.0,55.6,47.3,47.3,869.7,897.3,888.5,10.0,14.2,14.5,10.2,7.4,7.0,19.0,16.8,17.6,99.0,95.6,95.0,62.1,66.4,67.1,0.02,0.0,0.0,999.9,999.9,999.9,18,8.5,5.9
16585596,0723,77.1,80.9,80.3,44.6,47.4,47.6,873.1,896.6,888.4,9.9,14.2,14.1,10.1,7.5,7.1,11.1,16.7,17.9,98.1,95.6,95.0,62.2,66.3,67.0,0.02,0.0,0.0,999.9,999.9,999.9,48,8.6,5.9
16585596,0723,87.8,80.8,80.3,45.2,47.4,47.5,872.4,896.6,888.4,10.0,14.1,14.1,10.2,7.5,7.1,14.0,16.7,17.7,102.9,95.6,95.0,70.0,66.3,66.7,0.17,0.0,0.0,999.9,999.9,999.9,0,8.8,7.5
16585596,0723,82.7,80.9,80.5,45.2,47.4,47.3,999.9,896.6,888.4,10.0,14.0,13.9,5.6,7.5,7.2,17.1,16.7,17.4,95.0,95.6,95.4,62.1,66.3,66.7,0.0,0.0,0.0,999.9,999.9,999.9,18,8.8,7.5
16585596,0723,80.3,80.9,80.9,39.9,47.3,47.3,870.0,896.6,892.6,9.9,14.0,12.9,10.6,7.5,7.0,13.0,16.8,17.6,95.0,95.6,95.1,73.9,66.3,66.3,0.0,0.0,0.0,999.9,999.9,999.9,18,8.9,8.1
16585596,0723,69.7,80.9,80.6,57.2,47.3,47.0,872.4,895.9,892.5,10.0,14.0,12.9,6.3,7.5,7.2,13.0,16.8,16.9,102.0,95.6,95.0,62.1,66.4,66.4,0.0,0.0,0.0,999.9,999.9,999.9,18,9.0,8.1
16585596,0723,80.7,80.8,80.9,58.4,47.3,47.6,871.0,895.9,892.5,9.9,14.0,12.9,6.2,7.5,7.2,11.1,16.8,17.0,104.0,95.7,95.5,63.0,66.3,66.1,0.33,0.0,0.0,999.9,999.9,999.9,18,9.1,8.7
16585596,0723,79.3,80.8,80.9,36.2,47.4,48.3,869.0,895.9,892.5,9.9,13.9,12.9,10.1,7.5,7.2,22.0,16.8,17.1,93.0,95.7,95.8,66.0,66.3,66.0,0.0,0.0,0.0,999.9,999.9,999.9,18,9.1,9.3
16585596,0723,74.2,80.8,80.6,49.3,47.4,47.7,869.5,895.9,892.5,10.0,13.9,12.5,4.7,7.5,7.4,8.9,16.8,17.0,95.0,95.7,95.6,75.9,66.3,65.9,0.0,0.0,0.0,999.9,999.9,999.9,18,9.2,9.3
16585596,0723,86.6,80.8,80.6,48.9,47.4,47.8,999.9,895.2,892.4,30.7,13.8,12.5,9.8,7.5,7.3,26.0,16.8,17.0,99.0,95.7,95.8,63.0,66.4,66.4,0.0,0.0,0.0,999.9,999.9,999.9,0,9.3,9.9
16585596,0723,86.6,80.8,80.8,58.4,47.4,47.6,868.1,895.2,892.4,9.9,13.9,13.2,4.7,7.5,7.4,18.1,16.8,17.0,93.9,95.7,95.9,68.0,66.3,66.3,0.0,0.0,0.0,999.9,999.9,999.9,48,9.2,9.9
16585596,0723,76.8,80.9,81.0,49.2,47.5,47.7,875.8,895.1,892.3,9.8,13.9,12.8,10.4,7.5,7.3,15.9,16.9,17.0,79.0,95.7,95.7,61.0,66.3,66.1,0.0,0.0,0.0,999.9,999.9,999.9,0,9.4,11.5
16585596,0723,78.4,80.8,80.6,57.5,47.5,47.9,869.7,895.2,892.3,10.0,13.9,12.8,9.6,7.5,7.5,13.0,16.8,16.7,89.1,95.6,95.4,57.9,66.3,66.0,0.0,0.0,0.0,999.9,999.9,999.9,0,9.4,11.5
16585596,0723,86.8,80.9,80.6,33.1,47.5,48.7,869.7,895.1,892.3,10.0,13.9,12.8,6.5,7.5,7.6,17.1,16.7,16.8,89.1,95.5,95.0,66.0,66.3,65.8,0.0,0.0,0.0,999.9,999.9,999.9,0,9.4,11.5
16585596,0723,80.3,80.9,80.8,44.1,47.4,48.3,873.1,895.1,892.2,10.0,13.9,12.8,6.2,7.4,7.5,12.0,16.8,16.5,102.9,95.5,94.9,70.0,66.3,65.7,0.01,0.0,0.0,999.9,999.9,999.9,18,9.4,10.9
16585596,0723,77.5,80.9,81.4,46.5,47.4,47.9,872.7,895.1,892.3,10.0,13.9,12.8,9.3,7.4,7.5,22.0,16.7,16.0,93.9,95.5,95.3,71.1,66.3,65.7,0.0,0.0,0.0,999.9,999.9,999.9,0,9.5,10.9
16585596,0723,89.2,80.9,81.0,44.6,47.4,47.6,873.0,895.1,892.4,10.0,13.9,12.4,5.1,7.5,7.5,12.0,16.8,16.1,102.0,95.5,95.0,62.1,66.4,65.9,0.02,0.0,0.0,999.9,999.9,999.9,0,9.4,10.3
16585596,0723,79.9,81.0,81.1,45.2,47.4,47.1,870.5,895.1,888.2,10.0,13.9,11.8,3.7,7.4,7.4,34.0,16.7,15.9,93.0,95.5,95.4,64.9,66.3,65.8,0.0,0.0,0.0,999.9,999.9,999.9,18,9.3,10.3
16585596,0723,87.8,81.0,80.9,41.6,47.3,47.0,873.6,895.1,888.2,10.0,13.9,11.8,8.7,7.4,7.2,13.0,16.8,16.7,87.1,95.5,95.1,62.1,66.4,65.8,0.0,0.0,0.0,999.9,999.9,999.9,18,9.4,10.9
16585596,0723,80.3,81.0,80.9,54.5,47.2,46.5,872.4,895.1,888.3,9.9,13.9,11.8,7.8,7.4,7.4,15.0,16.8,16.6,98.1,95.4,94.9,70.0,66.4,65.7,0.0,0.0,0.0,999.9,999.9,999.9,0,9.4,11.5
16585596,0723,86.8,80.9,81.1,50.2,47.2,46.9,868.1,895.1,888.3,10.0,13.9,11.8,11.6,7.4,7.4,24.3,16.8,16.7,95.0,95.5,95.1,66.9,66.4,65.9,0.0,0.0,0.0,999.9,999.9,999.9,0,9.4,11.5
16585596,0723,77.5,81.0,81.5,45.2,47.3,47.0,999.9,895.1,888.1,20.3,13.9,11.8,6.4,7.4,7.6,10.1,16.9,17.1,93.0,95.4,94.9,72.0,66.5,66.1,0.02,0.0,0.0,999.9,999.9,999.9,0,9.4,11.0
16585596,0723,81.8,81.0,81.4,57.2,47.2,47.1,869.5,895.1,892.4,10.0,14.0,12.1,9.6,7.4,7.7,19.0,16.8,16.8,104.0,95.4,94.7,62.1,66.5,66.3,0.0,0.0,0.0,999.9,999.9,999.9,18,9.3,11.0
16585596,0723,89.6,80.9,81.4,54.1,47.3,47.2,999.9,895.1,888.1,13.5,14.0,11.1,6.9,7.4,7.7,14.0,16.8,17.0,102.9,95.5,95.1,72.0,66.5,65.9,0.0,0.0,0.0,999.9,999.9,999.9,18,9.4,11.0
16585596,0723,85.2,80.9,81.6,46.5,47.3,47.6,873.1,895.8,892.4,9.9,14.0,11.2,8.2,7.4,7.7,22.0,16.8,16.7,104.0,95.5,95.6,71.1,66.5,66.2,0.15,0.0,0.0,999.9,999.9,999.9,0,9.4,11.6
16585596,0723,85.4,81.0,81.9,46.5,47.3,47.9,873.1,895.8,888.2,9.9,14.0,11.2,3.7,7.4,7.8,19.0,16.8,16.6,90.0,95.5,96.1,72.0,66.6,66.3,0.0,0.0,0.0,999.9,999.9,999.9,0,9.4,11.6
16585596,0723,89.6,81.0,81.9,41.4,47.3,48.0,872.7,895.8,888.4,9.9,14.0,11.2,8.1,7.4,7.7,19.0,16.9,17.0,95.0,95.5,95.7,71.1,66.6,66.5,0.02,0.0,0.0,999.9,999.9,999.9,18,9.4,11.6
16585596,0723,69.7,81.0,82.2,45.0,47.2,47.8,869.5,895.1,888.5,10.0,14.0,11.2,6.3,7.4,7.8,18.1,16.9,17.0,89.1,95.5,95.7,61.0,66.7,66.6,0.01,0.0,0.0,999.9,999.9,999.9,18,9.5,11.6
16585596,0723,79.9,81.0,81.8,57.6,47.2,47.7,999.9,894.4,888.4,10.0,13.9,11.1,3.7,7.4,7.8,19.0,16.9,17.0,95.0,95.5,95.6,59.0,66.6,66.4,0.0,0.0,0.0,999.9,999.9,999.9,18,9.5,12.2
16585596,0723,89.6,81.1,81.6,33.1,47.3,47.7,872.9,895.1,892.7,10.0,13.9,11.1,7.8,7.4,7.7,11.1,16.9,17.2,93.9,95.6,95.6,73.9,66.6,66.0,0.0,0.0,0.0,999.9,999.9,999.9,0,9.5,12.2
16585596,0723,81.1,81.1,82.1,39.9,47.3,47.7,869.6,895.1,892.8,41.0,13.9,11.1,10.4,7.4,7.6,15.9,16.9,16.8,102.9,95.6,95.8,64.9,66.6,66.5,0.0,0.0,0.0,999.9,999.9,999.9,2,9.4,12.2
16585596,0723,62.0,81.1,81.9,47.2,47.2,47.2,870.0,895.1,892.8,14.9,14.1,12.1,6.9,7.4,7.6,11.1,16.9,16.7,99.0,95.6,95.9,75.0,66.6,66.6,0.0,0.0,0.0,999.9,999.9,999.9,18,9.4,11.7
16585596,0723,80.3,81.0,81.4,45.2,47.2,47.3,871.0,895.1,892.7,10.0,14.1,12.3,3.7,7.4,7.5,14.0,16.9,16.7,100.0,95.6,95.9,59.0,66.6,67.0,0.33,0.0,0.0,999.9,999.9,999.9,2,9.5,10.7
16585596,0723,81.1,81.0,81.2,45.2,47.1,47.3,873.5,895.1,892.7,9.9,14.1,12.3,4.7,7.4,7.3,11.1,16.9,16.7,93.0,95.6,95.8,70.0,66.6,66.6,0.0,0.0,0.0,999.9,999.9,999.9,0,9.5,10.7
16585596,0723,81.1,81.0,81.1,40.5,47.1,47.3,871.4,895.1,888.4,9.9,14.1,12.3,6.5,7.4,7.3,15.9,16.8,16.5,98.1,95.6,95.8,73.9,66.7,66.9,0.33,0.0,0.0,999.9,999.9,999.9,0,9.5,10.1
16585596,0723,82.8,81.0,81.2,49.3,47.0,47.3,873.6,895.1,888.5,10.0,14.1,12.3,9.3,7.4,7.1,13.0,16.7,16.6,93.0,95.7,95.9,66.9,66.7,66.9,0.0,0.0,0.0,999.9,999.9,999.9,0,9.5,9.5
16585596,0723,69.7,81.1,81.6,55.6,47.0,47.1,875.8,895.1,888.5,10.0,14.1,12.3,7.8,7.4,7.2,15.9,16.7,16.6,102.0,95.6,95.6,73.0,66.7,67.1,0.0,0.0,0.0,999.9,999.9,999.9,18,9.5,8.9
16585596,0723,80.7,81.1,81.2,52.0,47.0,47.0,871.0,895.1,888.7,10.0,14.0,12.3,11.6,7.4,7.3,19.0,16.7,16.7,79.0,95.7,95.5,75.0,66.7,67.4,0.0,0.0,0.0,999.9,999.9,999.9,18,9.5,8.9
16585596,0723,81.1,81.1,81.3,55.6,47.0,47.5,872.4,895.1,888.8,9.7,14.0,12.3,5.6,7.4,7.3,15.0,16.7,16.6,102.9,95.6,95.0,70.0,66.8,67.7,0.0,0.0,0.0,999.9,999.9,999.9,18,9.6,8.9
16585596,0723,81.8,81.0,81.5,52.0,47.0,47.7,999.9,895.1,888.8,13.5,13.8,12.3,5.6,7.4,7.4,11.1,16.7,16.8,104.0,95.6,95.3,73.9,66.8,67.5,0.0,0.0,0.0,999.9,999.9,999.9,0,9.6,8.9
16585596,0723,89.2,81.0,81.3,45.0,47.1,47.8,869.7,895.9,888.8,10.0,13.7,11.7,5.3,7.4,7.2,11.1,16.7,16.3,91.9,95.7,95.5,62.1,66.9,67.9,0.0,0.0,0.0,999.9,999.9,999.9,18,9.6,8.9
16585596,0723,76.7,81.0,81.4,57.6,47.1,47.4,872.4,895.8,888.9,9.7,13.7,11.7,5.6,7.4,7.2,15.9,16.6,16.1,99.0,95.6,95.4,59.0,66.9,67.7,0.0,0.0,0.0,999.9,999.9,999.9,0,9.7,7.9
16585596,0723,82.3,81.0,81.4,45.0,47.2,47.6,999.9,895.9,888.8,41.0,13.7,11.7,5.6,7.4,7.1,15.9,16.6,16.1,98.1,95.6,96.1,66.0,66.8,67.6,0.0,0.0,0.0,999.9,999.9,999.9,0,9.7,7.9
16585596,0723,89.6,81.0,81.6,45.2,47.2,47.2,869.5,896.6,893.1,22.3,13.8,12.8,5.6,7.3,6.9,12.0,16.6,16.2,91.9,95.6,96.4,66.0,66.8,67.9,0.0,0.0,0.0,999.9,999.9,999.9,0,9.7,7.9
16585596,0723,76.7,81.0,81.7,36.2,47.2,47.6,873.6,895.9,893.1,39.8,13.9,13.2,5.3,7.3,6.9,10.1,16.6,16.0,93.0,95.6,96.5,66.9,66.8,67.9,0.03,0.0,0.0,999.9,999.9,999.9,18,9.6,7.9
16585596,0723,86.8,81.0,81.5,58.4,47.1,47.4,872.7,895.9,893.1,10.0,14.0,14.2,9.8,7.3,6.9,19.0,16.6,16.0,95.0,95.5,96.1,71.1,66.8,67.8,0.0,0.0,0.0,999.9,999.9,999.9,0,9.7,7.9
16585596,0723,80.9,81.0,81.8,57.6,47.1,47.8,999.9,895.9,893.1,9.9,14.0,14.2,10.4,7.3,6.9,19.0,16.6,15.9,98.1,95.5,96.2,64.9,66.8,67.8,0.0,0.0,0.0,999.9,999.9,999.9,0,9.6,7.9
16585596,0723,87.8,81.0,81.6,54.5,47.2,48.2,873.0,895.9,897.4,9.9,14.0,14.2,6.2,7.4,7.1,19.0,16.7,16.1,100.0,95.5,96.0,73.9,66.8,67.9,0.0,0.0,0.0,999.9,999.9,999.9,18,9.6,7.9
16585596,0723,81.1,81.0,81.8,39.9,47.2,48.5,868.1,895.9,897.5,9.7,14.0,14.2,8.7,7.4,7.2,18.1,16.7,15.6,91.9,95.5,96.3,71.1,66.8,68.2,0.0,0.0,0.0,999.9,999.9,999.9,2,9.6,7.9
16585596,0723,80.3,81.0,81.6,54.1,47.2,48.4,999.9,895.9,897.3,14.9,14.0,14.2,5.3,7.3,7.2,19.0,16.7,15.8,99.0,95.4,96.4,64.9,66.9,68.5,0.0,0.0,0.0,999.9,999.9,999.9,18,9.6,7.4
16585596,0723,76.7,81.0,81.6,45.0,47.2,48.4,872.4,896.6,901.5,10.0,14.0,14.3,7.8,7.3,7.1,24.1,16.7,15.9,95.0,95.4,96.5,75.0,66.9,68.3,0.0,0.0,0.0,999.9,999.9,999.9,0,9.7,8.0
16585596,0723,89.6,81.1,81.3,54.6,47.2,48.3,869.5,896.6,901.7,22.2,14.0,14.3,6.2,7.3,6.9,15.9,16.8,15.9,87.1,95.4,96.5,72.0,66.9,68.6,0.0,0.0,0.0,999.9,999.9,999.9,0,9.7,8.0
16585596,0723,78.3,81.1,81.7,41.2,47.3,48.6,869.5,896.6,897.3,9.9,14.1,14.4,4.9,7.3,6.9,10.1,16.8,16.1,98.1,95.3,96.3,71.1,66.9,68.6,0.17,0.0,0.0,999.9,999.9,999.9,0,9.6,8.0
16585596,0723,77.5,81.0,81.6,48.9,47.2,48.0,871.0,896.6,897.3,10.0,13.9,14.4,6.4,7.3,6.8,18.1,16.8,15.8,104.0,95.5,96.1,75.0,66.9,68.9,0.0,0.0,0.0,999.9,999.9,999.9,0,9.5,7.4
16585596,0723,82.3,81.0,81.2,57.5,47.3,47.9,869.6,895.9,893.0,9.9,13.9,14.3,11.6,7.3,6.8,11.1,16.8,15.9,102.9,95.5,96.1,66.0,66.9,69.0,0.0,0.0,0.0,999.9,999.9,999.9,18,9.4,6.8
16585596,0723,76.4,81.1,81.1,44.6,47.3,48.2,869.0,895.8,892.9,10.0,13.8,14.3,9.8,7.3,6.9,18.1,16.8,15.6,93.0,95.5,96.1,70.0,66.9,68.8,0.0,0.0,0.0,999.9,999.9,999.9,0,9.5,7.4
16585596,0723,76.8,81.0,80.8,40.5,47.3,48.2,873.6,895.8,892.8,10.0,13.8,14.3,11.6,7.3,7.1,14.0,16.8,15.5,93.0,95.5,96.2,71.1,67.0,68.7,0.0,0.0,0.0,999.9,999.9,999.9,0,9.4,7.4
16585596,0723,87.8,81.0,80.3,54.5,47.2,48.1,866.4,895.1,892.8,14.9,13.8,14.3,5.6,7.3,7.2,18.1,16.8,15.4,104.0,95.5,96.1,61.0,67.0,68.7,0.17,0.0,0.0,999.9,999.9,999.9,0,9.4,6.8
16585596,0723,86.8,81.0,80.9,45.2,47.3,48.5,872.7,895.1,892.7,22.3,13.9,14.4,10.1,7.3,7.2,18.1,16.8,15.4,98.1,95.5,96.6,75.9,67.0,68.7,0.01,0.0,0.0,999.9,999.9,999.9,0,9.3,6.2
16585596,0723,81.1,81.0,81.2,34.9,47.3,48.0,873.5,894.4,888.5,9.7,13.9,14.8,6.9,7.3,7.4,12.0,16.8,15.3,98.1,95.5,96.7,71.1,67.0,69.3,0.0,0.0,0.0,999.9,999.9,999.9,18,9.3,5.6
16585596,0723,62.0,81.0,80.9,49.2,47.1,48.1,999.9,894.4,888.5,10.0,13.9,14.8,4.9,7.3,7.4,10.1,16.8,15.4,102.9,95.5,96.8,71.1,67.1,69.2,0.01,0.0,0.0,999.9,999.9,999.9,18,9.4,6.2
16585596,0723,82.3,81.0,80.2,45.2,47.1,48.4,999.9,895.1,892.8,41.0,13.9,13.8,7.8,7.3,7.2,15.0,16.8,15.2,102.0,95.6,96.8,68.0,67.1,69.4,0.11,0.0,0.0,999.9,999.9,999.9,0,9.4,6.7
16585596,0723,81.1,81.0,80.9,54.6,47.1,48.3,999.9,895.8,897.1,9.9,14.0,14.7,6.4,7.3,7.2,11.1,16.7,15.3,95.0,95.7,96.9,70.0,67.1,69.2,0.0,0.0,0.0,999.9,999.9,999.9,0,9.4,6.1
16585596,0723,82.7,80.9,80.9,46.5,47.2,48.7,869.6,896.5,901.4,10.0,14.0,14.7,5.3,7.3,7.3,24.3,16.7,15.2,87.1,95.7,96.8,73.0,67.2,69.5,0.02,0.0,0.0,999.9,999.9,999.9,0,9.4,6.1
16585596,0723,77.1,80.9,81.0,57.6,47.1,48.7,871.0,895.8,901.3,9.8,14.0,14.7,8.2,7.3,7.3,22.0,16.7,15.6,93.0,95.6,96.6,62.1,67.2,69.6,0.0,0.0,0.0,999.9,999.9,999.9,48,9.3,6.1
16585596,0723,86.6,80.9,80.9,58.4,47.1,49.3,873.6,895.8,901.3,10.0,14.0,14.7,9.9,7.3,7.4,14.0,16.8,15.8,88.7,95.6,96.4,62.1,67.2,69.2,0.0,0.0,0.0,999.9,999.9,999.9,18,9.4,7.7
16585596,0723,89.2,80.9,81.0,36.2,47.2,49.6,868.1,895.1,901.3,22.3,14.0,14.7,5.3,7.3,7.4,11.1,16.8,15.9,95.0,95.6,96.3,59.0,67.1,69.1,0.0,0.0,0.0,999.9,999.9,999.9,18,9.3,8.3
16585596,0723,79.9,81.0,81.6,54.1,47.2,48.9,999.9,895.1,901.0,41.0,14.0,15.1,6.2,7.3,7.3,12.0,16.8,15.7,95.0,95.6,96.0,71.1,67.0,68.6,0.0,0.0,0.0,999.9,999.9,999.9,0,9.4,8.3
16585596,0723,81.8,81.0,81.6,52.0,47.1,49.0,872.4,895.1,905.3,9.9,14.2,16.1,10.6,7.3,7.1,26.0,16.7,15.5,98.1,95.6,96.6,57.9,67.0,68.5,0.0,0.0,0.0,999.9,999.9,999.9,0,9.4,7.7
16585596,0723,80.7,81.0,81.6,45.2,47.1,48.9,872.4,895.1,905.3,10.0,14.1,16.1,6.2,7.3,7.3,8.9,16.8,15.8,90.0,95.7,96.4,73.0,66.9,68.1,0.02,0.0,0.0,999.9,999.9,999.9,0,9.1,7.1
16585596,0723,86.6,81.0,81.6,44.6,47.2,48.6,869.0,895.1,901.1,10.0,14.1,16.0,9.8,7.3,7.3,18.1,16.7,15.8,87.1,95.7,95.9,66.9,67.0,68.0,0.0,0.0,0.0,999.9,999.9,999.9,0,9.0,7.1
16585596,0723,79.9,81.0,81.5,49.2,47.1,48.6,873.1,895.1,901.1,9.7,14.1,16.0,6.9,7.3,7.5,10.1,16.8,16.0,95.0,95.6,95.8,73.0,67.0,68.2,0.33,0.0,0.0,999.9,999.9,999.9,0,8.9,6.5
16585596,0723,86.6,81.0,81.6,45.0,47.1,48.4,871.4,895.1,901.1,9.9,14.1,16.0,6.4,7.3,7.5,19.0,16.8,15.8,102.0,95.6,95.6,71.1,67.0,68.7,0.0,0.0,0.0,999.9,999.9,999.9,16,8.9,6.5
16585596,0723,80.9,81.0,81.8,34.9,47.1,48.4,873.0,895.1,896.8,9.9,14.1,15.0,6.6,7.3,7.5,24.1,16.8,15.9,90.0,95.6,95.8,54.0,67.0,68.8,0.0,0.0,0.0,999.9,999.9,999.9,18,8.9,7.0
16585596,0723,89.6,81.0,81.5,55.9,47.1,48.0,872.4,894.4,896.9,10.0,14.1,14.5,5.1,7.3,7.6,11.1,16.8,16.3,104.0,95.6,95.7,71.1,66.9,68.4,0.0,0.0,0.0,999.9,999.9,999.9,0,8.9,7.6
16585596,0723,85.4,81.1,81.9,52.0,47.1,48.7,869.0,894.4,896.9,10.0,14.1,13.6,5.3,7.3,7.6,26.0,16.8,16.4,90.0,95.7,96.1,71.1,66.9,68.6,0.0,0.0,0.0,999.9,999.9,999.9,2,8.6,7.0
16585596,0723,62.0,81.1,81.9,49.3,47.2,48.5,999.9,894.3,896.8,9.9,14.1,13.6,6.4,7.3,7.4,22.0,16.9,16.6,102.0,95.6,95.9,71.1,67.0,68.6,0.0,0.0,0.0,999.9,999.9,999.9,0,8.6,7.1
16585596,0723,82.8,81.0,81.2,45.0,47.2,48.2,872.7,895.0,896.8,39.8,14.1,13.6,9.6,7.3,7.3,12.0,16.9,16.7,93.9,95.6,96.0,62.2,67.0,68.8,0.0,0.0,0.0,999.9,999.9,999.9,18,8.6,7.1
16585596,0723,62.0,81.1,81.1,39.9,47.2,47.9,872.4,894.3,896.7,13.5,14.1,14.6,7.8,7.3,7.4,31.1,16.9,16.5,98.1,95.6,95.8,71.1,67.0,68.4,0.15,0.0,0.0,999.9,999.9,999.9,16,8.6,7.1
16585596,0723,80.3,81.0,80.4,37.5,47.2,47.9,999.9,894.3,896.9,9.7,14.1,14.7,5.3,7.3,7.4,13.0,16.9,16.9,99.0,95.8,96.0,59.0,67.0,68.4,0.11,0.0,0.0,999.9,999.9,999.9,0,8.6,7.5
16585596,0723,89.6,81.0,80.4,44.1,47.1,47.3,999.9,895.0,896.9,10.0,14.1,14.5,6.2,7.3,7.4,10.1,16.9,16.7,79.0,95.8,96.0,63.0,66.9,68.2,0.01,0.0,0.0,999.9,999.9,999.9,18,8.5,6.9
16585596,0723,76.4,81.0,80.9,45.0,47.1,47.3,999.9,895.8,901.1,20.3,14.1,14.5,8.7,7.3,7.3,15.9,16.9,16.2,102.9,95.7,95.5,71.1,66.9,67.8,0.0,0.0,0.0,999.9,999.9,999.9,18,8.6,7.5
16585596,0723,78.4,80.9,80.4,45.2,47.1,47.0,869.5,896.5,905.5,9.7,14.2,14.4,4.9,7.3,7.4,15.0,16.8,16.2,95.0,95.8,96.0,73.9,66.9,67.8,0.02,0.0,0.0,999.9,999.9,999.9,18,8.6,8.1
16585596,0723,82.7,80.9,80.4,49.2,47.1,47.1,869.7,895.7,905.5,22.3,14.2,14.4,5.3,7.3,7.4,24.3,16.8,16.4,98.1,95.8,95.9,62.1,66.9,67.9,0.0,0.0,0.0,999.9,999.9,999.9,0,8.7,8.7
16585596,0723,78.3,80.9,80.6,50.9,47.1,47.1,870.4,895.7,905.4,9.9,14.2,14.8,8.7,7.3,7.4,13.0,16.9,16.6,95.0,95.8,95.7,71.1,66.9,67.4,0.0,0.0,0.0,999.9,999.9,999.9,0,8.6,8.7
16585596,0723,83.0,80.8,80.5,45.2,47.2,46.9,871.0,895.7,905.5,10.0,14.2,14.8,9.6,7.3,7.3,19.0,16.9,16.7,95.0,95.8,95.5,73.0,66.9,67.6,0.0,0.0,0.0,999.9,999.9,999.9,18,8.6,8.1
16585596,0723,86.6,80.8,80.7,36.2,47.1,46.9,869.5,895.0,905.5,10.0,14.2,14.8,10.2,7.3,7.3,20.0,16.9,16.7,102.0,95.8,95.5,61.0,66.9,67.7,0.0,0.0,0.0,999.9,999.9,999.9,18,8.7,8.7
16585596,0723,79.9,80.9,81.0,49.3,47.1,46.8,872.4,894.3,905.4,10.0,14.2,14.8,10.2,7.3,7.2,13.0,17.0,16.9,93.0,95.8,95.8,62.1,66.9,67.4,0.0,0.0,0.0,999.9,999.9,999.9,18,8.8,9.3
16585596,0723,81.1,80.9,80.7,54.1,47.1,46.6,871.5,894.3,905.6,9.8,14.2,14.7,9.5,7.4,7.4,24.3,17.0,16.7,95.0,95.8,95.5,72.0,66.9,67.4,0.0,0.0,0.0,999.9,999.9,999.9,0,8.9,9.9
16585596,0723,85.2,80.9,80.6,55.9,47.1,46.9,869.5,893.6,905.6,10.0,14.2,14.3,9.6,7.3,7.3,15.9,17.0,16.9,98.1,95.9,95.4,70.0,66.9,67.3,0.0,0.0,0.0,999.9,999.9,999.9,18,8.9,9.9
16585596,0723,81.1,80.9,80.7,44.6,47.1,47.6,872.4,893.5,905.4,9.9,14.2,14.3,6.5,7.4,7.4,15.9,17.0,17.1,102.9,95.8,95.4,62.1,66.9,67.2,0.03,0.0,0.0,999.9,999.9,999.9,18,8.9,9.9
16585596,0723,85.2,81.0,81.3,52.0,47.1,47.4,999.9,893.5,901.2,14.9,14.2,14.3,5.6,7.4,7.5,19.0,17.0,17.2,99.0,95.9,95.4,54.0,66.9,66.9,0.0,0.0,0.0,999.9,999.9,999.9,18,9.0,9.9
16585596,0723,82.3,81.0,81.4,48.9,47.1,47.7,875.8,893.5,901.2,9.8,14.2,13.4,3.7,7.4,7.4,15.9,17.0,17.4,93.0,96.0,95.3,62.1,66.9,66.5,0.0,0.0,0.0,999.9,999.9,999.9,16,9.0,10.5
16585596,0723,77.1,81.0,81.5,49.3,47.2,47.5,869.5,893.6,897.0,10.0,14.2,13.4,4.7,7.3,7.3,12.0,17.0,17.5,93.9,95.9,95.2,63.0,66.8,66.2,0.0,0.0,0.0,999.9,999.9,999.9,0,9.1,11.1
16585596,0723,76.4,81.0,81.3,45.0,47.1,47.6,868.1,893.6,897.0,13.5,14.2,13.4,8.7,7.3,7.3,18.1,17.0,17.1,90.0,95.9,95.4,66.9,66.8,65.9,0.0,0.0,0.0,999.9,999.9,999.9,18,9.1,11.1
16585596,0723,76.7,81.0,81.3,50.9,47.1,47.1,866.4,893.5,896.9,9.7,14.1,13.5,9.8,7.3,7.3,13.0,17.1,17.0,95.0,95.8,95.3,72.0,66.7,66.0,0.0,0.0,0.0,999.9,999.9,999.9,18,9.2,10.1
16585596,0723,86.6,80.9,80.9,54.6,47.1,46.9,999.9,893.5,896.7,10.0,14.1,13.5,8.8,7.4,7.3,14.0,17.0,17.0,93.0,95.8,95.5,57.9,66.8,66.4,0.0,0.0,0.0,999.9,999.9,999.9,0,9.2,10.1
16585596,0723,80.9,80.9,80.8,46.5,47.2,47.5,999.9,894.2,901.1,10.0,14.1,13.1,6.2,7.4,7.4,15.9,17.0,17.1,87.1,95.8,95.5,71.1,66.7,66.3,0.03,0.0,0.0,999.9,999.9,999.9,2,9.1,9.5
16585596,0723,78.3,81.0,80.9,44.6,47.2,47.2,869.0,894.9,901.1,10.0,14.1,12.1,8.8,7.4,7.4,15.9,17.0,17.2,89.1,95.7,95.2,73.9,66.7,66.3,0.0,0.0,0.0,999.9,999.9,999.9,0,9.1,9.5
16585596,0723,74.2,80.9,80.8,34.9,47.2,47.0,872.4,894.9,901.0,10.0,14.1,12.1,6.9,7.4,7.4,14.0,16.9,16.9,99.0,95.7,94.9,64.9,66.7,66.9,0.0,0.0,0.0,999.9,999.9,999.9,18,9.0,9.5
16585596,0723,77.5,80.9,80.5,34.9,47.1,46.7,872.4,894.2,901.0,10.0,14.1,12.1,6.6,7.4,7.4,10.1,16.9,17.0,98.1,95.8,95.2,66.0,66.7,66.6,0.0,0.0,0.0,999.9,999.9,999.9,0,9.0,10.1
16585596,0723,81.1,80.8,80.2,55.6,47.0,46.3,869.5,894.2,901.1,10.0,14.1,12.1,11.6,7.4,7.3,12.0,16.8,16.8,100.0,95.8,95.6,71.1,66.7,66.6,0.0,0.0,0.0,999.9,999.9,999.9,0,9.0,10.1
16585596,0723,79.9,80.8,80.3,54.6,47.1,46.5,871.5,894.2,901.0,22.3,13.9,12.1,8.7,7.4,7.4,31.1,16.8,16.8,99.0,95.8,95.7,66.2,66.8,66.5,0.0,0.0,0.0,999.9,999.9,999.9,18,9.0,10.1
16585596,0723,86.6,80.8,80.0,57.5,47.2,46.9,869.5,894.2,901.0,41.0,14.0,12.5,10.4,7.4,7.5,13.0,16.8,17.2,90.0,95.8,95.6,61.0,66.8,66.3,0.03,0.0,0.0,999.9,999.9,999.9,18,9.1,10.2
16585596,0723,62.0,80.9,80.2,49.2,47.2,47.6,872.4,894.2,900.9,9.9,14.2,13.5,6.9,7.4,7.6,12.0,16.7,16.9,104.0,95.8,95.6,61.0,66.8,66.6,0.0,0.0,0.0,999.9,999.9,999.9,0,9.2,10.2
16585596,0723,69.7,80.8,79.3,47.1,47.2,47.4,999.9,894.2,900.9,20.3,14.2,13.5,11.6,7.4,7.7,24.3,16.7,16.9,95.0,95.8,95.6,70.0,66.8,66.2,0.0,0.0,0.0,999.9,999.9,999.9,2,9.1,10.2
16585596,0723,80.9,80.7,78.8,54.5,47.3,47.2,872.4,894.9,905.2,9.8,14.2,13.9,6.5,7.4,7.9,11.1,16.8,16.8,95.0,95.8,95.8,61.0,66.8,66.2,0.01,0.0,0.0,999.9,999.9,999.9,18,9.1,10.2
16585596,0723,82.7,80.7,79.4,41.6,47.3,47.4,999.9,894.9,901.0,22.3,14.2,13.9,7.8,7.4,7.9,15.0,16.7,16.5,90.0,95.8,95.6,62.1,66.9,65.9,0.02,0.0,0.0,999.9,999.9,999.9,18,9.1,10.8
16585596,0723,79.9,80.7,79.4,57.2,47.2,47.3,875.8,895.6,905.2,9.7,14.2,13.3,11.6,7.4,7.9,11.1,16.7,16.6,102.0,95.8,95.4,75.9,66.9,65.9,0.11,0.0,0.0,999.9,999.9,999.9,18,9.1,10.8
16585596,0723,76.7,80.7,80.0,58.4,47.2,47.9,875.8,895.6,905.3,30.7,14.2,13.2,8.1,7.5,8.0,11.1,16.6,15.9,95.0,95.7,95.6,61.0,66.9,66.0,0.0,0.0,0.0,999.9,999.9,999.9,0,9.1,10.9
16585596,0723,69.7,80.6,79.9,58.4,47.2,48.6,999.9,895.6,901.2,14.9,14.3,13.9,8.7,7.4,8.1,26.0,16.6,15.8,95.0,95.8,95.4,62.1,66.9,66.1,0.11,0.0,0.0,999.9,999.9,999.9,18,9.1,10.9
16585596,0723,76.7,80.6,79.2,54.5,47.3,49.0,872.9,895.6,901.2,10.0,14.4,14.0,10.1,7.4,8.2,18.1,16.6,16.4,102.0,95.7,96.0,64.9,66.9,66.1,0.0,0.0,0.0,999.9,999.9,999.9,18,9.1,10.9
16585596,0723,81.1,80.6,79.2,44.1,47.3,49.4,999.9,894.9,897.0,41.0,14.4,13.7,5.6,7.5,8.2,17.1,16.6,16.4,93.0,95.7,95.9,66.0,66.9,65.8,0.0,0.0,0.0,999.9,999.9,999.9,18,9.1,10.9
16585596,0723,62.0,80.7,79.3,40.5,47.3,49.3,872.4,894.9,901.3,9.9,14.5,14.7,5.6,7.4,8.2,20.0,16.6,16.5,99.0,95.7,95.9,73.0,67.0,65.6,0.0,0.0,0.0,999.9,999.9,999.9,0,9.2,10.9
16585596,0723,80.3,80.6,78.6,50.2,47.3,49.0,875.8,895.0,901.4,10.0,14.4,14.3,4.9,7.4,8.2,8.9,16.6,16.4,99.0,95.7,95.9,73.9,67.0,65.9,0.03,0.0,0.0,999.9,999.9,999.9,0,9.1,10.9
16585596,0723,83.0,80.6,78.7,44.6,47.3,49.0,871.4,895.0,901.6,10.0,14.4,14.3,5.6,7.4,8.1,11.1,16.5,16.2,99.0,95.7,96.0,66.0,67.0,66.0,0.14,0.0,0.0,999.9,999.9,999.9,0,9.0,10.9
16585596,0723,86.6,80.6,78.7,44.6,47.4,49.0,999.9,894.3,901.6,10.0,14.4,14.3,9.6,7.4,8.0,13.0,16.4,16.0,102.0,95.7,96.2,61.0,67.1,65.8,0.0,0.0,0.0,999.9,999.9,999.9,0,8.9,10.3
16585596,0723,85.2,80.6,78.7,41.4,47.4,49.3,872.9,895.0,905.9,39.8,14.4,14.3,8.8,7.4,8.0,15.9,16.4,15.7,93.9,95.7,96.2,71.1,67.0,65.8,0.0,0.0,0.0,999.9,999.9,999.9,18,8.8,9.7
16585596,0723,69.7,80.6,78.9,36.2,47.3,49.0,869.7,895.0,906.0,30.7,14.5,15.3,5.3,7.5,7.9,26.0,16.5,15.8,102.0,95.7,96.2,63.0,67.0,66.1,0.01,0.0,0.0,999.9,999.9,999.9,0,8.9,9.7
16585596,0723,74.2,80.5,78.5,41.6,47.4,48.4,872.9,895.0,905.9,30.7,14.6,16.0,9.3,7.4,7.8,15.9,16.5,15.9,99.0,95.7,96.4,59.0,67.0,65.8,0.0,0.0,0.0,999.9,999.9,999.9,16,8.9,9.7
16585596,0723,80.9,80.5,78.1,55.6,47.4,47.9,999.9,895.0,906.0,9.7,14.7,16.7,6.3,7.4,7.8,34.0,16.5,15.9,102.0,95.7,96.5,68.0,67.0,65.4,0.0,0.0,0.0,999.9,999.9,999.9,18,8.9,9.6
16585596,0723,76.8,80.5,78.1,45.2,47.4,48.3,869.6,895.7,910.3,9.8,14.7,16.7,10.4,7.4,7.8,19.0,16.7,16.5,102.9,95.7,96.4,62.1,66.9,65.6,0.0,0.0,0.0,999.9,999.9,999.9,18,8.9,9.6
16585596,0723,87.8,80.5,77.9,41.2,47.3,48.1,873.6,895.7,905.9,10.0,14.7,16.5,6.4,7.4,7.9,24.3,16.7,16.5,100.0,95.8,96.6,57.0,66.9,65.9,0.02,0.0,0.0,999.9,999.9,999.9,0,8.9,9.6
16585596,0723,80.3,80.5,78.0,48.9,47.3,47.8,872.4,895.7,905.8,10.0,14.7,16.5,9.8,7.4,8.0,19.0,16.7,16.8,104.0,95.8,96.8,66.0,66.8,65.7,0.0,0.0,0.0,999.9,999.9,999.9,0,8.9,9.1
16585596,0723,80.3,80.5,78.1,33.1,47.3,47.8,871.5,895.7,905.9,9.9,14.6,16.5,9.9,7.4,8.2,15.9,16.8,17.0,93.9,95.9,97.1,61.0,66.8,65.8,0.0,0.0,0.0,999.9,999.9,999.9,0,8.9,9.1
16585596,0723,82.3,80.5,78.3,57.2,47.2,47.4,871.4,895.7,906.0,10.0,14.6,16.4,4.9,7.4,8.2,12.0,16.8,16.9,93.0,95.9,97.3,73.9,66.7,65.6,0.15,0.0,0.0,999.9,999.9,999.9,18,8.8,8.5
16585596,0723,88.1,80.5,78.5,58.4,47.2,47.6,873.6,895.0,906.2,9.9,14.4,16.4,10.1,7.4,8.1,10.1,16.7,16.9,99.0,95.9,97.2,54.0,66.8,65.7,0.0,0.0,0.0,999.9,999.9,999.9,18,8.8,8.5
16585596,0723,82.7,80.5,78.5,54.6,47.3,47.7,869.5,895.0,902.0,10.0,14.3,16.4,5.1,7.4,8.1,20.0,16.7,16.8,102.9,95.8,97.4,61.0,66.7,65.6,0.0,0.0,0.0,999.9,999.9,999.9,0,8.9,9.1
16585596,0723,86.6,80.5,78.6,44.1,47.3,48.0,873.0,895.0,897.7,30.7,14.3,16.4,6.9,7.4,8.1,12.0,16.7,16.9,93.0,95.9,97.9,73.9,66.7,65.2,0.0,0.0,0.0,999.9,999.9,999.9,16,8.9,9.0
16585596,0723,82.8,80.6,78.8,57.2,47.3,48.0,870.0,895.0,897.8,9.7,14.5,17.1,6.5,7.4,8.0,19.0,16.7,16.8,102.9,95.9,98.1,68.0,66.8,65.2,0.0,0.0,0.0,999.9,999.9,999.9,18,9.0,9.5
16585596,0723,81.1,80.6,79.1,47.2,47.4,48.7,869.5,895.0,897.7,22.2,14.5,17.1,9.5,7.4,8.0,15.0,16.7,16.9,93.9,96.0,98.2,66.9,66.8,65.3,0.0,0.0,0.0,999.9,999.9,999.9,18,9.1,9.5
16585596,0723,76.4,80.6,79.3,44.6,47.4,49.2,872.4,895.0,897.6,9.9,14.5,17.5,6.9,7.5,8.1,18.1,16.7,17.1,93.0,96.0,98.0,66.0,66.8,65.4,0.0,0.0,0.0,999.9,999.9,999.9,0,9.1,10.1
16585596,0723,76.4,80.6,79.1,45.2,47.4,48.8,875.8,895.0,897.7,10.0,14.5,17.5,6.2,7.4,7.9,19.0,16.7,17.3,90.0,95.9,97.8,75.0,66.8,65.2,0.11,0.0,0.0,999.9,999.9,999.9,18,9.1,10.1
16585596,0723,85.2,80.6,79.0,57.5,47.4,48.5,868.1,895.0,897.9,22.2,14.5,17.1,6.2,7.4,7.8,19.0,16.7,16.9,90.0,95.9,97.5,66.0,66.8,65.5,0.0,0.0,0.0,999.9,999.9,999.9,18,9.0,10.1
16585596,0723,82.8,80.6,78.9,55.6,47.5,48.5,873.0,895.0,897.8,10.0,14.6,16.5,10.6,7.4,7.7,13.0,16.7,17.1,100.0,95.9,97.5,73.9,66.8,65.7,0.0,0.0,0.0,999.9,999.9,999.9,18,9.1,10.1
16585596,0723,69.7,80.6,79.6,37.5,47.6,48.7,999.9,895.0,897.8,41.0,14.6,16.5,10.2,7.5,7.8,11.1,16.7,17.1,102.0,95.9,97.4,73.0,66.8,66.1,0.0,0.0,0.0,999.9,999.9,999.9,18,9.2,10.7
16585596,0723,86.8,80.5,79.6,37.5,47.6,48.4,871.0,895.7,897.8,9.7,14.6,17.1,8.7,7.5,7.8,15.9,16.7,16.7,102.9,96.0,97.6,73.0,66.9,66.2,0.0,0.0,0.0,999.9,999.9,999.9,0,9.3,11.3
16585596,0723,79.9,80.6,79.8,45.2,47.5,47.8,870.5,895.7,897.8,9.8,14.5,17.1,10.2,7.5,7.9,11.1,16.6,16.9,93.9,96.0,97.9,66.0,66.9,66.6,0.0,0.0,0.0,999.9,999.9,999.9,0,9.3,10.7
16585596,0723,62.0,80.6,79.7,54.6,47.6,47.9,872.4,894.9,893.5,10.0,14.5,16.7,10.1,7.5,7.9,12.0,16.5,16.7,93.0,96.1,98.0,73.0,67.0,66.7,0.14,0.0,0.0,999.9,999.9,999.9,0,9.3,10.1
16585596,0723,76.8,80.5,79.1,45.2,47.6,47.8,871.0,894.9,893.4,10.0,14.5,16.7,10.4,7.5,7.9,15.0,16.5,16.8,93.0,96.1,97.7,66.9,67.0,66.6,0.14,0.0,0.0,999.9,999.9,999.9,0,9.3,9.5
16585596,0723,82.7,80.5,79.1,49.2,47.7,47.4,870.4,895.0,893.2,10.0,14.5,16.0,8.1,7.5,8.0,8.9,16.5,16.9,90.0,96.0,97.6,61.0,66.9,66.8,0.0,0.0,0.0,999.9,999.9,999.9,18,9.2,9.5
16585596,0723,83.0,80.5,79.6,55.9,47.6,47.1,999.9,894.2,888.9,10.0,14.3,15.9,6.6,7.6,7.9,12.0,16.4,16.3,88.7,96.0,97.5,72.0,66.9,66.8,0.03,0.0,0.0,999.9,999.9,999.9,0,9.2,9.5
16585596,0723,79.9,80.5,79.8,48.9,47.7,47.1,869.5,894.9,893.1,9.9,14.3,15.9,8.1,7.5,7.8,10.1,16.4,16.1,102.0,96.0,97.0,68.0,66.9,67.0,0.0,0.0,0.0,999.9,999.9,999.9,18,9.2,8.9
16585596,0723,87.8,80.5,79.7,58.4,47.7,47.3,868.1,894.9,888.8,9.9,14.3,14.8,8.1,7.6,7.9,24.3,16.4,15.9,79.0,96.0,97.3,63.0,67.0,67.1,0.0,0.0,0.0,999.9,999.9,999.9,0,9.2,8.9
16585596,0723,78.4,80.5,80.6,39.9,47.8,47.9,872.4,894.9,888.6,10.0,14.3,14.8,9.9,7.6,8.0,11.1,16.4,16.0,93.0,95.9,96.7,66.9,67.0,66.8,0.15,0.0,0.0,999.9,999.9,999.9,0,9.2,8.9
16585596,0723,79.9,80.5,80.5,55.9,47.7,47.5,873.1,894.9,888.5,13.5,14.2,14.8,9.8,7.6,8.2,15.9,16.4,16.1,104.0,95.9,96.5,71.1,67.0,66.5,0.0,0.0,0.0,999.9,999.9,999.9,0,9.1,8.9
16585596,0723,88.8,80.5,80.4,54.1,47.9,47.9,872.7,894.2,888.6,9.8,14.2,15.0,6.2,7.6,8.3,13.0,16.4,16.3,99.0,95.9,96.6,66.0,67.0,66.7,0.0,0.0,0.0,999.9,999.9,999.9,0,9.0,8.9
16585596,0723,80.3,80.5,80.5,50.2,47.8,48.2,869.5,894.2,884.3,10.0,14.2,15.0,8.2,7.6,8.2,10.1,16.4,16.3,104.0,95.9,96.5,66.0,67.1,66.9,0.0,0.0,0.0,999.9,999.9,999.9,18,9.0,8.9
16585596,0723,89.6,80.5,80.3,33.1,47.9,48.5,871.4,894.2,884.2,39.8,14.2,14.0,9.8,7.6,8.2,10.1,16.4,16.1,95.0,96.0,96.9,71.1,67.1,66.7,0.0,0.0,0.0,999.9,999.9,999.9,0,9.1,8.9
16585596,0723,82.7,80.5,81.0,55.6,47.9,48.4,875.8,894.3,884.3,13.5,14.3,14.3,6.5,7.6,8.3,20.0,16.4,15.5,104.0,96.0,96.6,73.9,67.1,67.0,0.0,0.0,0.0,999.9,999.9,999.9,18,9.0,8.9
16585596,0723,85.2,80.5,81.3,47.2,47.9,48.9,873.0,894.3,884.4,10.0,14.2,13.7,8.8,7.6,8.2,15.9,16.4,15.7,99.0,96.0,96.8,63.0,67.2,67.5,0.0,0.0,0.0,999.9,999.9,999.9,18,8.8,8.9
16585596,0723,79.3,80.6,81.4,55.6,47.9,48.6,873.0,894.3,880.1,9.9,14.1,13.7,9.5,7.6,8.3,11.1,16.4,15.1,102.0,96.0,96.7,66.2,67.1,67.3,0.0,0.0,0.0,999.9,999.9,999.9,18,8.8,8.9
16585596,0723,80.3,80.6,81.5,41.6,48.0,49.0,868.1,894.3,880.2,13.5,14.1,13.7,6.9,7.6,8.3,18.1,16.4,14.8,102.9,96.1,96.7,73.9,67.1,67.4,0.0,0.0,0.0,999.9,999.9,999.9,0,8.9,8.9
16585596,0723,86.6,80.6,81.3,39.9,47.9,49.0,873.0,894.2,880.1,10.0,14.1,13.8,6.6,7.6,8.3,24.3,16.4,14.6,102.0,96.1,96.8,75.0,67.1,68.0,0.0,0.0,0.0,999.9,999.9,999.9,0,8.9,8.9
16585596,0723,76.4,80.7,81.5,34.9,47.9,48.7,999.9,894.2,880.1,10.0,13.9,13.8,3.7,7.5,8.2,11.1,16.4,14.8,88.7,96.1,96.7,71.1,67.1,68.3,0.0,0.0,0.0,999.9,999.9,999.9,0,8.9,8.9
16585596,0723,81.1,80.6,81.4,44.6,47.8,48.7,873.6,894.9,884.4,9.9,13.9,13.8,9.6,7.5,8.0,20.0,16.3,14.6,95.0,96.1,96.5,70.0,67.1,68.6,0.0,0.0,0.0,999.9,999.9,999.9,18,8.8,8.9
16585596,0723,82.7,80.7,81.3,44.1,47.8,48.3,868.1,894.9,884.4,41.0,13.9,13.8,8.1,7.5,8.1,8.9,16.4,14.9,87.1,96.1,96.6,62.1,67.1,68.5,0.0,0.0,0.0,999.9,999.9,999.9,16,8.9,8.9
16585596,0723,81.8,80.7,81.1,49.3,47.9,47.8,872.9,894.9,884.3,22.2,14.1,14.9,3.7,7.6,8.1,11.1,16.4,14.8,102.9,96.1,96.2,68.0,67.1,68.8,0.0,0.0,0.0,999.9,999.9,999.9,0,9.0,8.9
16585596,0723,76.7,80.7,81.1,44.1,47.9,47.7,871.5,895.0,884.4,10.0,14.1,15.3,8.7,7.6,8.0,19.0,16.3,14.5,95.0,96.1,96.2,70.0,67.1,69.0,0.0,0.0,0.0,999.9,999.9,999.9,18,8.9,8.9
16585596,0723,88.1,80.7,80.8,50.2,47.8,47.7,869.0,894.9,884.3,30.7,14.1,14.6,7.8,7.6,8.1,11.1,16.3,14.8,88.7,96.1,96.3,70.0,67.2,68.9,0.33,0.0,0.0,999.9,999.9,999.9,0,9.0,8.9
16585596,0723,81.1,80.7,80.9,44.1,47.8,47.4,866.4,894.2,884.3,41.0,14.2,15.3,10.2,7.6,8.1,20.0,16.3,14.5,102.9,96.1,95.8,73.9,67.2,68.9,0.0,0.0,0.0,999.9,999.9,999.9,0,9.0,8.3
16585596,0723,80.7,80.7,80.9,40.5,47.7,47.3,873.6,894.2,884.2,10.0,14.3,15.9,5.3,7.6,8.1,17.1,16.3,14.7,90.0,96.1,96.1,70.0,67.2,69.2,0.0,0.0,0.0,999.9,999.9,999.9,18,9.0,7.7
16585596,0723,81.8,80.7,81.1,57.2,47.7,47.2,873.6,894.2,884.2,10.0,14.3,15.9,10.2,7.6,8.1,15.9,16.2,14.6,98.1,96.1,96.0,62.2,67.2,69.3,0.0,0.0,0.0,999.9,999.9,999.9,2,9.1,8.3
16585596,0723,88.8,80.7,81.3,55.9,47.9,47.6,871.0,894.2,884.1,22.3,14.3,15.9,6.9,7.6,8.2,17.1,16.3,14.5,102.0,96.1,96.3,63.0,67.2,68.9,0.0,0.0,0.0,999.9,999.9,999.9,0,9.1,7.8
16585596,0723,69.7,80.7,81.4,55.6,47.9,47.5,869.5,894.2,884.2,10.0,14.4,15.9,5.6,7.6,8.2,34.0,16.2,14.5,99.0,96.1,96.7,71.1,67.2,68.8,0.0,0.0,0.0,999.9,999.9,999.9,0,9.0,7.2
16585596,0723,80.3,80.8,81.0,54.6,47.9,47.5,869.0,894.2,884.1,10.0,14.4,15.9,8.2,7.6,8.1,10.1,16.2,15.2,93.9,96.2,96.6,57.9,67.2,68.7,0.0,0.0,0.0,999.9,999.9,999.9,0,8.9,6.6
16585596,0723,79.3,80.7,81.3,41.4,47.9,48.1,873.6,894.2,879.8,10.0,14.3,14.9,5.6,7.6,8.0,19.0,16.2,15.1,98.1,96.1,96.4,66.0,67.1,68.2,0.0,0.0,0.0,999.9,999.9,999.9,0,8.8,6.0
16585596,0723,62.0,80.7,81.1,45.2,47.8,48.2,871.4,893.5,879.8,10.0,14.2,14.9,4.9,7.6,7.9,11.1,16.2,15.2,90.0,96.2,96.2,71.1,67.1,67.9,0.15,0.0,0.0,999.9,999.9,999.9,0,8.8,6.0
16585596,0723,79.9,80.6,80.5,37.5,47.8,48.2,873.6,893.5,879.9,10.0,14.2,14.9,8.8,7.5,7.7,17.1,16.2,15.2,102.0,96.1,96.1,61.0,67.2,68.1,0.0,0.0,0.0,999.9,999.9,999.9,0,8.8,6.0
16585596,0723,82.8,80.5,81.1,34.9,47.7,47.7,871.0,893.5,879.9,10.0,14.2,14.9,9.8,7.6,7.7,17.1,16.2,15.4,102.9,96.2,96.4,75.0,67.1,67.7,0.0,0.0,0.0,999.9,999.9,999.9,0,8.8,6.0
16585596,0723,78.3,80.6,81.3,41.6,47.7,47.3,999.9,893.5,879.9,10.0,14.2,14.9,9.3,7.6,7.7,12.0,16.2,15.5,99.0,96.2,96.7,66.0,67.2,68.0,0.11,0.0,0.0,999.9,999.9,999.9,16,8.8,6.0
16585596,0723,79.9,80.6,81.1,54.1,47.6,47.1,869.5,894.2,884.2,22.2,14.2,14.9,5.3,7.6,7.7,12.0,16.2,15.6,93.9,96.2,97.0,62.2,67.2,68.2,0.0,0.0,0.0,999.9,999.9,999.9,18,8.8,5.9
16585596,0723,80.9,80.6,81.0,44.1,47.7,47.0,868.1,894.2,879.9,10.0,14.3,15.3,5.6,7.6,7.7,24.3,16.2,15.6,89.1,96.2,97.2,71.1,67.2,67.8,0.0,0.0,0.0,999.9,999.9,999.9,18,8.9,6.5
16585596,0723,83.0,80.6,81.0,40.5,47.6,46.8,866.4,893.5,879.8,10.0,14.1,15.3,7.8,7.6,7.6,8.9,16.3,16.1,104.0,96.2,96.7,62.1,67.2,67.9,0.33,0.0,0.0,999.9,999.9,999.9,0,8.9,6.5
16585596,0723,76.8,80.6,80.9,47.1,47.6,46.2,872.4,893.4,879.8,10.0,14.1,15.3,5.3,7.6,7.6,15.0,16.2,15.6,93.9,96.3,97.6,75.0,67.2,67.9,0.0,0.0,0.0,999.9,999.9,999.9,0,8.9,6.5
16585596,0723,88.8,80.6,80.8,47.2,47.7,46.5,999.9,892.7,879.8,10.0,14.1,15.3,5.6,7.6,7.4,13.0,16.1,15.7,102.9,96.3,97.6,75.0,67.2,68.2,0.0,0.0,0.0,999.9,999.9,999.9,0,8.9,6.5
16585596,0723,86.8,80.6,81.1,41.4,47.7,46.2,869.5,893.5,884.0,10.0,14.1,15.2,6.9,7.6,7.3,24.3,16.2,15.6,87.1,96.3,97.6,71.1,67.3,68.3,0.15,0.0,0.0,999.9,999.9,999.9,2,8.9,6.5
16585596,0723,82.7,80.6,81.1,50.2,47.7,45.8,870.5,893.5,883.9,20.3,14.1,15.2,3.7,7.6,7.3,14.0,16.2,16.0,102.0,96.3,97.2,66.2,67.3,68.5,0.0,0.0,0.0,999.9,999.9,999.9,2,8.8,6.6
16585596,0723,83.0,80.6,81.1,57.6,47.7,45.8,873.0,893.5,883.9,10.0,14.2,15.5,8.1,7.6,7.2,13.0,16.2,16.1,93.9,96.3,97.1,71.1,67.3,68.5,0.03,0.0,0.0,999.9,999.9,999.9,48,8.8,6.1
16585596,0723,76.8,80.6,80.9,54.1,47.7,46.6,869.5,893.5,884.0,9.9,14.2,14.6,8.1,7.6,7.1,11.1,16.2,16.2,93.0,96.3,97.1,62.1,67.3,68.5,0.0,0.0,0.0,999.9,999.9,999.9,18,9.0,7.7
16585596,0723,82.3,80.6,80.7,44.6,47.8,46.5,873.6,893.5,883.8,10.0,14.2,14.4,6.9,7.6,7.2,34.0,16.1,15.9,91.9,96.3,96.7,71.1,67.3,68.1,0.0,0.0,0.0,999.9,999.9,999.9,0,9.1,7.7
16585596,0723,76.7,80.6,80.6,44.1,47.7,46.5,999.9,893.5,883.8,10.0,14.2,14.4,9.6,7.6,7.1,20.0,16.2,16.5,93.9,96.3,96.5,75.0,67.4,68.3,0.0,0.0,0.0,999.9,999.9,999.9,2,9.0,7.1
16585596,0723,85.2,80.6,80.5,37.5,47.7,46.1,872.4,894.2,888.0,10.0,14.2,14.4,4.9,7.6,7.1,15.9,16.2,16.8,87.1,96.3,96.2,54.0,67.4,68.6,0.0,0.0,0.0,999.9,999.9,999.9,0,8.7,6.5
16585596,0723,77.5,80.6,80.7,41.4,47.7,45.9,870.4,894.2,888.2,10.0,14.2,14.3,9.8,7.5,7.0,13.0,16.2,16.7,102.9,96.2,95.7,66.2,67.3,68.0,0.0,0.0,0.0,999.9,999.9,999.9,0,8.7,6.5
16585596,0723,81.1,80.6,80.4,50.2,47.7,46.0,873.6,893.5,888.1,13.5,14.2,14.3,6.6,7.6,7.1,13.0,16.2,16.3,87.1,96.2,95.7,57.9,67.4,67.7,0.14,0.0,0.0,999.9,999.9,999.9,0,8.6,6.5
16585596,0723,86.8,80.6,80.6,40.5,47.7,46.5,869.5,893.5,883.9,22.3,14.2,14.4,8.7,7.5,7.2,15.9,16.2,16.4,102.0,96.2,95.6,64.9,67.3,67.2,0.15,0.0,0.0,999.9,999.9,999.9,0,8.5,6.5
16585596,0723,69.7,80.7,80.7,44.1,47.6,46.4,872.4,893.5,883.7,10.0,14.3,14.8,6.2,7.6,7.2,22.0,16.2,16.3,88.7,96.2,95.9,66.0,67.3,67.1,0.15,0.0,0.0,999.9,999.9,999.9,0,8.4,5.9
16585596,0723,82.8,80.6,80.3,52.0,47.6,46.4,873.6,893.5,883.9,10.0,14.3,13.8,10.2,7.6,7.1,19.0,16.3,16.7,102.0,96.1,95.9,70.0,67.3,67.2,0.15,0.0,0.1,999.9,999.9,999.9,0,8.3,5.4
16585596,0723,79.9,80.6,80.3,54.5,47.6,46.5,871.5,893.5,883.9,9.8,14.3,13.4,10.6,7.6,7.4,10.1,16.3,17.0,99.0,96.1,95.9,61.0,67.3,67.3,0.0,0.0,0.1,999.9,999.9,999.9,0,8.2,5.4
16585596,0723,82.7,80.7,80.5,45.2,47.7,46.8,873.5,893.5,883.9,10.0,14.3,13.4,4.9,7.6,7.4,11.1,16.3,16.7,93.9,96.2,96.0,66.0,67.3,67.0,0.0,0.0,0.1,999.9,999.9,999.9,18,8.1,4.8
16585596,0723,79.9,80.6,80.3,41.6,47.7,46.6,873.6,892.8,884.1,10.0,14.1,12.7,9.8,7.6,7.3,19.0,16.2,16.7,102.9,96.1,96.2,73.9,67.3,66.8,0.02,0.0,0.0,999.9,999.9,999.9,48,8.2,5.4
16585596,0723,89.2,80.6,80.2,50.9,47.6,46.5,869.5,892.9,884.3,9.7,14.1,11.7,3.7,7.6,7.3,14.0,16.2,16.6,102.0,96.2,96.2,62.2,67.3,66.8,0.0,0.0,0.0,999.9,999.9,999.9,0,8.2,7.0
16585596,0723,89.2,80.7,80.5,40.5,47.6,46.9,869.5,892.8,884.2,10.0,14.1,11.7,6.6,7.5,7.3,18.1,16.2,16.5,95.0,96.3,96.6,62.1,67.3,66.6,0.0,0.0,0.0,999.9,999.9,999.9,0,8.2,6.4
16585596,0723,79.9,80.7,80.8,44.6,47.5,46.3,875.8,892.8,884.0,13.5,14.1,11.7,7.8,7.5,7.1,18.1,16.2,16.6,93.9,96.3,96.5,62.2,67.3,66.6,0.02,0.0,0.0,999.9,999.9,999.9,0,8.2,6.3
16585596,0723,82.3,80.7,80.5,46.5,47.5,46.0,866.4,892.9,884.2,22.2,14.2,11.4,6.9,7.5,7.2,15.0,16.2,16.6,93.9,96.4,96.2,57.0,67.3,66.6,0.0,0.0,0.0,999.9,999.9,999.9,18,8.2,6.3
16585596,0723,79.3,80.7,80.9,55.6,47.5,45.7,872.4,892.8,884.1,9.9,14.2,11.8,8.1,7.5,7.2,15.0,16.3,16.0,93.9,96.3,96.1,66.0,67.2,66.1,0.0,0.0,0.0,999.9,999.9,999.9,0,8.2,6.9
16585596,0723,89.2,80.7,80.8,45.2,47.6,45.7,872.4,892.8,884.2,9.9,14.2,11.8,9.5,7.5,7.2,10.1,16.2,16.2,87.1,96.3,96.1,71.1,67.2,66.4,0.0,0.0,0.0,999.9,999.9,999.9,18,8.2,6.9
16585596,0723,85.4,80.7,81.2,40.5,47.6,45.8,869.5,892.8,884.2,10.0,14.2,11.8,8.8,7.6,7.3,13.0,16.2,15.9,98.1,96.2,95.7,57.9,67.3,66.5,0.03,0.0,0.0,999.9,999.9,999.9,0,8.3,7.5
16585596,0723,80.9,80.7,82.0,41.6,47.6,45.7,870.5,892.8,884.1,10.0,14.2,11.8,5.6,7.6,7.5,18.1,16.1,15.9,99.0,96.3,96.0,54.0,67.2,66.1,0.0,0.0,0.0,999.9,999.9,999.9,0,8.2,7.5
16585596,0723,74.2,80.7,82.0,37.5,47.6,45.8,870.0,892.8,884.0,39.8,14.2,11.8,9.8,7.6,7.4,19.0,16.1,16.0,104.0,96.3,95.9,71.1,67.2,65.8,0.01,0.0,0.0,999.9,999.9,999.9,18,8.1,7.5
16585596,0723,69.7,80.7,81.7,54.6,47.5,45.9,869.5,892.8,884.0,9.8,14.4,12.8,9.3,7.6,7.4,19.0,16.1,16.0,104.0,96.4,95.9,70.0,67.2,65.7,0.11,0.0,0.0,999.9,999.9,999.9,18,8.2,8.1
16585596,0723,83.0,80.6,81.4,44.1,47.5,46.3,999.9,892.8,879.6,20.3,14.4,12.8,5.3,7.6,7.4,19.0,16.1,16.3,98.1,96.4,96.1,73.9,67.2,65.8,0.03,0.0,0.0,999.9,999.9,999.9,0,8.3,8.2
16585596,0723,77.1,80.6,81.5,48.9,47.5,46.0,873.0,892.8,884.0,9.9,14.4,12.7,10.4,7.6,7.4,14.0,16.2,16.5,95.0,96.4,96.2,57.0,67.2,66.2,0.14,0.0,0.0,999.9,999.9,999.9,18,8.3,7.6
16585596,0723,78.3,80.6,81.4,44.1,47.5,46.1,873.5,892.8,884.1,14.9,14.4,12.7,9.8,7.6,7.5,31.1,16.1,16.2,90.0,96.4,96.4,64.9,67.2,65.8,0.0,0.0,0.0,999.9,999.9,999.9,0,8.3,7.6
16585596,0723,81.8,80.5,81.2,37.5,47.4,46.3,872.4,892.1,884.4,9.9,14.4,12.9,4.7,7.6,7.6,15.9,16.2,16.9,90.0,96.3,95.9,66.9,67.1,65.9,0.02,0.0,0.0,999.9,999.9,999.9,48,8.2,7.6
16585596,0723,82.8,80.5,81.4,52.0,47.3,45.9,999.9,892.1,884.4,9.9,14.4,12.9,9.3,7.6,7.6,31.1,16.2,16.9,87.1,96.2,95.8,66.9,67.1,65.6,0.0,0.0,0.0,999.9,999.9,999.9,0,8.5,9.2
16585596,0723,80.7,80.5,81.2,54.5,47.4,46.1,999.9,892.8,884.4,14.9,14.4,12.8,5.3,7.6,7.7,15.9,16.3,17.5,102.9,96.2,95.3,59.0,67.1,65.3,0.0,0.0,0.0,999.9,999.9,999.9,18,8.5,9.2
16585596,0723,76.4,80.4,81.0,54.6,47.5,46.5,873.0,893.5,888.7,13.5,14.4,13.0,4.9,7.6,7.6,18.1,16.2,17.3,102.0,96.3,95.8,57.9,67.0,64.9,0.0,0.0,0.0,999.9,999.9,999.9,18,8.5,9.7
16585596,0723,79.9,80.5,80.8,49.2,47.5,46.7,872.4,893.5,888.8,13.5,14.5,12.8,5.3,7.6,7.7,24.3,16.2,17.4,99.0,96.3,95.8,75.9,67.0,64.6,0.0,0.0,0.0,999.9,999.9,999.9,0,8.5,10.3
16585596,0723,78.4,80.5,80.7,37.5,47.5,46.4,873.5,892.8,888.8,9.9,14.5,12.9,5.1,7.6,7.6,10.1,16.3,17.8,95.0,96.4,96.0,68.0,67.1,64.8,0.0,0.0,0.0,999.9,999.9,999.9,0,8.4,8.7
16585596,0723,82.3,80.4,80.7,33.1,47.5,45.9,871.5,892.8,888.9,10.0,14.5,12.9,10.1,7.6,7.5,19.0,16.3,17.7,91.9,96.4,96.0,61.0,67.1,65.0,0.0,0.0,0.0,999.9,999.9,999.9,18,8.4,8.1
16585596,0723,89.2,80.4,80.7,47.2,47.4,45.5,873.6,892.8,888.8,41.0,14.3,12.9,10.6,7.6,7.6,12.0,16.3,17.2,102.9,96.3,96.0,72.0,67.0,64.7,0.0,0.0,0.0,999.9,999.9,999.9,0,8.5,8.7
16585596,0723,81.1,80.6,81.2,40.5,47.4,45.6,870.0,892.9,884.6,10.0,14.4,13.9,10.6,7.6,7.6,11.1,16.3,17.0,102.0,96.3,96.3,62.1,67.0,64.6,0.0,0.0,0.0,999.9,999.9,999.9,18,8.4,8.6
16585596,0723,80.7,80.6,81.0,57.6,47.4,45.7,873.6,892.8,884.5,9.7,14.4,13.9,6.3,7.6,7.8,18.1,16.3,16.8,102.0,96.3,96.8,66.0,67.0,64.8,0.0,0.0,0.0,999.9,999.9,999.9,18,8.5,9.2
16585596,0723,62.0,80.6,81.1,50.2,47.5,46.2,870.5,892.8,884.6,9.9,14.4,13.9,6.6,7.6,7.7,13.0,16.3,17.0,90.0,96.4,96.8,75.0,67.0,64.8,0.01,0.0,0.0,999.9,999.9,999.9,0,8.6,9.8
16585596,0723,88.8,80.5,80.5,49.2,47.5,46.2,871.4,892.8,884.5,9.9,14.4,13.8,10.6,7.6,7.7,18.1,16.3,17.0,98.1,96.3,96.9,66.0,67.0,65.4,0.02,0.0,0.0,999.9,999.9,999.9,0,8.6,9.8
16585596,0723,81.1,80.5,80.6,41.4,47.5,46.5,873.6,892.8,884.6,30.7,14.4,13.4,3.7,7.6,7.8,13.0,16.3,17.0,93.9,96.4,96.8,71.1,67.0,65.4,0.11,0.0,0.0,999.9,999.9,999.9,18,8.6,9.8
16585596,0723,89.6,80.6,80.9,33.1,47.5,46.4,869.7,892.8,884.6,22.2,14.6,14.1,6.2,7.6,7.7,10.1,16.3,16.7,93.0,96.3,97.0,70.0,67.0,65.6,0.0,0.0,0.0,999.9,999.9,999.9,18,8.6,10.4
16585596,0723,76.7,80.6,81.2,55.9,47.4,45.8,869.0,892.8,884.5,10.0,14.6,14.5,3.7,7.6,7.5,19.0,16.3,16.5,102.0,96.4,96.7,66.0,67.0,65.6,0.0,0.0,0.0,999.9,999.9,999.9,0,8.6,11.0
16585596,0723,88.1,80.6,81.1,39.9,47.4,45.8,872.7,892.8,884.4,10.0,14.6,14.5,5.3,7.6,7.3,13.0,16.3,16.7,102.0,96.4,96.8,72.0,67.0,65.8,0.0,0.0,0.0,999.9,999.9,999.9,0,8.5,11.0
16585596,0723,82.7,80.6,81.2,47.2,47.3,45.7,872.4,892.1,884.4,9.8,14.6,14.5,8.8,7.6,7.3,15.0,16.3,16.8,102.9,96.4,97.0,71.1,67.0,66.0,0.0,0.0,0.0,999.9,999.9,999.9,18,8.5,10.4
16585596,0723,80.7,80.6,81.3,52.0,47.3,45.8,869.6,892.1,884.4,20.3,14.6,14.5,5.3,7.6,7.3,34.0,16.3,16.7,95.0,96.5,97.0,61.0,67.0,65.9,0.0,0.0,0.0,999.9,999.9,999.9,0,8.5,9.4
16585596,0723,77.5,80.6,81.0,55.6,47.3,45.9,871.0,892.1,884.4,22.2,14.7,14.8,6.6,7.6,7.3,19.0,16.4,17.3,79.0,96.4,96.8,61.0,67.0,65.8,0.11,0.0,0.0,999.9,999.9,999.9,0,8.5,9.4
16585596,0723,82.8,80.6,80.7,45.0,47.3,46.4,999.9,891.4,884.4,9.9,14.6,15.2,8.2,7.6,7.3,18.1,16.4,17.4,89.1,96.3,96.3,63.0,67.0,65.8,0.0,0.0,0.0,999.9,999.9,999.9,0,8.5,9.4
16585596,0723,86.8,80.5,80.8,44.6,47.3,46.4,871.4,892.1,888.6,10.0,14.5,15.1,10.6,7.6,7.4,18.1,16.5,17.4,104.0,96.3,96.1,73.0,67.0,65.8,0.0,0.0,0.0,999.9,999.9,999.9,0,8.5,9.4
16585596,0723,88.8,80.6,80.9,54.5,47.4,46.3,870.0,892.1,888.7,9.9,14.3,14.7,10.4,7.6,7.5,12.0,16.5,17.5,99.0,96.4,96.4,61.0,67.0,66.4,0.0,0.0,0.0,999.9,999.9,999.9,0,8.4,8.8
16585596,0723,87.8,80.6,81.2,45.2,47.4,46.3,871.4,892.1,888.6,14.9,14.3,14.7,9.3,7.6,7.6,13.0,16.5,17.4,79.0,96.4,96.6,70.0,66.9,66.2,0.0,0.0,0.0,999.9,999.9,999.9,18,8.4,8.8
16585596,0723,79.9,80.6,81.2,54.5,47.3,46.3,872.4,891.4,888.6,9.9,14.4,14.9,6.2,7.6,7.5,19.0,16.4,17.5,89.1,96.3,96.3,71.1,67.0,66.2,0.0,0.0,0.0,999.9,999.9,999.9,0,8.5,8.8
16585596,0723,62.0,80.6,81.0,54.6,47.3,46.8,869.7,891.4,888.7,9.9,14.4,14.9,3.7,7.6,7.5,18.1,16.4,17.7,95.0,96.2,96.0,63.0,67.0,66.6,0.11,0.0,0.0,999.9,999.9,999.9,18,8.4,8.8
16585596,0723,88.8,80.5,80.4,41.4,47.4,47.2,872.4,891.4,888.7,20.3,14.4,14.9,6.6,7.6,7.4,12.0,16.4,17.7,99.0,96.2,95.9,66.9,66.9,66.9,0.0,0.0,0.0,999.9,999.9,999.9,0,8.5,9.4
16585596,0723,87.8,80.5,80.8,57.6,47.3,47.3,999.9,890.7,888.8,9.9,14.4,14.2,5.6,7.6,7.3,24.3,16.4,17.4,93.0,96.2,95.7,62.1,66.9,66.8,0.33,0.0,0.0,999.9,999.9,999.9,0,8.4,8.8
16585596,0723,87.8,80.6,81.5,48.9,47.4,47.4,871.5,891.4,893.1,9.8,14.4,14.2,10.4,7.6,7.2,15.9,16.4,17.6,93.9,96.2,95.4,66.0,66.9,66.5,0.02,0.0,0.0,999.9,999.9,999.9,18,8.4,8.2
16585596,0723,88.1,80.6,81.6,45.0,47.3,47.6,999.9,891.4,888.8,10.0,14.3,13.9,5.3,7.6,7.3,19.0,16.4,17.5,95.0,96.3,95.2,61.0,66.8,66.2,0.0,0.0,0.0,999.9,999.9,999.9,0,8.5,8.8
16585596,0723,77.1,80.7,82.0,49.3,47.4,47.5,870.5,892.1,893.1,9.9,14.3,13.9,4.7,7.6,7.2,34.0,16.4,17.7,102.0,96.3,95.2,62.1,66.8,66.4,0.0,0.0,0.0,999.9,999.9,999.9,0,8.5,8.2
16585596,0723,79.9,80.7,81.9,45.0,47.4,47.6,866.4,892.1,893.0,9.9,14.3,13.7,10.2,7.6,7.0,11.1,16.5,17.8,104.0,96.2,95.6,73.9,66.7,66.3,0.17,0.0,0.0,999.9,999.9,999.9,0,8.5,8.2
16585596,0723,78.3,80.6,81.9,48.9,47.3,47.9,872.9,892.1,892.8,10.0,14.3,13.7,8.1,7.6,7.2,20.0,16.5,17.6,102.9,96.2,96.1,62.1,66.7,66.5,0.15,0.0,0.0,999.9,999.9,999.9,18,8.4,6.6
16585596,0723,89.6,80.6,81.7,34.9,47.3,47.8,870.5,892.1,888.5,20.3,14.3,13.7,10.2,7.6,7.1,15.9,16.5,17.2,98.1,96.3,96.6,66.9,66.7,66.3,0.0,0.0,0.0,999.9,999.9,999.9,16,8.5,7.2
16585596,0723,62.0,80.7,82.0,57.6,47.3,47.1,872.7,892.1,884.2,9.8,14.4,13.9,6.4,7.6,7.3,19.0,16.6,17.2,95.0,96.3,96.5,54.0,66.7,66.6,0.33,0.0,0.0,999.9,999.9,999.9,0,8.6,7.1
16585596,0723,88.1,80.6,81.5,48.9,47.3,47.2,999.9,892.1,884.2,9.9,14.3,13.8,9.8,7.6,7.4,34.0,16.6,17.3,87.1,96.3,96.2,54.0,66.6,66.5,0.0,0.0,0.0,999.9,999.9,999.9,0,8.6,6.5
16585596,0723,82.3,80.6,81.8,57.5,47.3,47.2,872.7,892.8,888.5,13.5,14.3,13.7,9.8,7.6,7.5,13.0,16.6,17.6,79.0,96.2,95.8,61.0,66.5,65.7,0.02,0.0,0.0,999.9,999.9,999.9,0,8.6,6.5
16585596,0723,81.1,80.6,81.9,52.0,47.4,47.9,869.5,892.8,888.4,9.8,14.3,13.8,4.9,7.6,7.7,31.1,16.7,17.7,95.0,96.1,95.3,62.1,66.5,65.5,0.0,0.0,0.0,999.9,999.9,999.9,0,8.5,6.5
16585596,0723,81.1,80.7,81.9,57.6,47.5,48.5,999.9,892.1,888.4,13.5,14.3,13.8,4.7,7.6,7.5,24.1,16.8,18.1,98.1,96.1,95.4,66.0,66.4,65.5,0.0,0.0,0.0,999.9,999.9,999.9,48,8.4,5.9
16585596,0723,79.9,80.7,81.6,55.9,47.5,48.9,872.4,892.1,892.6,9.9,14.1,12.9,9.9,7.6,7.3,12.0,16.8,18.5,98.1,96.0,95.2,62.1,66.4,65.3,0.0,0.0,0.0,999.9,999.9,999.9,0,8.6,7.5
16585596,0723,86.6,80.7,81.6,45.0,47.5,49.4,871.5,891.4,892.6,10.0,14.1,12.9,6.3,7.6,7.3,11.1,16.8,18.5,87.1,96.1,95.1,71.1,66.3,65.3,0.11,0.0,0.0,999.9,999.9,999.9,2,8.6,6.9
16585596,0723,62.0,80.7,81.8,37.5,47.5,48.9,872.4,891.4,892.6,10.0,14.1,12.9,6.3,7.6,7.3,15.0,16.8,18.3,99.0,96.1,94.6,73.0,66.3,65.5,0.0,0.0,0.0,999.9,999.9,999.9,48,8.6,6.4
16585596,0723,76.7,80.6,81.8,54.6,47.4,48.5,999.9,891.4,892.6,9.9,14.1,12.9,10.2,7.6,7.3,18.1,16.7,18.4,93.0,96.1,94.9,66.9,66.4,65.5,0.0,0.0,0.0,999.9,999.9,999.9,0,8.6,8.0
16585596,0723,87.8,80.6,81.4,47.1,47.4,48.7,866.4,892.1,896.9,10.0,14.1,12.9,4.9,7.6,7.2,10.1,16.7,18.4,89.1,96.1,94.7,71.1,66.4,65.5,0.0,0.0,0.0,999.9,999.9,999.9,2,8.5,8.0
16585596,0723,89.6,80.6,81.6,41.4,47.5,48.9,869.5,892.1,896.7,10.0,14.1,12.2,9.8,7.6,7.3,34.0,16.7,18.3,104.0,96.1,94.6,54.0,66.5,65.5,0.0,0.0,0.0,999.9,999.9,999.9,18,8.4,7.5
16585596,0723,74.2,80.6,81.6,54.6,47.4,49.2,873.0,891.4,896.7,10.0,13.9,11.8,7.8,7.6,7.4,26.0,16.9,19.1,93.0,96.1,94.9,75.9,66.4,64.9,0.0,0.0,0.0,999.9,999.9,999.9,18,8.5,7.5
16585596,0723,85.2,80.6,81.5,37.5,47.4,49.1,866.4,891.4,896.8,14.9,13.9,11.8,6.9,7.6,7.5,12.0,16.9,19.3,99.0,96.1,94.6,62.1,66.5,65.3,0.0,0.0,0.0,999.9,999.9,999.9,18,8.6,8.1
16585596,0723,78.3,80.6,81.4,33.1,47.4,49.0,999.9,891.3,896.6,10.0,13.9,11.9,8.7,7.6,7.6,19.0,16.9,19.3,102.9,96.2,94.5,54.0,66.4,64.9,0.33,0.0,0.0,999.9,999.9,999.9,18,8.7,8.7
16585596,0723,82.8,80.5,81.3,33.1,47.3,48.6,870.4,892.1,900.9,10.0,13.9,11.9,4.7,7.6,7.6,15.0,16.9,19.4,102.0,96.2,94.5,66.0,66.4,64.4,0.0,0.0,0.1,999.9,999.9,999.9,0,8.8,8.7
16585596,0723,78.4,80.6,81.4,33.1,47.2,47.9,871.4,892.1,900.9,14.9,13.9,11.6,5.6,7.6,7.6,8.9,16.9,18.8,104.0,96.3,94.8,57.9,66.3,64.5,0.0,0.0,0.1,999.9,999.9,999.9,0,8.8,8.7
16585596,0723,76.4,80.5,81.4,57.6,47.1,47.2,869.6,892.1,900.9,10.0,14.0,11.4,9.3,7.6,7.5,10.1,16.8,18.4,95.0,96.3,95.6,71.1,66.3,64.4,0.0,0.0,0.1,999.9,999.9,999.9,0,8.8,8.7
16585596,0723,80.7,80.5,81.2,34.9,47.3,47.6,873.5,892.0,896.5,9.9,14.0,11.4,8.1,7.6,7.6,15.9,16.8,18.2,102.9,96.3,95.8,57.9,66.3,64.7,0.0,0.0,0.1,999.9,999.9,999.9,0,8.7,8.7
16585596,0723,77.5,80.4,81.0,49.3,47.1,47.3,869.5,892.0,896.6,9.7,14.0,11.4,8.8,7.6,7.5,18.1,16.8,18.1,95.0,96.3,95.8,64.9,66.3,64.2,0.0,0.0,0.1,999.9,999.9,999.9,0,8.7,8.7
16585596,0723,77.5,80.4,80.6,54.6,47.1,47.1,999.9,892.0,896.6,13.5,14.0,11.3,5.1,7.7,7.4,31.1,16.8,18.3,99.0,96.3,95.6,64.9,66.2,64.3,0.0,0.0,0.1,999.9,999.9,999.9,0,8.6,8.7
16585596,0723,80.9,80.5,80.2,41.4,47.2,47.4,871.0,892.0,900.9,20.3,14.0,11.3,4.9,7.6,7.3,11.1,16.8,18.9,90.0,96.3,96.3,66.0,66.2,64.2,0.0,0.0,0.1,999.9,999.9,999.9,2,8.6,8.1
16585596,0723,88.8,80.5,80.3,58.4,47.1,47.0,869.6,892.0,900.8,22.2,13.9,11.7,8.7,7.6,7.3,14.0,16.8,18.6,99.0,96.3,96.3,57.9,66.2,64.0,0.02,0.0,0.1,999.9,999.9,999.9,18,8.6,8.1
16585596,0723,79.9,80.6,81.2,45.0,47.2,47.1,866.4,892.0,900.8,10.0,13.9,12.1,10.2,7.6,7.4,11.1,16.7,18.5,90.0,96.3,96.5,64.9,66.2,63.8,0.0,0.0,0.0,999.9,999.9,999.9,18,8.6,8.1
16585596,0723,77.5,80.6,80.9,34.9,47.3,47.2,873.0,891.3,900.6,9.8,13.9,11.7,6.4,7.7,7.5,15.9,16.7,18.5,90.0,96.3,96.2,66.2,66.2,63.8,0.0,0.0,0.0,999.9,999.9,999.9,0,8.7,8.7
16585596,0723,78.3,80.6,80.5,54.1,47.2,46.5,873.6,890.6,896.4,9.9,13.9,11.7,5.6,7.7,7.6,31.1,16.7,18.2,91.9,96.3,96.1,71.1,66.2,63.9,0.11,0.0,0.0,999.9,999.9,999.9,0,8.6,8.7
16585596,0723,86.8,80.6,80.2,34.9,47.3,46.7,866.4,889.9,896.5,10.0,13.9,11.7,9.8,7.6,7.4,19.0,16.8,18.7,79.0,96.3,96.0,71.1,66.2,64.1,0.0,0.0,0.0,999.9,999.9,999.9,48,8.5,8.1
16585596,0723,85.4,80.6,80.2,40.5,47.2,46.3,999.9,889.9,892.0,41.0,13.9,11.7,6.4,7.7,7.6,13.0,16.8,18.7,98.1,96.2,95.5,75.0,66.2,64.4,0.0,0.0,0.0,999.9,999.9,999.9,0,8.6,9.7
16585596,0723,80.9,80.6,80.5,54.5,47.2,46.0,999.9,890.6,896.3,22.3,14.0,12.8,5.3,7.7,7.6,34.0,16.8,18.0,95.0,96.2,95.3,54.0,66.3,64.8,0.0,0.0,0.0,999.9,999.9,999.9,0,8.6,9.7
16585596,0723,85.4,80.6,80.5,41.2,47.2,46.3,871.5,891.3,900.8,10.0,14.0,13.2,7.8,7.6,7.5,18.1,16.9,18.8,93.0,96.2,95.0,62.1,66.2,64.2,0.0,0.0,0.0,999.9,999.9,999.9,0,8.6,9.7
16585596,0723,81.1,80.7,80.7,45.0,47.2,46.1,870.0,891.3,900.7,41.0,14.0,13.2,6.2,7.6,7.4,15.0,16.9,18.7,93.0,96.2,94.7,71.1,66.1,64.2,0.0,0.0,0.0,999.9,999.9,999.9,0,8.5,9.1
16585596,0723,82.3,80.6,80.4,49.2,47.2,46.4,873.6,891.3,900.7,10.0,14.2,13.9,5.3,7.6,7.3,34.0,16.9,18.7,90.0,96.1,94.5,63.0,66.2,64.3,0.0,0.0,0.0,999.9,999.9,999.9,18,8.4,8.6
16585596,0723,78.3,80.6,81.1,50.9,47.2,46.1,868.1,891.3,900.8,9.7,14.2,13.9,6.9,7.6,7.3,24.3,17.0,19.2,95.0,96.1,94.4,72.0,66.2,64.6,0.03,0.0,0.0,999.9,999.9,999.9,0,8.4,9.2
16585596,0723,81.8,80.6,80.8,47.1,47.2,46.2,866.4,891.3,896.4,10.0,14.2,13.9,5.3,7.6,7.2,13.0,17.0,18.8,99.0,96.1,94.6,66.9,66.2,65.2,0.0,0.0,0.0,999.9,999.9,999.9,48,8.4,9.2
16585596,0723,86.6,80.6,80.8,55.9,47.2,45.9,869.5,891.3,896.1,10.0,14.2,13.7,11.6,7.6,7.0,15.9,17.0,18.8,99.0,96.1,95.3,57.9,66.1,65.4,0.0,0.0,0.0,999.9,999.9,999.9,0,8.6,10.8
16585596,0723,86.6,80.6,81.0,57.6,47.2,46.0,999.9,891.3,896.1,9.7,14.2,13.7,11.6,7.6,7.3,13.0,17.0,18.3,89.1,96.1,95.4,62.1,66.1,65.3,0.15,0.0,0.0,999.9,999.9,999.9,48,8.5,10.8
16585596,0723,85.2,80.6,81.1,57.6,47.3,46.0,999.9,891.3,896.1,13.5,14.2,13.6,8.8,7.6,7.5,20.0,16.9,18.0,88.7,96.0,95.1,71.1,66.2,65.1,0.0,0.0,0.0,999.9,999.9,999.9,16,8.7,10.8
16585596,0723,80.9,80.7,81.3,47.1,47.3,46.1,868.1,891.9,900.4,10.0,14.2,13.7,6.3,7.6,7.4,19.0,16.9,18.2,95.0,96.0,94.8,64.9,66.2,65.4,0.17,0.0,0.0,999.9,999.9,999.9,18,8.7,11.3
16585596,0723,82.8,80.7,81.1,41.4,47.3,46.1,999.9,891.9,900.3,10.0,14.2,13.7,4.7,7.7,7.4,31.1,17.0,18.5,98.1,96.0,95.1,61.0,66.2,65.2,0.0,0.0,0.0,999.9,999.9,999.9,16,8.8,11.9
16585596,0723,83.0,80.7,81.8,44.6,47.3,46.3,866.4,892.7,904.5,9.8,14.2,13.7,10.1,7.6,7.4,11.1,17.1,19.0,102.9,96.1,95.1,71.1,66.2,64.8,0.0,0.0,0.0,999.9,999.9,999.9,0,8.8,10.8
16585596,0723,82.7,80.7,82.0,55.6,47.2,45.9,999.9,892.7,900.1,9.7,14.2,13.7,5.3,7.6,7.4,31.1,17.0,18.8,100.0,96.1,95.4,62.1,66.2,65.0,0.0,0.0,0.0,999.9,999.9,999.9,0,8.7,10.8
16585596,0723,79.3,80.7,81.9,54.6,47.2,46.2,871.0,892.7,904.5,10.0,14.2,13.7,8.1,7.6,7.4,14.0,17.1,19.5,89.1,96.1,95.8,68.0,66.2,64.7,0.01,0.0,0.0,999.9,999.9,999.9,0,8.7,10.7
16585596,0723,82.3,80.7,81.5,44.6,47.3,46.6,873.6,892.0,904.6,30.7,14.2,13.7,6.4,7.6,7.3,13.0,17.1,18.8,99.0,96.1,95.3,62.2,66.2,65.1,0.0,0.0,0.0,999.9,999.9,999.9,18,8.6,10.1
16585596,0723,78.3,80.7,81.8,54.6,47.3,46.3,873.0,892.0,904.6,10.0,14.3,14.4,10.2,7.6,7.3,14.0,17.1,18.4,104.0,96.2,95.5,66.0,66.1,64.7,0.0,0.0,0.0,999.9,999.9,999.9,2,8.7,10.1
16585596,0723,62.0,80.8,81.6,58.4,47.4,46.9,868.1,892.0,904.8,10.0,14.3,14.3,6.5,7.6,7.4,14.0,17.1,18.5,102.9,96.2,95.6,73.9,66.1,64.8,0.0,0.0,0.0,999.9,999.9,999.9,18,8.7,9.6
16585596,0723,82.3,80.7,81.0,45.2,47.5,47.7,870.5,892.0,900.4,9.9,14.3,14.3,3.7,7.6,7.3,18.1,17.1,18.3,104.0,96.3,95.6,62.1,66.2,65.5,0.0,0.0,0.0,999.9,999.9,999.9,2,8.8,9.6
16585596,0723,80.7,80.7,81.0,44.6,47.5,48.1,866.4,892.0,900.4,10.0,14.3,14.2,10.2,7.6,7.3,10.1,17.2,18.4,99.0,96.3,95.7,66.0,66.1,65.3,0.0,0.0,0.0,999.9,999.9,999.9,0,8.8,9.7
16585596,0723,85.4,80.7,81.1,57.5,47.4,48.5,872.9,891.9,900.3,10.0,14.2,14.1,5.3,7.6,7.5,34.0,17.0,18.4,93.9,96.3,95.5,57.9,66.1,65.6,0.0,0.0,0.0,999.9,999.9,999.9,0,8.7,9.7
16585596,0723,83.0,80.7,81.4,50.2,47.4,48.5,872.7,892.0,900.4,20.3,14.1,14.1,9.9,7.6,7.3,10.1,17.2,19.2,95.0,96.3,95.5,68.0,66.1,65.2,0.02,0.0,0.0,999.9,999.9,999.9,0,8.6,9.7
16585596,0723,77.1,80.8,81.5,55.9,47.4,49.0,873.5,892.0,900.4,10.0,14.1,14.4,9.5,7.6,7.4,11.1,17.2,19.0,91.9,96.3,95.2,62.1,66.2,65.5,0.0,0.0,0.0,999.9,999.9,999.9,0,8.6,9.7
16585596,0723,76.7,80.8,81.4,54.5,47.5,49.2,870.5,891.3,900.5,9.8,14.1,14.4,8.1,7.6,7.4,13.0,17.1,18.8,104.0,96.2,95.1,66.0,66.1,65.4,0.0,0.0,0.0,999.9,999.9,999.9,0,8.6,9.7
16585596,0723,88.8,80.8,81.4,57.6,47.5,49.2,869.5,891.2,896.2,10.0,14.1,14.3,5.6,7.6,7.5,13.0,17.1,18.2,102.0,96.3,95.3,71.1,66.1,65.5,0.0,0.0,0.0,999.9,999.9,999.9,18,8.5,9.7
16585596,0723,80.9,80.9,81.7,45.2,47.6,49.8,869.5,890.5,896.1,9.9,14.0,14.0,9.3,7.6,7.5,13.0,17.1,18.3,95.0,96.4,95.7,62.1,66.2,65.6,0.0,0.0,0.0,999.9,999.9,999.9,0,8.5,10.2
16585596,0723,77.1,80.9,81.4,33.1,47.5,49.3,999.9,890.5,896.1,20.3,14.0,13.6,6.9,7.6,7.5,24.1,17.1,18.2,99.0,96.3,95.6,57.9,66.1,65.8,0.17,0.0,0.0,999.9,999.9,999.9,0,8.4,9.6
16585596,0723,62.0,80.9,81.3,44.1,47.3,48.9,870.0,891.2,900.6,10.0,13.9,13.9,9.9,7.5,7.4,10.1,17.2,18.7,99.0,96.3,95.9,62.1,66.1,65.5,0.15,0.0,0.0,999.9,999.9,999.9,18,8.4,9.0
16585596,0723,83.0,80.8,80.8,57.5,47.3,49.2,999.9,890.5,900.5,10.0,13.9,13.9,6.5,7.6,7.6,13.0,17.1,18.5,99.0,96.4,96.2,64.9,66.1,65.4,0.0,0.0,0.0,999.9,999.9,999.9,2,8.4,9.6
16585596,0723,80.3,80.9,81.0,48.9,47.3,49.4,999.9,891.2,904.7,9.7,13.9,13.9,10.4,7.5,7.6,13.0,17.0,17.9,93.9,96.3,96.4,73.9,66.1,65.2,0.0,0.0,0.0,999.9,999.9,999.9,0,8.3,9.7
16585596,0723,74.2,80.8,80.7,33.1,47.3,49.8,869.5,891.2,909.1,10.0,13.7,13.9,9.8,7.6,7.6,14.0,17.0,17.7,102.0,96.3,96.9,64.9,66.1,65.3,0.0,0.0,0.0,999.9,999.9,999.9,18,8.2,8.1
16585596,0723,76.4,80.9,80.4,54.1,47.3,49.6,869.5,891.1,904.8,9.9,13.7,12.9,6.6,7.6,7.7,10.1,17.0,17.7,102.0,96.4,97.0,57.0,66.1,64.9,0.0,0.0,0.0,999.9,999.9,999.9,2,8.3,8.7
16585596,0723,76.7,80.9,80.2,46.5,47.3,49.6,873.5,891.1,900.4,41.0,13.7,12.5,6.2,7.6,7.8,18.1,17.0,16.9,90.0,96.4,97.3,66.0,66.0,65.0,0.02,0.0,0.0,999.9,999.9,999.9,0,8.3,8.7
16585596,0723,80.7,80.9,79.9,37.5,47.3,49.7,868.1,891.1,900.5,10.0,13.9,13.5,8.8,7.6,7.7,14.0,17.0,16.9,95.0,96.3,97.2,66.9,66.0,65.2,0.0,0.0,0.0,999.9,999.9,999.9,16,8.3,8.7
16585596,0723,80.9,80.8,79.9,47.1,47.3,49.5,866.4,890.4,900.4,22.3,13.9,12.5,9.3,7.6,7.8,15.0,17.0,16.9,102.0,96.3,97.2,62.1,66.0,65.0,0.0,0.0,0.0,999.9,999.9,999.9,18,8.4,9.3
16585596,0723,85.2,80.8,79.9,57.6,47.3,49.4,870.4,890.3,900.2,10.0,13.8,12.9,4.7,7.6,7.9,11.1,17.0,16.2,98.1,96.3,97.6,70.0,66.0,65.0,0.0,0.0,0.0,999.9,999.9,999.9,0,8.4,9.3
16585596,0723,82.8,80.9,80.1,52.0,47.4,49.6,873.6,890.4,900.3,14.9,13.7,12.9,6.4,7.6,7.9,15.0,17.0,15.8,99.0,96.3,97.7,63.0,66.0,64.9,0.11,0.0,0.0,999.9,999.9,999.9,18,8.4,9.3
16585596,0723,82.7,80.9,80.1,39.9,47.5,49.8,871.0,890.4,900.5,10.0,13.6,13.0,8.8,7.6,7.9,8.9,16.9,15.9,91.9,96.3,97.7,71.1,66.0,64.8,0.0,0.0,0.0,999.9,999.9,999.9,18,8.4,8.3
16585596,0723,78.4,80.9,80.0,54.5,47.4,49.3,870.4,889.6,900.6,9.9,13.6,13.0,4.9,7.6,7.8,34.0,16.8,15.6,104.0,96.3,97.5,71.1,66.1,65.2,0.0,0.0,0.0,999.9,999.9,999.9,18,8.4,8.9
16585596,0723,82.8,81.0,79.7,44.1,47.4,49.2,870.5,889.6,896.3,9.9,13.6,13.1,4.7,7.6,7.6,22.0,16.9,16.3,93.9,96.3,98.0,64.9,66.1,65.5,0.0,0.0,0.0,999.9,999.9,999.9,18,8.4,7.9
16585596,0723,76.4,80.9,79.6,47.2,47.5,48.7,872.4,889.6,891.9,13.5,13.6,12.9,6.2,7.5,7.4,8.9,16.9,16.4,98.1,96.2,98.2,57.0,66.2,65.3,0.0,0.0,0.0,999.9,999.9,999.9,0,8.5,7.9
16585596,0723,79.9,80.9,79.5,49.2,47.4,48.7,999.9,889.6,892.1,22.3,13.6,13.0,5.1,7.5,7.4,13.0,16.8,16.1,93.0,96.2,98.3,70.0,66.1,65.1,0.0,0.0,0.0,999.9,999.9,999.9,0,8.5,7.3
16585596,0723,76.8,80.9,79.4,57.5,47.5,49.0,999.9,890.3,892.1,10.0,13.7,13.5,9.3,7.5,7.4,26.0,16.8,15.5,93.9,96.2,98.1,63.0,66.2,65.4,0.0,0.0,0.0,999.9,999.9,999.9,0,8.5,6.8
16585596,0723,79.3,80.9,79.2,50.9,47.5,49.4,870.4,891.1,896.5,22.3,13.7,13.5,6.4,7.5,7.4,8.9,16.9,16.0,93.0,96.2,97.8,59.0,66.1,65.1,0.03,0.0,0.0,999.9,999.9,999.9,18,8.4,6.8
16585596,0723,80.9,80.8,79.1,41.2,47.5,49.3,871.0,891.0,892.2,10.0,13.8,13.9,6.3,7.5,7.5,22.0,16.9,15.2,88.7,96.2,97.6,66.9,66.1,65.0,0.15,0.0,0.0,999.9,999.9,999.9,18,8.4,7.4
16585596,0723,85.4,80.8,79.1,34.9,47.4,48.8,999.9,891.0,892.2,9.8,13.8,13.9,6.2,7.5,7.4,11.1,16.9,15.5,79.0,96.1,97.5,73.9,66.2,65.0,0.0,0.0,0.0,999.9,999.9,999.9,18,8.5,8.0
16585596,0723,76.7,80.8,79.2,47.1,47.4,48.5,870.5,891.7,896.4,9.8,13.6,13.2,6.9,7.5,7.4,15.9,16.9,15.4,93.9,96.0,96.9,75.0,66.2,65.4,0.01,0.0,0.0,999.9,999.9,999.9,0,8.5,8.0
16585596,0723,76.8,80.8,79.2,54.6,47.3,48.2,999.9,891.8,896.3,20.3,13.6,13.2,8.8,7.5,7.3,10.1,16.9,15.5,102.9,96.0,96.5,70.0,66.2,65.7,0.0,0.0,0.0,999.9,999.9,999.9,18,8.4,7.9
16585596,0723,69.7,80.7,79.7,34.9,47.4,48.1,873.0,892.5,900.7,9.9,13.6,13.5,4.9,7.5,7.4,14.0,16.8,15.4,88.7,96.0,96.5,62.2,66.2,65.5,0.33,0.0,0.0,999.9,999.9,999.9,2,8.4,7.9
16585596,0723,79.9,80.7,79.3,44.1,47.3,47.8,873.6,892.5,900.8,10.0,13.6,13.5,6.2,7.5,7.4,10.1,16.8,15.2,88.7,96.0,96.0,62.2,66.2,65.5,0.03,0.0,0.0,999.9,999.9,999.9,18,8.4,7.9
16585596,0723,81.1,80.7,79.2,46.5,47.3,47.8,866.4,892.5,901.1,10.0,13.6,13.5,5.6,7.5,7.3,13.0,16.8,15.2,93.9,96.0,95.7,70.0,66.1,65.4,0.0,0.0,0.0,999.9,999.9,999.9,0,8.4,8.5
16585596,0723,76.7,80.7,79.1,54.5,47.2,47.4,999.9,892.5,900.8,9.9,13.6,13.5,4.9,7.5,7.3,15.9,16.7,14.5,90.0,96.0,95.7,71.1,66.1,65.8,0.01,0.0,0.0,999.9,999.9,999.9,18,8.3,8.5
16585596,0723,85.4,80.7,78.9,52.0,47.2,47.5,873.1,893.2,905.1,22.3,13.6,13.2,8.8,7.5,7.1,8.9,16.8,14.7,88.7,95.9,95.5,64.9,66.1,65.9,0.0,0.0,0.0,999.9,999.9,999.9,0,8.3,9.1
16585596,0723,85.2,80.8,79.2,49.3,47.3,47.4,872.4,892.5,905.1,22.3,13.5,13.6,6.5,7.5,7.1,18.1,16.7,14.6,89.1,95.9,95.4,71.1,66.1,66.0,0.0,0.0,0.0,999.9,999.9,999.9,0,8.2,9.1
16585596,0723,85.2,80.8,79.4,48.9,47.4,47.2,871.4,892.5,905.1,9.9,13.5,14.0,10.1,7.4,7.0,24.1,16.8,14.8,93.0,95.8,94.9,66.2,66.1,66.2,0.0,0.0,0.0,999.9,999.9,999.9,0,8.2,9.1
16585596,0723,85.4,80.8,79.3,54.1,47.4,46.9,868.1,892.5,905.2,14.9,13.5,14.0,5.3,7.4,7.2,20.0,16.8,15.2,79.0,95.8,94.6,70.0,66.1,66.0,0.0,0.0,0.0,999.9,999.9,999.9,18,8.2,8.5
16585596,0723,80.3,80.9,79.5,57.5,47.4,47.2,870.4,892.4,905.1,30.7,13.6,14.2,9.3,7.4,7.0,13.0,16.9,15.4,99.0,95.7,94.1,73.9,66.1,66.3,0.0,0.0,0.0,999.9,999.9,999.9,0,8.3,9.1
16585596,0723,78.3,80.9,79.6,54.1,47.5,48.0,871.4,892.4,900.8,9.9,13.7,14.5,6.2,7.4,7.1,10.1,16.9,15.0,90.0,95.7,94.1,57.9,66.1,66.8,0.0,0.0,0.0,999.9,999.9,999.9,0,8.3,9.1
16585596,0723,74.2,80.9,80.1,39.9,47.5,48.4,873.6,892.5,900.9,10.0,13.7,14.5,10.1,7.4,7.0,34.0,16.9,15.0,100.0,95.7,93.8,68.0,66.1,66.7,0.0,0.0,0.0,999.9,999.9,999.9,0,8.2,8.5
16585596,0723,80.3,80.9,79.8,41.4,47.4,47.8,873.5,891.7,896.7,9.8,13.7,14.5,4.9,7.4,7.1,24.1,17.0,15.7,93.9,95.8,93.8,57.9,66.1,66.8,0.0,0.0,0.0,999.9,999.9,999.9,16,8.2,8.5
16585596,0723,81.1,80.9,79.8,45.2,47.4,47.5,873.1,891.8,892.5,22.3,13.7,14.5,9.9,7.4,6.9,19.0,17.1,16.1,99.0,95.8,93.8,71.1,66.0,66.2,0.14,0.0,0.0,999.9,999.9,999.9,0,8.2,9.0
16585596,0723,81.8,80.8,80.1,54.6,47.3,47.9,872.9,891.8,892.6,10.0,13.7,14.9,8.1,7.4,6.9,34.0,17.0,16.3,99.0,95.9,93.7,61.0,66.0,66.4,0.17,0.0,0.0,999.9,999.9,999.9,2,8.2,8.4
16585596,0723,86.8,80.8,80.2,50.9,47.4,48.0,869.7,891.8,892.7,10.0,13.7,14.9,10.2,7.4,7.0,14.0,17.2,17.1,93.0,95.9,93.6,61.0,66.0,66.6,0.0,0.0,0.0,999.9,999.9,999.9,0,8.2,8.4
16585596,0723,77.1,80.9,80.6,57.2,47.3,48.1,869.5,891.8,892.6,10.0,13.7,13.9,5.3,7.4,7.1,22.0,17.2,16.9,104.0,95.8,93.7,57.9,66.0,66.4,0.0,0.0,0.0,999.9,999.9,999.9,18,8.2,8.4
16585596,0723,89.2,80.8,80.5,47.1,47.4,48.8,866.4,891.8,892.6,9.7,13.7,13.9,4.7,7.4,7.0,19.0,17.2,17.2,91.9,95.9,94.0,70.0,65.9,66.1,0.02,0.0,0.0,999.9,999.9,999.9,0,8.3,8.5
16585596,0723,76.4,80.9,80.7,39.9,47.3,48.8,866.4,891.7,892.6,9.8,13.7,13.5,10.2,7.4,6.9,15.9,17.2,17.3,87.1,95.8,93.7,75.9,65.9,66.4,0.0,0.0,0.0,999.9,999.9,999.9,0,8.2,7.9
16585596,0723,88.8,80.8,80.4,52.0,47.4,48.2,999.9,891.7,892.5,10.0,13.6,13.5,9.9,7.4,7.0,12.0,17.3,17.5,102.9,95.8,93.3,66.0,66.0,66.6,0.0,0.0,0.0,999.9,999.9,999.9,0,8.2,7.9
16585596,0723,79.3,80.8,80.6,54.6,47.4,48.2,869.5,892.4,896.7,9.9,13.5,13.3,5.3,7.4,7.2,13.0,17.2,17.4,99.0,95.8,93.4,57.0,65.9,66.7,0.15,0.0,0.0,999.9,999.9,999.9,0,8.1,7.3
16585596,0723,81.1,80.8,80.5,47.2,47.4,48.7,869.7,892.4,896.6,10.0,13.5,13.3,9.5,7.4,7.0,13.0,17.2,17.5,93.9,95.8,93.7,66.2,65.9,66.2,0.0,0.0,0.0,999.9,999.9,999.9,2,8.0,6.7
16585596,0723,86.8,80.8,80.6,45.2,47.3,48.4,873.5,892.4,896.6,39.8,13.5,13.3,10.6,7.4,7.2,19.0,17.2,16.8,93.0,95.7,93.3,66.9,65.9,66.0,0.0,0.0,0.0,999.9,999.9,999.9,18,7.9,6.1
16585596,0723,81.1,80.8,80.7,48.9,47.4,48.5,870.5,892.4,896.7,9.7,13.7,14.3,6.4,7.4,7.4,18.1,17.2,16.7,102.9,95.7,93.3,71.1,65.8,66.1,0.0,0.0,0.0,999.9,999.9,999.9,18,8.0,6.1
16585596,0723,79.3,80.8,80.9,48.9,47.4,48.5,873.1,892.4,896.6,22.2,13.7,14.2,9.8,7.4,7.4,24.3,17.2,17.0,95.0,95.7,93.5,62.2,65.8,66.6,0.01,0.0,0.0,999.9,999.9,999.9,48,8.1,6.7
16585596,0723,78.3,80.8,80.9,54.1,47.5,48.5,872.4,891.7,892.4,30.7,13.7,14.2,9.9,7.4,7.6,15.0,17.3,17.4,95.0,95.7,93.5,62.2,65.8,66.3,0.01,0.0,0.0,999.9,999.9,999.9,0,8.4,8.3
16585596,0723,82.8,80.8,80.9,39.9,47.5,48.4,869.0,891.7,888.2,9.8,13.9,14.9,6.5,7.4,7.6,15.9,17.2,17.1,95.0,95.7,93.6,62.1,65.7,66.3,0.0,0.0,0.0,999.9,999.9,999.9,0,8.3,8.3
16585596,0723,79.3,80.8,81.0,44.6,47.5,48.0,873.6,891.7,888.1,20.3,13.7,14.4,6.4,7.4,7.6,15.9,17.3,17.3,93.9,95.7,93.6,59.0,65.7,66.4,0.0,0.0,0.0,999.9,999.9,999.9,18,8.2,7.7
16585596,0723,80.7,80.8,81.0,39.9,47.5,48.1,866.4,891.7,888.2,10.0,13.7,14.8,9.8,7.4,7.6,17.1,17.3,17.1,102.9,95.7,93.8,62.1,65.7,66.1,0.0,0.0,0.0,999.9,999.9,999.9,0,8.3,7.7
16585596,0723,83.0,80.8,80.8,57.5,47.5,48.3,873.6,891.7,883.8,10.0,13.7,14.8,5.6,7.4,7.7,11.1,17.3,17.3,93.9,95.7,94.6,59.0,65.6,65.7,0.0,0.0,0.0,999.9,999.9,999.9,18,8.2,7.1
16585596,0723,82.7,80.8,81.0,39.9,47.5,48.7,875.8,891.7,883.9,9.9,13.6,14.8,10.2,7.4,7.7,20.0,17.3,17.1,90.0,95.8,94.6,66.9,65.6,65.2,0.0,0.0,0.0,999.9,999.9,999.9,0,8.3,7.7
16585596,0723,81.1,80.8,81.2,57.2,47.5,48.2,999.9,891.7,879.7,9.8,13.4,14.5,8.1,7.4,7.7,18.1,17.3,17.5,91.9,95.7,94.2,66.9,65.5,65.1,0.0,0.0,0.0,999.9,999.9,999.9,0,8.3,7.1
16585596,0723,74.2,80.8,81.6,45.0,47.6,48.9,873.6,892.4,884.0,41.0,13.4,14.5,4.7,7.4,7.8,13.0,17.3,17.6,99.0,95.7,94.3,75.9,65.5,65.3,0.11,0.0,0.0,999.9,999.9,999.9,18,8.2,7.1
16585596,0723,77.5,80.8,81.4,55.9,47.5,48.9,872.4,892.4,884.0,10.0,13.6,15.5,8.2,7.4,7.8,14.0,17.3,17.7,88.7,95.7,94.6,73.9,65.6,65.7,0.17,0.0,0.0,999.9,999.9,999.9,18,8.3,7.1
16585596,0723,76.7,80.7,81.3,41.4,47.5,49.2,872.7,892.4,884.2,9.9,13.5,15.5,6.9,7.4,7.8,11.1,17.3,17.7,102.0,95.6,94.5,62.2,65.7,65.8,0.0,0.0,0.0,999.9,999.9,999.9,0,8.4,7.7
16585596,0723,78.4,80.7,81.3,37.5,47.4,48.8,870.4,892.5,879.9,14.9,13.5,15.5,5.3,7.4,7.9,34.0,17.1,17.6,99.0,95.6,94.9,64.9,65.6,65.5,0.0,0.0,0.0,999.9,999.9,999.9,0,8.4,7.1
16585596,0723,76.7,80.7,81.1,50.2,47.3,48.3,999.9,892.5,879.8,10.0,13.5,15.2,6.5,7.4,7.8,15.0,17.3,18.4,104.0,95.7,95.2,68.0,65.6,65.5,0.0,0.0,0.0,999.9,999.9,999.9,0,8.4,7.1
16585596,0723,78.4,80.7,80.8,45.2,47.4,48.4,871.5,893.2,884.1,9.7,13.5,14.8,6.5,7.4,7.8,11.1,17.3,18.3,99.0,95.7,95.7,63.0,65.7,65.4,0.0,0.0,0.0,999.9,999.9,999.9,0,8.4,7.1
16585596,0723,89.6,80.8,80.6,47.1,47.4,48.2,872.4,893.2,884.1,10.0,13.5,14.8,10.1,7.4,7.7,20.0,17.3,17.9,93.0,95.8,95.9,64.9,65.6,65.3,0.0,0.0,0.0,999.9,999.9,999.9,0,8.4,7.1
16585596,0723,78.3,80.9,80.7,58.4,47.4,48.0,873.0,893.2,884.2,13.5,13.5,14.7,5.6,7.4,7.8,14.0,17.3,17.9,87.1,95.7,96.4,64.9,65.6,65.2,0.0,0.0,0.0,999.9,999.9,999.9,0,8.4,6.5
16585596,0723,81.1,80.8,80.6,55.9,47.6,48.0,999.9,893.2,884.3,30.7,13.5,14.1,6.9,7.4,7.7,10.1,17.3,17.9,93.0,95.6,96.0,62.1,65.6,64.9,0.11,0.0,0.0,999.9,999.9,999.9,0,8.4,6.5
16585596,0723,76.4,80.8,80.7,44.6,47.7,48.1,869.5,893.2,888.6,39.8,13.7,14.8,3.7,7.4,7.7,11.1,17.2,17.9,93.0,95.6,96.1,73.0,65.6,65.0,0.02,0.0,0.0,999.9,999.9,999.9,18,8.3,6.5
16585596,0723,78.4,80.8,80.8,57.6,47.6,48.2,866.4,893.2,888.5,10.0,13.8,15.8,11.6,7.4,7.5,19.0,17.2,17.1,102.0,95.6,95.8,72.0,65.6,65.2,0.0,0.0,0.0,999.9,999.9,999.9,0,8.3,7.1
16585596,0723,69.7,80.8,80.7,54.6,47.7,48.8,869.7,893.2,888.2,10.0,13.8,15.8,4.7,7.4,7.7,10.1,17.2,17.0,89.1,95.7,96.1,62.2,65.6,65.6,0.02,0.0,0.0,999.9,999.9,999.9,0,8.2,6.5
16585596,0723,81.1,80.7,80.4,46.5,47.8,49.1,873.0,893.2,888.1,39.8,13.8,15.4,5.6,7.4,7.6,10.1,17.2,16.7,104.0,95.6,95.8,73.9,65.6,65.3,0.15,0.0,0.0,999.9,999.9,999.9,0,8.2,6.5
16585596,0723,82.7,80.8,80.3,49.2,47.8,48.8,873.0,893.2,888.1,9.9,13.9,16.4,6.6,7.4,7.5,17.1,17.2,15.9,95.0,95.6,95.9,70.0,65.6,65.8,0.0,0.0,0.0,999.9,999.9,999.9,16,8.2,6.5
16585596,0723,81.1,80.7,80.2,58.4,47.8,48.8,873.0,892.5,888.2,10.0,13.9,16.4,8.2,7.4,7.4,13.0,17.2,16.0,93.9,95.6,96.0,70.0,65.6,66.1,0.0,0.0,0.0,999.9,999.9,999.9,0,8.3,7.0
16585596,0723,85.2,80.7,80.3,54.5,47.9,48.8,999.9,892.5,888.3,9.8,13.9,16.4,4.7,7.4,7.5,14.0,17.2,15.7,95.0,95.6,95.7,66.2,65.6,66.5,0.0,0.0,0.0,999.9,999.9,999.9,0,8.3,6.4
16585596,0723,82.7,80.7,80.2,49.2,47.9,49.1,868.1,893.2,892.8,10.0,13.9,16.4,9.5,7.4,7.5,15.0,17.2,15.5,102.9,95.6,95.8,73.9,65.6,66.4,0.0,0.0,0.0,999.9,999.9,999.9,0,8.3,6.4
16585596,0723,76.8,80.7,80.4,49.2,47.8,49.4,875.8,893.2,892.8,9.9,13.9,16.4,3.7,7.4,7.4,20.0,17.2,15.5,100.0,95.6,96.3,57.9,65.6,66.3,0.0,0.0,0.0,999.9,999.9,999.9,0,8.0,6.4
16585596,0723,89.6,80.7,80.0,40.5,47.8,49.3,870.0,893.2,888.7,9.9,13.9,16.4,10.6,7.4,7.2,11.1,17.2,15.7,104.0,95.7,96.2,59.0,65.6,66.0,0.03,0.0,0.0,999.9,999.9,999.9,18,7.9,6.4
16585596,0723,88.8,80.7,80.4,57.6,47.8,48.8,870.0,893.2,888.7,10.0,13.9,16.4,8.2,7.4,7.4,11.1,17.1,15.7,100.0,95.7,96.4,71.1,65.5,66.1,0.0,0.0,0.0,999.9,999.9,999.9,0,8.0,7.0
16585596,0723,81.8,80.8,80.6,54.5,47.9,49.2,999.9,892.5,888.7,9.7,13.9,16.4,10.1,7.4,7.4,10.1,17.0,15.6,99.0,95.8,96.6,71.1,65.5,66.2,0.0,0.0,0.0,999.9,999.9,999.9,0,8.0,6.9
16585596,0723,80.7,80.8,80.5,47.2,48.0,49.5,871.4,893.2,892.9,10.0,13.9,15.4,6.9,7.5,7.4,15.0,17.0,15.3,93.0,95.8,96.8,71.1,65.6,66.4,0.0,0.0,0.0,999.9,999.9,999.9,18,8.0,6.3
16585596,0723,83.0,80.8,80.4,49.2,48.0,49.4,872.4,893.2,893.0,10.0,13.9,15.4,10.6,7.4,7.4,26.0,17.0,15.2,98.1,95.8,96.4,66.0,65.6,66.4,0.15,0.0,0.0,999.9,999.9,999.9,48,8.1,6.3
16585596,0723,69.7,80.8,80.6,58.4,48.0,49.4,869.0,893.2,893.0,9.9,13.8,15.0,3.7,7.5,7.4,11.1,17.1,15.3,102.0,95.8,96.5,66.2,65.6,66.5,0.0,0.0,0.0,999.9,999.9,999.9,0,8.3,6.3
16585596,0723,86.6,80.7,80.3,54.6,48.1,49.6,872.7,893.2,892.8,10.0,13.8,14.3,5.6,7.4,7.2,14.0,17.1,15.1,95.0,95.8,96.8,62.1,65.7,66.6,0.0,0.0,0.0,999.9,999.9,999.9,0,8.3,6.3
16585596,0723,78.3,80.8,80.4,45.2,48.1,50.0,869.5,893.2,893.0,22.2,13.8,14.3,5.6,7.4,7.2,18.1,17.0,15.1,99.0,95.9,96.8,62.1,65.6,66.6,0.0,0.0,0.0,999.9,999.9,999.9,2,8.3,6.3
16585596,0723,88.8,80.8,80.4,44.1,48.1,50.1,870.0,893.2,892.8,9.8,13.8,14.3,6.9,7.4,7.1,24.3,17.0,15.2,95.0,95.9,97.0,61.0,65.6,66.8,0.17,0.0,0.0,999.9,999.9,999.9,0,8.4,5.8
16585596,0723,85.2,80.8,80.6,50.2,48.0,50.2,999.9,893.2,892.9,10.0,13.8,14.3,4.9,7.4,7.0,31.1,17.1,15.4,95.0,95.8,96.7,64.9,65.6,66.7,0.02,0.0,0.0,999.9,999.9,999.9,18,8.4,5.8
16585596,0723,89.6,80.9,80.7,44.1,48.1,50.0,870.5,893.9,897.2,10.0,13.8,14.3,8.2,7.4,7.0,31.1,17.2,16.1,98.1,95.8,96.7,62.2,65.6,66.9,0.0,0.0,0.0,999.9,999.9,999.9,48,8.4,5.8
16585596,0723,76.4,80.9,80.9,41.6,48.1,50.1,873.0,893.8,897.0,41.0,13.8,14.3,11.6,7.4,6.9,34.0,17.3,16.4,104.0,95.8,97.0,73.9,65.5,66.8,0.0,0.0,0.0,999.9,999.9,999.9,0,8.4,7.4
16585596,0723,79.9,80.8,80.8,57.2,48.0,49.6,873.0,893.9,892.8,22.2,14.0,15.4,5.6,7.4,7.1,14.0,17.4,17.0,98.1,95.8,97.4,73.9,65.6,67.0,0.11,0.0,0.0,999.9,999.9,999.9,18,8.4,7.4
16585596,0723,89.6,80.8,81.0,46.5,48.1,50.0,999.9,893.9,892.7,9.9,14.1,14.8,5.3,7.4,7.1,11.1,17.4,17.0,90.0,95.8,97.4,66.0,65.7,66.9,0.0,0.0,0.0,999.9,999.9,999.9,0,8.5,7.4
16585596,0723,82.3,80.8,81.4,44.1,48.1,49.7,999.9,894.6,897.0,9.9,14.1,14.7,10.1,7.4,7.0,15.9,17.3,16.9,99.0,95.8,97.4,61.0,65.7,66.7,0.0,0.0,0.0,999.9,999.9,999.9,0,8.5,6.8
16585596,0723,79.9,80.8,81.6,44.1,48.1,49.8,871.4,895.3,901.2,9.9,14.0,14.7,5.3,7.4,7.1,13.0,17.3,17.1,87.1,95.9,97.3,75.9,65.7,66.6,0.15,0.0,0.0,999.9,999.9,999.9,48,8.4,6.8
16585596,0723,80.7,80.8,81.6,57.6,48.1,50.0,869.7,895.3,901.3,10.0,14.0,14.6,10.1,7.4,7.1,15.0,17.3,16.4,104.0,95.8,96.9,57.0,65.7,67.0,0.0,0.0,0.0,999.9,999.9,999.9,16,8.6,8.4
16585596,0723,79.9,80.8,81.7,41.6,48.1,50.2,872.4,895.3,896.9,41.0,14.0,14.6,10.4,7.4,7.2,15.9,17.3,16.4,102.0,95.9,96.9,66.9,65.7,66.6,0.15,0.0,0.0,999.9,999.9,999.9,18,8.6,8.9
16585596,0723,82.8,80.8,81.8,45.2,48.1,50.1,873.6,895.3,896.9,13.5,14.2,15.6,6.9,7.4,7.4,11.1,17.4,16.5,102.0,95.9,97.0,73.0,65.7,66.7,0.0,0.0,0.0,999.9,999.9,999.9,0,8.7,9.5
16585596,0723,77.1,80.8,81.6,50.9,48.2,50.1,870.4,895.3,897.0,10.0,14.2,15.7,6.6,7.4,7.2,17.1,17.3,16.2,95.0,95.9,97.3,62.1,65.8,67.0,0.0,0.0,0.0,999.9,999.9,999.9,16,8.7,9.5
16585596,0723,82.7,80.8,81.5,41.4,48.2,49.8,873.5,895.3,896.9,10.0,14.0,15.6,5.1,7.4,7.3,11.1,17.3,16.3,95.0,95.9,97.6,64.9,65.8,66.9,0.0,0.0,0.0,999.9,999.9,999.9,0,8.7,10.1
16585596,0723,89.6,80.9,81.6,45.2,48.2,49.3,869.7,895.4,892.7,10.0,14.0,14.9,9.8,7.4,7.2,19.0,17.3,16.4,99.0,95.8,97.6,61.0,65.7,67.0,0.0,0.0,0.0,999.9,999.9,999.9,0,8.6,10.1
16585596,0723,88.8,80.9,82.0,45.0,48.2,49.3,872.4,894.6,892.7,9.9,14.0,13.9,5.6,7.4,7.4,15.9,17.3,16.6,99.0,95.9,97.8,73.9,65.7,66.6,0.0,0.0,0.0,999.9,999.9,999.9,18,8.6,9.5
16585596,0723,82.7,81.0,82.4,57.5,48.1,48.9,866.4,894.6,892.9,13.5,14.0,13.9,6.4,7.4,7.2,13.0,17.3,16.5,102.9,95.9,97.7,62.1,65.8,66.7,0.01,0.0,0.0,999.9,999.9,999.9,0,8.6,10.1
16585596,0723,80.7,81.0,82.8,58.4,48.2,49.0,868.1,894.6,892.8,10.0,14.0,14.1,8.7,7.4,7.3,8.9,17.2,16.6,93.9,95.9,98.2,73.9,65.8,66.7,0.15,0.0,0.0,999.9,999.9,999.9,0,8.6,10.1
16585596,0723,86.8,81.0,82.8,44.1,48.3,49.4,999.9,894.6,892.6,9.8,14.0,13.1,6.4,7.4,7.4,11.1,17.1,16.6,93.0,96.0,97.9,62.2,65.8,66.7,0.0,0.0,0.0,999.9,999.9,999.9,0,8.3,10.1
16585596,0723,74.2,81.0,82.9,52.0,48.3,49.2,873.0,894.6,896.8,10.0,14.0,13.1,11.6,7.4,7.4,8.9,17.0,16.4,88.7,96.0,97.8,66.9,65.8,66.4,0.11,0.0,0.0,999.9,999.9,999.9,0,8.3,9.5
16585596,0723,76.8,81.0,82.7,41.2,48.3,49.0,999.9,893.9,896.8,9.9,13.9,13.1,6.3,7.4,7.5,15.0,17.0,16.2,99.0,95.9,97.6,70.0,65.8,66.3,0.0,0.0,0.0,999.9,999.9,999.9,0,8.2,9.5
16585596,0723,87.8,81.0,82.4,48.9,48.2,48.6,873.6,894.6,896.8,10.0,13.9,13.1,8.7,7.4,7.5,24.1,17.0,16.3,93.9,95.9,97.8,54.0,65.9,66.4,0.33,0.0,0.0,999.9,999.9,999.9,0,8.1,9.5
16585596,0723,81.1,81.0,82.6,39.9,48.2,48.6,869.5,894.6,897.0,22.2,13.9,13.1,11.6,7.4,7.5,13.0,17.0,16.6,100.0,95.9,97.5,59.0,65.8,65.8,0.0,0.0,0.0,999.9,999.9,999.9,18,8.1,9.5
16585596,0723,88.1,81.0,82.7,46.5,48.2,48.3,999.9,894.5,896.8,22.2,14.0,13.5,9.8,7.5,7.8,22.0,17.0,16.3,102.0,95.9,97.5,64.9,65.7,65.8,0.0,0.0,0.0,999.9,999.9,999.9,18,8.2,10.1
16585596,0723,89.6,81.1,82.7,41.6,48.3,48.5,871.0,895.3,901.2,30.7,14.0,13.9,8.2,7.5,7.8,34.0,17.0,16.7,93.9,96.0,97.4,66.2,65.7,66.0,0.0,0.0,0.0,999.9,999.9,999.9,0,8.2,10.1
16585596,0723,79.9,81.1,82.7,41.4,48.3,47.9,872.4,895.2,901.2,13.5,14.0,14.6,9.3,7.4,7.8,15.0,17.1,17.5,102.0,95.9,97.2,63.0,65.7,65.8,0.0,0.0,0.0,999.9,999.9,999.9,0,8.2,10.1
16585596,0723,89.2,81.1,82.6,49.2,48.3,47.5,866.4,895.3,896.9,10.0,14.0,14.7,5.3,7.4,7.7,15.0,17.1,17.6,79.0,95.9,97.3,71.1,65.7,65.6,0.11,0.0,0.0,999.9,999.9,999.9,0,8.1,10.1
16585596,0723,89.6,81.1,82.9,55.6,48.2,47.6,873.0,895.2,896.8,30.7,14.0,14.7,4.7,7.4,7.7,15.0,17.1,17.6,104.0,95.8,96.8,70.0,65.7,65.6,0.17,0.0,0.0,999.9,999.9,999.9,0,8.0,9.5
16585596,0723,62.0,81.3,83.1,46.5,48.2,47.8,871.4,895.2,896.8,10.0,14.1,15.4,6.4,7.4,7.5,19.0,17.1,17.3,95.0,95.9,97.0,62.1,65.7,65.7,0.0,0.0,0.0,999.9,999.9,999.9,0,8.0,7.9
16585596,0723,69.7,81.1,82.9,44.6,48.2,47.4,870.5,895.2,896.9,9.9,14.1,15.4,10.6,7.4,7.6,24.1,17.1,17.5,95.0,95.8,96.8,66.9,65.7,65.6,0.0,0.0,0.0,999.9,999.9,999.9,18,8.0,7.9
16585596,0723,80.9,81.1,82.3,55.6,48.2,47.0,869.5,895.2,896.8,10.0,14.0,15.4,10.2,7.4,7.7,19.0,17.2,17.9,98.1,95.8,96.8,66.9,65.7,65.7,0.15,0.0,0.0,999.9,999.9,999.9,0,8.0,8.5
16585596,0723,69.7,81.0,82.4,36.2,48.4,47.4,869.7,895.2,896.8,9.8,13.9,15.0,7.8,7.5,7.9,12.0,17.3,17.9,93.0,95.9,96.8,71.1,65.6,65.9,0.0,0.0,0.1,999.9,999.9,999.9,0,7.9,8.5
16585596,0723,89.2,81.0,81.8,34.9,48.3,47.1,869.5,895.2,896.8,14.9,13.9,15.0,9.9,7.5,7.9,11.1,17.2,17.5,93.9,95.8,96.7,73.9,65.7,66.2,0.0,0.0,0.0,999.9,999.9,999.9,18,7.9,8.5
16585596,0723,81.1,81.0,81.9,45.0,48.2,46.6,868.1,895.2,892.4,10.0,13.9,15.1,6.9,7.5,8.1,31.1,17.2,16.8,93.0,95.8,96.7,64.9,65.7,66.5,0.0,0.0,0.0,999.9,999.9,999.9,0,8.0,8.5
16585596,0723,82.8,81.0,81.6,40.5,48.2,46.6,873.6,895.2,892.4,10.0,13.9,15.1,10.1,7.5,8.0,11.1,17.3,16.8,90.0,95.7,96.5,71.1,65.6,66.6,0.01,0.0,0.0,999.9,999.9,999.9,18,7.9,6.9
16585596,0723,82.3,81.0,81.8,41.6,48.2,46.6,869.5,895.2,892.4,9.9,13.9,14.1,9.9,7.5,8.0,15.9,17.2,16.1,93.9,95.7,96.0,57.9,65.7,66.5,0.0,0.0,0.0,999.9,999.9,999.9,18,8.0,7.5
16585596,0723,89.2,81.0,81.9,44.1,48.1,46.1,873.0,895.2,892.3,13.5,13.8,13.7,4.9,7.5,8.1,19.0,17.1,16.1,98.1,95.8,95.9,66.0,65.7,66.0,0.0,0.0,0.0,999.9,999.9,999.9,2,8.1,7.5
16585596,0723,81.1,81.0,81.9,55.6,48.1,46.0,872.7,894.5,888.0,10.0,13.8,13.8,4.7,7.5,8.1,18.1,17.2,16.4,95.0,95.8,96.1,66.0,65.7,66.0,0.02,0.0,0.0,999.9,999.9,999.9,0,8.1,7.5
16585596,0723,76.7,81.0,81.9,47.1,48.1,46.4,868.1,894.5,883.8,9.8,13.8,13.8,10.4,7.5,7.9,19.0,17.2,16.5,93.9,95.8,96.0,71.1,65.7,66.2,0.0,0.0,0.0,999.9,999.9,999.9,16,8.1,7.5
16585596,0723,76.4,80.9,81.8,37.5,48.1,46.5,870.4,894.5,883.7,9.9,13.8,13.8,6.9,7.5,8.1,26.0,17.2,16.7,90.0,95.8,96.2,68.0,65.7,66.0,0.03,0.0,0.0,999.9,999.9,999.9,0,8.2,6.5
16585596,0723,81.1,80.9,81.6,41.6,48.1,45.8,873.5,894.5,883.7,9.7,13.8,13.8,10.1,7.5,8.0,12.0,17.3,17.0,93.0,95.8,95.8,57.0,65.7,66.4,0.0,0.0,0.0,999.9,999.9,999.9,0,8.1,5.9
16585596,0723,78.3,80.9,81.7,45.0,48.0,45.8,872.4,894.5,883.7,10.0,13.8,12.8,11.6,7.5,8.0,18.1,17.2,16.9,95.0,95.8,95.5,70.0,65.6,66.0,0.0,0.0,0.0,999.9,999.9,999.9,0,8.1,5.3
16585596,0723,81.1,81.0,81.5,54.6,47.9,45.8,869.5,894.5,883.7,41.0,13.8,12.7,6.2,7.5,8.2,22.0,17.2,17.1,98.1,95.8,95.2,70.0,65.7,65.9,0.0,0.0,0.0,999.9,999.9,999.9,0,8.0,5.3
16585596,0723,82.3,80.9,81.6,39.9,48.0,45.9,872.7,894.5,883.7,10.0,13.9,13.7,10.1,7.5,8.1,12.0,17.3,17.3,102.9,95.8,95.3,66.9,65.7,66.2,0.0,0.0,0.0,999.9,999.9,999.9,18,8.0,4.8
16585596,0723,77.5,80.9,81.6,39.9,47.9,45.9,870.0,893.8,883.6,9.9,13.9,13.7,5.6,7.6,8.3,34.0,17.2,17.3,100.0,95.9,95.6,57.9,65.7,66.3,0.0,0.0,0.0,999.9,999.9,999.9,0,8.1,5.4
16585596,0723,76.8,80.8,81.2,44.1,47.9,45.7,999.9,893.8,883.7,9.8,13.9,13.7,4.9,7.5,8.2,19.0,17.3,17.8,87.1,95.9,95.6,68.0,65.7,66.2,0.0,0.0,0.0,999.9,999.9,999.9,18,8.0,5.4
16585596,0723,80.3,80.8,80.8,55.6,47.8,45.7,999.9,893.8,887.9,9.9,13.9,13.7,5.1,7.5,8.1,17.1,17.3,17.9,98.1,95.9,95.2,57.9,65.7,66.0,0.0,0.0,0.0,999.9,999.9,999.9,0,8.1,5.4
16585596,0723,89.2,80.8,80.7,49.2,47.9,45.6,872.7,894.5,892.4,9.9,13.9,13.6,8.8,7.5,8.1,15.9,17.2,18.1,88.7,95.9,95.1,62.1,65.7,65.8,0.0,0.0,0.0,999.9,999.9,999.9,0,8.1,5.4
16585596,0723,77.5,80.8,81.0,41.6,47.9,45.3,872.7,894.5,892.5,10.0,13.9,13.6,8.1,7.5,8.1,11.1,17.2,18.3,95.0,95.8,94.9,61.0,65.6,65.4,0.0,0.0,0.0,999.9,999.9,999.9,0,8.1,5.4
16585596,0723,62.0,80.8,80.7,47.1,47.9,45.2,873.0,894.5,888.3,9.9,13.9,13.6,5.3,7.5,8.2,31.1,17.2,18.3,99.0,95.7,95.0,68.0,65.6,65.4,0.0,0.0,0.0,999.9,999.9,999.9,18,8.0,5.4
16585596,0723,69.7,80.7,80.3,34.9,47.9,45.1,868.1,894.5,888.3,10.0,13.9,13.6,5.1,7.5,7.9,18.1,17.3,19.0,99.0,95.7,95.3,73.9,65.6,65.4,0.0,0.0,0.0,999.9,999.9,999.9,18,8.0,6.0
16585596,0723,80.9,80.7,80.1,34.9,47.8,44.9,872.4,894.5,883.9,22.2,13.9,13.6,4.9,7.5,7.9,12.0,17.3,19.1,99.0,95.8,95.3,70.0,65.7,65.6,0.0,0.0,0.0,999.9,999.9,999.9,18,8.1,6.6
16585596,0723,79.9,80.7,79.8,54.1,47.7,44.4,999.9,893.8,883.8,30.7,13.9,14.0,5.3,7.5,7.8,15.0,17.2,18.7,99.0,95.8,95.5,62.1,65.8,66.1,0.02,0.0,0.0,999.9,999.9,999.9,0,8.2,7.2
16585596,0723,81.1,80.7,79.8,50.2,47.7,44.9,873.1,894.5,888.2,9.9,14.0,14.3,4.7,7.4,7.6,15.9,17.2,18.8,102.9,95.9,95.5,62.1,65.8,66.2,0.0,0.0,0.0,999.9,999.9,999.9,0,8.2,6.6
16585596,0723,86.8,80.7,79.6,45.2,47.7,45.0,871.4,894.5,884.0,22.2,14.0,13.8,9.9,7.4,7.4,14.0,17.1,18.6,100.0,96.0,95.5,73.9,65.8,66.1,0.0,0.0,0.0,999.9,999.9,999.9,18,8.2,6.0
16585596,0723,77.1,80.7,79.5,54.6,47.6,45.1,871.0,893.8,884.0,10.0,14.1,13.6,6.6,7.5,7.5,18.1,17.0,17.9,102.9,96.0,95.7,66.0,65.9,66.4,0.0,0.0,0.0,999.9,999.9,999.9,0,8.1,6.6
16585596,0723,82.7,80.7,79.4,33.1,47.6,45.5,872.7,893.8,883.9,9.9,14.1,13.4,9.6,7.5,7.4,13.0,17.1,18.0,95.0,96.0,95.7,66.0,65.9,66.5,0.0,0.0,0.0,999.9,999.9,999.9,18,8.1,6.6
16585596,0723,83.0,80.7,79.2,57.5,47.6,45.0,866.4,893.8,884.1,10.0,14.1,13.4,6.4,7.5,7.5,12.0,17.1,18.0,89.1,96.1,96.3,71.1,65.9,66.3,0.0,0.0,0.0,999.9,999.9,999.9,18,8.2,7.2
16585596,0723,86.8,80.8,78.9,47.1,47.7,45.1,871.5,893.8,883.9,10.0,14.1,12.8,6.2,7.5,7.6,22.0,17.1,17.9,79.0,96.0,95.8,66.0,65.8,66.3,0.0,0.0,0.0,999.9,999.9,999.9,18,8.0,7.8
16585596,0723,82.8,80.8,79.8,49.2,47.6,45.1,999.9,893.1,883.9,20.3,14.1,12.8,10.6,7.4,7.6,13.0,17.1,18.0,95.0,95.9,95.2,71.1,65.8,66.5,0.0,0.0,0.0,999.9,999.9,999.9,18,8.1,8.4
16585596,0723,81.1,80.8,80.2,36.2,47.6,45.2,872.4,893.8,888.2,10.0,14.1,13.1,10.2,7.5,7.6,31.1,17.1,17.6,102.9,96.0,95.2,64.9,65.8,66.6,0.0,0.0,0.0,999.9,999.9,999.9,0,8.2,8.4
16585596,0723,89.6,80.8,80.2,45.2,47.6,44.6,875.8,893.8,888.3,9.9,14.1,13.1,6.9,7.5,7.6,24.3,17.1,18.0,90.0,96.0,95.4,72.0,65.9,66.5,0.0,0.0,0.0,999.9,999.9,999.9,0,8.1,8.4
16585596,0723,79.9,80.9,80.9,54.6,47.6,44.9,999.9,893.8,888.5,20.3,14.1,13.1,6.6,7.5,7.5,17.1,17.1,18.4,102.9,95.9,95.3,59.0,65.9,66.6,0.02,0.0,0.0,999.9,999.9,999.9,0,8.0,8.4
16585596,0723,76.8,80.8,80.6,45.2,47.7,45.6,872.4,894.6,892.9,20.3,14.2,13.3,4.7,7.5,7.4,13.0,17.1,18.6,91.9,96.0,95.6,62.1,65.9,66.1,0.0,0.0,0.0,999.9,999.9,999.9,0,7.9,7.8
16585596,0723,81.1,80.8,80.4,49.2,47.7,45.6,999.9,893.9,893.0,13.5,14.2,13.6,6.5,7.5,7.3,13.0,17.1,18.0,102.0,95.9,95.5,68.0,65.9,66.0,0.0,0.0,0.0,999.9,999.9,999.9,18,7.8,7.8
16585596,0723,69.7,80.8,80.4,57.6,47.8,45.9,873.0,894.6,897.2,41.0,14.2,13.7,8.7,7.5,7.2,15.9,17.0,18.1,93.9,95.9,95.9,61.0,65.9,65.9,0.03,0.0,0.0,999.9,999.9,999.9,0,7.9,7.8
16585596,0723,89.2,80.8,80.0,47.1,47.9,46.4,872.9,894.6,897.3,10.0,14.4,14.8,4.9,7.5,7.2,10.1,17.1,18.1,90.0,95.8,95.9,66.0,65.9,66.0,0.0,0.0,0.0,999.9,999.9,999.9,16,7.9,7.2
16585596,0723,78.4,80.8,79.9,49.2,47.9,46.5,871.0,894.6,897.3,9.8,14.4,14.7,11.6,7.5,7.2,34.0,17.1,17.8,102.0,95.8,95.7,66.0,65.9,66.0,0.0,0.0,0.0,999.9,999.9,999.9,18,8.0,7.7
16585596,0723,76.7,80.8,79.9,47.2,48.0,46.3,872.4,894.6,897.3,22.3,14.4,14.7,6.2,7.5,7.4,31.1,17.2,18.3,95.0,95.8,95.9,66.0,66.0,66.0,0.0,0.0,0.0,999.9,999.9,999.9,18,8.1,8.3
16585596,0723,77.1,80.8,79.9,50.2,48.0,46.3,871.4,894.6,897.4,9.9,14.5,15.1,6.5,7.5,7.3,17.1,17.3,18.7,95.0,95.8,95.9,61.0,66.0,65.8,0.11,0.0,0.0,999.9,999.9,999.9,18,8.2,8.3
16585596,0723,78.4,80.8,79.9,40.5,47.9,46.7,999.9,893.9,897.5,10.0,14.4,15.1,9.5,7.5,7.3,12.0,17.2,18.4,79.0,95.8,96.1,66.9,65.9,65.6,0.01,0.0,0.0,999.9,999.9,999.9,0,8.3,8.9
16585596,0723,79.3,80.8,79.8,57.5,47.9,46.7,873.6,894.6,901.7,10.0,14.4,15.1,9.8,7.5,7.2,13.0,17.2,18.4,93.9,95.7,95.6,71.1,65.9,65.9,0.0,0.0,0.0,999.9,999.9,999.9,18,8.3,8.9
16585596,0723,76.7,80.7,79.8,48.9,47.9,47.1,999.9,894.6,901.7,9.9,14.3,15.1,10.6,7.5,7.2,8.9,17.2,18.2,93.0,95.7,95.6,75.9,66.0,65.9,0.14,0.0,0.0,999.9,999.9,999.9,0,8.3,9.5
16585596,0723,69.7,80.7,79.7,50.9,47.9,46.9,872.4,895.4,906.1,30.7,14.3,14.1,9.6,7.5,7.3,15.0,17.2,17.8,95.0,95.7,95.4,64.9,66.1,66.1,0.0,0.0,0.0,999.9,999.9,999.9,0,8.2,9.5
16585596,0723,86.6,80.7,79.3,55.6,48.0,47.3,871.0,895.4,906.1,10.0,14.4,14.7,8.1,7.5,7.3,22.0,17.2,17.9,98.1,95.7,95.2,57.9,66.1,66.1,0.0,0.0,0.0,999.9,999.9,999.9,2,8.2,8.9
16585596,0723,81.1,80.7,79.6,40.5,48.0,47.8,872.7,895.4,906.1,10.0,14.4,14.7,9.6,7.5,7.4,19.0,17.1,17.5,95.0,95.8,95.1,75.0,66.0,66.1,0.01,0.0,0.0,999.9,999.9,999.9,0,8.2,9.0
16585596,0723,80.7,80.7,79.7,39.9,48.1,47.7,873.6,895.4,901.8,39.8,14.4,14.8,3.7,7.5,7.6,18.1,17.1,17.5,102.0,95.9,95.4,70.0,66.0,66.3,0.02,0.0,0.0,999.9,999.9,999.9,18,7.9,8.4
16585596,0723,82.3,80.7,79.7,44.1,48.1,47.1,870.4,894.7,897.6,10.0,14.4,15.7,9.8,7.5,7.5,31.1,17.1,17.5,102.0,95.9,95.5,64.9,66.0,66.7,0.0,0.0,0.0,999.9,999.9,999.9,18,8.0,9.0
16585596,0723,77.5,80.7,79.5,44.1,48.0,47.0,872.4,894.0,897.6,9.9,14.4,15.8,8.2,7.5,7.5,17.1,17.1,18.0,99.0,95.9,96.0,63.0,66.1,66.8,0.0,0.0,0.0,999.9,999.9,999.9,0,8.1,9.6
16585596,0723,88.8,80.6,79.5,49.2,48.0,47.1,873.0,894.0,897.5,10.0,14.4,15.7,6.4,7.5,7.5,12.0,17.1,18.2,99.0,96.0,96.1,61.0,66.1,66.9,0.02,0.0,0.0,999.9,999.9,999.9,0,8.1,9.6
16585596,0723,80.3,80.7,80.4,57.5,48.0,47.1,872.4,894.0,897.5,10.0,14.2,15.8,6.5,7.5,7.6,8.9,17.1,17.6,99.0,96.0,96.1,61.0,66.0,66.6,0.0,0.0,0.0,999.9,999.9,999.9,0,8.1,9.0
16585596,0723,81.1,80.7,80.7,41.6,48.1,47.9,872.4,894.0,897.7,10.0,14.2,15.8,6.9,7.6,7.6,15.9,17.0,17.3,88.7,96.0,96.1,66.0,66.0,66.2,0.0,0.0,0.0,999.9,999.9,999.9,16,8.0,8.4
16585596,0723,82.8,80.7,80.7,47.1,48.0,48.1,873.5,894.0,897.7,30.7,14.2,15.3,4.9,7.6,7.7,13.0,16.9,17.4,104.0,96.0,95.7,66.9,66.0,66.1,0.11,0.0,0.0,999.9,999.9,999.9,0,8.1,8.3
16585596,0723,76.4,80.7,80.8,55.9,48.0,47.9,870.0,894.1,893.5,30.7,14.3,15.3,10.2,7.6,7.7,8.9,16.9,17.4,88.7,96.0,95.9,73.9,66.0,66.2,0.0,0.0,0.0,999.9,999.9,999.9,18,7.8,8.3
16585596,0723,78.3,80.6,80.7,46.5,48.0,48.1,872.4,894.1,893.4,9.8,14.4,16.0,10.2,7.5,7.9,18.1,16.9,17.1,102.0,96.0,95.4,71.1,66.0,66.6,0.14,0.0,0.0,999.9,999.9,999.9,18,7.9,8.9
16585596,0723,79.9,80.6,80.4,46.5,48.0,48.1,999.9,893.4,893.4,9.7,14.4,15.6,5.3,7.5,7.9,19.0,16.9,17.3,93.9,96.0,95.5,71.1,66.1,66.5,0.0,0.0,0.0,999.9,999.9,999.9,0,7.8,8.9
16585596,0723,78.4,80.6,80.5,55.6,47.9,47.8,869.5,893.4,897.7,9.7,14.4,15.6,6.5,7.5,7.8,22.0,16.9,17.3,99.0,96.1,95.2,70.0,66.1,66.7,0.0,0.0,0.0,999.9,999.9,999.9,18,7.7,8.9
16585596,0723,62.0,80.5,80.4,58.4,48.0,48.6,873.0,893.4,897.6,22.3,14.4,15.6,6.9,7.5,7.7,18.1,16.9,17.6,102.9,96.1,95.3,71.1,66.1,66.8,0.0,0.0,0.0,999.9,999.9,999.9,0,7.7,8.9
16585596,0723,87.8,80.4,79.7,49.2,48.1,48.6,873.1,892.7,897.8,9.8,14.5,16.0,6.3,7.5,7.7,24.1,16.8,17.8,99.0,96.1,95.8,54.0,66.2,66.8,0.0,0.0,0.0,999.9,999.9,999.9,2,7.6,8.3
16585596,0723,89.2,80.5,79.7,50.9,48.1,48.7,872.7,892.7,897.9,22.2,14.5,16.0,5.3,7.5,7.7,12.0,16.9,17.9,99.0,96.1,96.5,62.1,66.1,66.4,0.0,0.0,0.0,999.9,999.9,999.9,0,7.6,7.8
16585596,0723,81.1,80.5,79.9,54.5,48.1,48.7,869.5,892.0,893.6,10.0,14.5,16.1,8.2,7.5,7.6,19.0,16.8,17.8,102.9,96.1,96.6,73.0,66.1,66.1,0.02,0.0,0.0,999.9,999.9,999.9,0,7.6,7.2
16585596,0723,83.0,80.5,79.9,41.2,48.1,49.3,999.9,892.0,893.5,10.0,14.5,16.1,9.8,7.5,7.5,18.1,16.8,17.4,89.1,96.2,96.6,71.1,66.1,66.4,0.0,0.0,0.0,999.9,999.9,999.9,18,7.6,7.2
16585596,0723,82.7,80.5,79.7,48.9,48.0,49.2,866.4,892.7,897.7,10.0,14.4,16.1,6.3,7.5,7.6,17.1,16.9,17.2,95.0,96.1,96.6,62.2,66.2,66.4,0.0,0.0,0.0,999.9,999.9,999.9,18,7.6,7.8
16585596,0723,81.1,80.5,79.8,40.5,48.0,49.0,872.4,892.6,893.2,9.9,14.4,15.7,8.1,7.5,7.6,12.0,16.9,17.2,95.0,96.1,96.3,71.1,66.1,66.5,0.0,0.0,0.0,999.9,999.9,999.9,2,7.7,8.4
16585596,0723,89.6,80.6,79.9,50.9,47.9,48.9,872.4,892.7,893.2,9.9,14.4,15.4,8.7,7.5,7.7,18.1,16.9,17.2,102.9,96.0,96.4,75.9,66.1,66.8,0.01,0.0,0.0,999.9,999.9,999.9,0,7.6,8.5
16585596,0723,87.8,80.7,80.2,41.6,47.9,48.9,872.4,892.7,889.0,10.0,14.4,15.3,10.1,7.5,7.8,34.0,16.9,17.4,79.0,96.0,96.4,66.0,66.2,67.0,0.11,0.0,0.0,999.9,999.9,999.9,0,7.6,7.9
16585596,0723,81.1,80.7,80.8,45.2,47.9,48.4,866.4,892.7,889.0,9.9,14.4,14.2,9.6,7.5,7.8,19.0,17.0,18.0,102.9,95.9,95.9,61.0,66.2,67.2,0.01,0.0,0.0,999.9,999.9,999.9,0,7.6,7.9
16585596,0723,81.8,80.7,80.5,44.1,47.9,48.3,999.9,892.7,888.7,39.8,14.4,14.2,6.2,7.6,8.0,17.1,16.9,18.3,93.9,96.0,96.4,62.1,66.2,67.0,0.0,0.0,0.0,999.9,999.9,999.9,0,7.6,7.3
16585596,0723,80.3,80.7,80.6,45.2,47.8,48.2,870.4,893.4,893.0,9.9,14.5,15.2,6.4,7.5,7.8,15.9,17.0,17.7,100.0,96.0,96.1,71.1,66.2,66.9,0.17,0.0,0.0,999.9,999.9,999.9,0,7.6,6.7
16585596,0723,62.0,80.7,80.8,47.1,47.8,48.1,871.4,893.4,893.0,30.7,14.5,14.8,6.2,7.5,7.8,8.9,17.0,17.2,95.0,96.0,96.3,62.2,66.2,67.1,0.0,0.0,0.0,999.9,999.9,999.9,0,7.6,6.1
16585596,0723,78.3,80.6,80.3,41.2,47.7,48.0,999.9,893.4,893.0,10.0,14.6,15.5,6.4,7.5,7.8,24.3,17.0,16.9,90.0,95.9,96.3,70.0,66.2,67.1,0.03,0.0,0.0,999.9,999.9,999.9,0,7.6,5.5
16585596,0723,81.8,80.6,80.3,57.2,47.6,48.0,873.6,894.1,893.0,41.0,14.6,15.5,5.6,7.5,7.7,8.9,17.0,17.3,98.1,95.9,96.6,66.0,66.2,67.2,0.0,0.0,0.0,999.9,999.9,999.9,0,7.5,5.5
16585596,0723,89.2,80.6,80.3,47.2,47.7,48.0,869.7,894.1,893.0,22.3,14.8,16.5,8.1,7.5,7.6,34.0,17.0,17.2,88.7,95.9,96.8,61.0,66.2,67.0,0.0,0.0,0.0,999.9,999.9,999.9,18,7.5,4.9
16585596,0723,85.2,80.6,80.8,54.1,47.8,47.9,873.6,893.4,888.6,9.9,14.8,17.0,5.6,7.5,7.5,8.9,17.1,18.0,104.0,95.8,96.6,70.0,66.2,66.6,0.02,0.0,0.0,999.9,999.9,999.9,2,7.6,5.5
16585596,0723,77.1,80.8,81.3,45.2,47.8,48.0,873.0,893.4,888.7,9.9,14.8,16.3,5.3,7.5,7.3,14.0,17.1,17.8,99.0,95.9,96.9,71.1,66.3,66.7,0.0,0.0,0.0,999.9,999.9,999.9,0,7.5,5.6
16585596,0723,78.3,80.7,81.0,40.5,47.8,47.7,999.9,892.7,888.7,9.7,14.8,16.3,10.6,7.5,7.2,17.1,17.1,17.6,102.0,95.9,97.0,66.0,66.3,67.2,0.0,0.0,0.0,999.9,999.9,999.9,48,7.5,5.5
16585596,0723,88.1,80.7,80.9,54.6,47.7,47.7,866.4,892.7,893.0,9.9,14.8,16.2,9.9,7.5,7.3,13.0,17.1,17.5,95.0,95.9,97.2,66.9,66.3,66.9,0.0,0.0,0.0,999.9,999.9,999.9,0,7.8,7.1
16585596,0723,79.9,80.8,81.1,37.5,47.8,48.2,871.5,892.7,892.7,10.0,14.8,15.3,10.1,7.5,7.5,20.0,17.1,17.3,102.9,95.9,97.0,73.9,66.3,66.8,0.0,0.0,0.0,999.9,999.9,999.9,0,7.7,6.5
16585596,0723,89.6,80.8,81.0,39.9,47.7,48.0,868.1,892.7,892.8,10.0,14.8,15.3,5.6,7.5,7.5,34.0,17.1,16.9,102.0,95.9,97.0,75.9,66.4,67.1,0.0,0.0,0.0,999.9,999.9,999.9,18,7.6,5.9
16585596,0723,81.1,80.9,81.4,50.9,47.7,47.8,873.6,892.7,892.6,10.0,14.6,15.3,11.6,7.5,7.4,15.0,17.2,17.5,104.0,95.9,97.1,73.0,66.4,67.5,0.0,0.0,0.0,999.9,999.9,999.9,0,7.7,6.5
16585596,0723,85.2,80.9,81.2,39.9,47.8,47.9,873.0,892.7,892.6,10.0,14.6,15.3,8.1,7.5,7.6,15.9,17.2,17.6,98.1,96.0,97.3,66.0,66.5,67.9,0.01,0.0,0.0,999.9,999.9,999.9,18,7.7,6.5
16585596,0723,78.4,80.9,81.3,36.2,47.7,47.3,872.4,892.7,892.7,30.7,14.6,15.3,8.1,7.5,7.6,19.0,17.2,17.8,104.0,96.0,97.2,66.0,66.5,68.1,0.0,0.0,0.0,999.9,999.9,999.9,0,7.7,7.1
16585596,0723,85.4,80.9,81.2,49.3,47.6,47.1,999.9,892.8,892.7,9.9,14.7,15.9,8.8,7.5,7.7,10.1,17.3,17.9,102.9,96.0,97.7,71.1,66.5,68.1,0.14,0.0,0.0,999.9,999.9,999.9,0,7.7,6.6
16585596,0723,89.6,80.9,81.3,47.2,47.6,47.2,873.6,893.5,896.9,10.0,14.7,15.3,10.6,7.5,7.8,10.1,17.2,17.9,93.9,96.0,97.7,57.9,66.5,68.2,0.0,0.0,0.0,999.9,999.9,999.9,18,7.6,6.6
16585596,0723,81.8,80.9,81.8,41.4,47.6,46.9,873.1,893.5,897.0,14.9,14.7,14.6,8.1,7.5,7.8,10.1,17.3,17.9,95.0,96.0,97.9,75.0,66.4,67.7,0.0,0.0,0.0,999.9,999.9,999.9,0,7.6,6.6
16585596,0723,79.9,81.0,81.9,54.1,47.6,46.7,999.9,893.5,897.0,10.0,14.7,14.7,6.3,7.6,7.7,26.0,17.1,17.6,102.9,96.0,97.6,61.0,66.5,67.8,0.33,0.0,0.0,999.9,999.9,999.9,0,7.5,6.0
16585596,0723,76.8,80.9,81.9,46.5,47.6,47.0,871.4,894.2,897.0,10.0,14.7,14.7,4.9,7.6,7.8,11.1,17.1,17.9,93.9,96.0,97.9,54.0,66.4,67.5,0.0,0.0,0.0,999.9,999.9,999.9,0,7.4,6.0
16585596,0723,78.3,80.9,81.8,41.4,47.6,46.7,869.0,894.2,897.1,22.3,14.7,14.8,8.8,7.6,7.7,24.3,17.2,17.5,104.0,96.0,97.8,70.0,66.4,66.9,0.14,0.0,0.0,999.9,999.9,999.9,18,7.4,5.4
16585596,0723,80.3,80.9,82.4,55.9,47.6,46.1,999.9,893.5,897.0,9.9,14.7,14.8,6.2,7.6,7.8,14.0,17.2,17.7,104.0,96.1,97.8,62.1,66.4,66.9,0.0,0.0,0.0,999.9,999.9,999.9,0,7.5,6.0
16585596,0723,78.3,80.9,82.1,49.2,47.6,46.3,999.9,893.5,901.2,10.0,14.7,14.8,10.2,7.6,7.8,15.0,17.2,17.4,102.0,96.1,98.0,66.9,66.4,67.2,0.0,0.0,0.0,999.9,999.9,999.9,0,7.5,5.9
16585596,0723,76.7,80.9,81.8,57.5,47.6,46.3,871.5,894.2,905.4,10.0,14.6,14.3,5.6,7.6,7.9,31.1,17.2,17.5,99.0,96.2,98.1,71.1,66.5,67.3,0.11,0.0,0.0,999.9,999.9,999.9,0,7.4,5.9
16585596,0723,86.6,80.9,81.6,48.9,47.7,46.4,872.4,894.2,905.5,22.3,14.6,14.3,5.6,7.6,7.9,15.9,17.2,17.9,89.1,96.2,97.9,70.0,66.5,67.3,0.01,0.0,0.0,999.9,999.9,999.9,18,7.3,5.9
16585596,0723,79.9,80.9,81.7,41.4,47.7,46.6,873.1,893.5,901.2,10.0,14.7,14.8,9.9,7.6,7.7,24.3,17.3,17.8,93.0,96.3,97.9,62.1,66.5,67.2,0.11,0.0,0.0,999.9,999.9,999.9,18,7.3,5.9
16585596,0723,76.7,80.9,81.7,50.9,47.7,46.4,999.9,893.5,901.5,10.0,14.7,14.8,9.8,7.6,7.8,18.1,17.3,18.0,93.9,96.3,97.9,63.0,66.4,67.2,0.0,0.0,0.0,999.9,999.9,999.9,2,7.4,5.9
16585596,0723,80.7,80.9,81.5,33.1,47.7,46.7,870.5,893.5,905.7,10.0,14.6,14.8,8.8,7.6,7.9,34.0,17.4,18.2,102.0,96.2,97.8,72.0,66.4,66.9,0.01,0.0,0.0,999.9,999.9,999.9,0,7.3,5.9
16585596,0723,83.0,81.0,81.2,55.9,47.7,46.1,873.5,893.5,905.6,22.3,14.6,14.8,7.8,7.6,7.9,26.0,17.5,18.8,100.0,96.3,97.8,62.1,66.4,66.8,0.0,0.0,0.0,999.9,999.9,999.9,18,7.3,5.9
16585596,0723,83.0,81.0,81.0,36.2,47.7,46.6,869.5,893.5,905.7,22.3,14.7,15.2,6.2,7.6,7.8,12.0,17.6,18.5,104.0,96.4,98.5,62.1,66.4,66.7,0.0,0.0,0.0,999.9,999.9,999.9,0,7.3,6.5
16585596,0723,62.0,81.0,81.1,54.1,47.7,46.3,869.0,893.5,905.8,10.0,14.8,15.6,11.6,7.6,7.7,34.0,17.5,18.3,102.9,96.4,98.5,57.9,66.4,66.7,0.0,0.0,0.0,999.9,999.9,999.9,18,7.3,6.5
16585596,0723,76.8,80.9,80.4,45.2,47.7,46.7,869.5,892.8,901.4,20.3,14.8,14.6,5.3,7.7,7.9,14.0,17.6,18.8,93.9,96.5,98.8,71.1,66.3,66.6,0.0,0.0,0.0,999.9,999.9,999.9,18,7.3,7.1
16585596,0723,76.7,80.9,80.3,34.9,47.6,46.7,869.5,892.8,901.4,9.7,14.7,14.9,10.1,7.7,7.9,18.1,17.7,18.8,93.9,96.5,98.6,64.9,66.3,66.6,0.0,0.0,0.0,999.9,999.9,999.9,18,7.4,7.7
16585596,0723,83.0,80.9,80.8,49.2,47.6,46.3,870.5,892.7,901.3,9.8,14.7,14.2,6.5,7.7,8.0,15.0,17.7,19.1,93.0,96.6,98.6,75.9,66.3,66.7,0.0,0.0,0.0,999.9,999.9,999.9,0,7.5,8.3
16585596,0723,88.1,80.8,81.0,50.2,47.6,46.5,872.9,892.7,897.0,10.0,14.7,14.2,8.8,7.7,8.0,11.1,17.6,18.8,79.0,96.6,98.7,57.9,66.4,66.9,0.0,0.0,0.0,999.9,999.9,999.9,16,7.5,8.3
16585596,0723,86.8,80.9,81.2,54.6,47.5,46.3,873.0,892.8,897.0,9.8,14.6,13.2,10.6,7.7,8.1,13.0,17.6,18.8,89.1,96.6,98.1,73.0,66.3,66.6,0.0,0.0,0.0,999.9,999.9,999.9,16,7.4,8.9
16585596,0723,88.8,80.9,81.1,47.1,47.5,46.5,870.0,892.8,897.1,9.9,14.5,12.8,9.9,7.7,8.2,11.1,17.6,18.1,93.0,96.5,98.1,71.1,66.3,67.0,0.0,0.0,0.0,999.9,999.9,999.9,18,7.5,8.8
16585596,0723,88.1,81.0,81.2,47.1,47.5,46.3,869.6,892.8,897.0,39.8,14.5,12.8,10.6,7.7,8.3,15.0,17.6,18.2,95.0,96.5,97.7,71.1,66.4,67.0,0.0,0.0,0.0,999.9,999.9,999.9,0,7.6,9.3
16585596,0723,76.7,81.0,81.6,48.9,47.5,46.4,999.9,892.7,896.9,39.8,14.7,13.8,8.2,7.7,8.5,10.1,17.5,18.2,90.0,96.5,97.6,71.1,66.4,67.0,0.0,0.0,0.0,999.9,999.9,999.9,18,7.6,9.3
16585596,0723,81.1,81.0,81.5,57.6,47.6,46.6,868.1,893.4,896.9,9.8,14.9,14.8,10.4,7.7,8.4,18.1,17.4,18.0,99.0,96.5,97.2,62.1,66.4,67.2,0.0,0.0,0.0,999.9,999.9,999.9,0,7.6,8.3
16585596,0723,86.8,81.0,81.3,57.6,47.6,46.7,866.4,893.4,896.9,9.9,14.8,14.8,9.6,7.7,8.4,8.9,17.4,18.2,93.0,96.5,97.3,54.0,66.4,67.0,0.01,0.0,0.0,999.9,999.9,999.9,18,7.6,8.3
16585596,0723,85.2,81.0,81.5,39.9,47.7,47.4,999.9,893.4,896.8,9.7,14.8,14.8,5.6,7.7,8.4,15.9,17.3,17.8,87.1,96.4,97.0,73.0,66.4,66.4,0.0,0.0,0.0,999.9,999.9,999.9,18,7.7,8.9
16585596,0723,82.3,81.0,81.4,37.5,47.6,47.4,999.9,894.1,901.1,10.0,14.8,14.8,9.3,7.7,8.4,15.9,17.3,17.2,102.0,96.4,96.5,64.9,66.4,66.3,0.0,0.0,0.0,999.9,999.9,999.9,0,7.8,8.9
16585596,0723,69.7,81.1,81.4,54.1,47.5,47.0,872.7,894.8,905.4,10.0,14.8,14.8,5.6,7.7,8.3,15.9,17.2,17.2,99.0,96.4,96.4,62.1,66.5,66.0,0.03,0.0,0.0,999.9,999.9,999.9,18,7.7,8.9
16585596,0723,76.4,80.9,80.9,57.6,47.5,47.4,866.4,894.9,905.3,9.8,14.8,14.8,6.9,7.7,8.3,19.0,17.2,17.2,90.0,96.4,96.5,62.1,66.4,65.9,0.02,0.0,0.0,999.9,999.9,999.9,0,7.8,8.9
16585596,0723,79.9,80.9,80.8,57.2,47.6,48.1,866.4,894.9,905.1,10.0,14.8,14.1,5.6,7.7,8.2,34.0,17.2,17.2,95.0,96.5,96.0,66.2,66.3,65.8,0.14,0.0,0.0,999.9,999.9,999.9,0,7.8,8.9
16585596,0723,85.4,80.9,80.7,44.6,47.6,48.4,872.4,894.1,900.7,10.0,14.8,14.1,8.7,7.7,8.1,11.1,17.4,18.0,98.1,96.4,95.7,71.1,66.3,65.6,0.0,0.0,0.0,999.9,999.9,999.9,18,7.8,8.9
16585596,0723,89.6,80.9,80.5,37.5,47.6,48.3,871.5,894.1,900.7,22.2,14.8,14.1,8.7,7.7,8.0,11.1,17.3,18.1,93.0,96.4,95.9,66.0,66.4,66.0,0.0,0.0,0.0,999.9,999.9,999.9,18,7.9,8.9
16585596,0723,82.7,81.0,80.8,34.9,47.5,48.2,872.4,894.2,900.6,10.0,14.9,14.3,5.3,7.7,8.1,18.1,17.3,18.1,93.0,96.4,95.8,75.9,66.4,65.7,0.33,0.0,0.0,999.9,999.9,999.9,0,8.0,9.5
16585596,0723,89.6,81.0,80.9,54.6,47.5,47.6,871.5,894.1,896.4,9.9,14.7,14.3,10.2,7.7,8.0,11.1,17.3,17.8,102.0,96.4,95.5,61.0,66.5,66.2,0.11,0.0,0.0,999.9,999.9,999.9,0,7.9,9.5
16585596,0723,78.4,81.0,81.3,46.5,47.5,47.8,873.6,894.2,896.4,10.0,14.7,14.3,6.9,7.7,8.2,19.0,17.3,17.8,99.0,96.4,95.7,61.0,66.4,66.5,0.02,0.0,0.0,999.9,999.9,999.9,0,7.8,9.5
16585596,0723,80.3,81.0,81.3,39.9,47.5,48.0,873.6,894.2,896.5,41.0,14.6,13.9,6.4,7.7,8.1,12.0,17.3,17.7,79.0,96.4,95.6,66.0,66.4,66.2,0.14,0.0,0.0,999.9,999.9,999.9,0,7.6,8.9
16585596,0723,76.8,81.0,81.3,50.9,47.4,47.5,872.4,894.2,892.3,10.0,14.7,14.9,9.5,7.7,8.2,18.1,17.2,17.6,79.0,96.3,94.7,66.0,66.4,66.3,0.0,0.0,0.0,999.9,999.9,999.9,0,7.6,8.9
16585596,0723,80.3,81.0,81.3,45.2,47.5,47.5,873.6,894.2,888.1,9.7,14.7,14.9,5.6,7.7,8.1,15.0,17.3,17.7,79.0,96.2,94.0,71.1,66.4,66.3,0.0,0.0,0.0,999.9,999.9,999.9,0,7.6,8.9
16585596,0723,88.8,81.0,81.4,34.9,47.5,47.1,873.5,894.2,888.1,10.0,14.6,14.9,5.1,7.7,8.1,26.0,17.2,17.2,99.0,96.2,93.3,73.9,66.5,66.3,0.0,0.0,0.0,999.9,999.9,999.9,0,7.5,8.9
16585596,0723,89.2,81.0,81.5,48.9,47.5,46.6,999.9,894.2,888.2,9.9,14.6,14.5,6.3,7.7,8.1,14.0,17.3,17.5,102.9,96.1,93.6,66.0,66.6,66.4,0.01,0.0,0.0,999.9,999.9,999.9,18,7.5,8.3
16585596,0723,86.6,81.1,81.8,44.6,47.4,46.9,866.4,894.9,892.4,9.8,14.6,14.5,3.7,7.7,8.0,18.1,17.3,17.2,90.0,96.2,94.0,70.0,66.6,66.5,0.0,0.0,0.0,999.9,999.9,999.9,0,7.5,8.3
16585596,0723,69.7,81.1,82.1,41.2,47.4,46.7,873.6,894.9,887.9,9.8,14.6,14.5,6.5,7.6,7.8,20.0,17.3,17.2,99.0,96.2,93.8,66.0,66.6,66.8,0.0,0.0,0.0,999.9,999.9,999.9,18,7.5,8.3
16585596,0723,77.5,81.0,81.7,41.2,47.3,47.0,872.4,894.2,888.0,9.7,14.6,14.5,6.9,7.6,7.7,15.9,17.3,16.7,102.9,96.2,93.7,59.0,66.6,66.6,0.0,0.0,0.0,999.9,999.9,999.9,18,7.6,8.9
16585596,0723,85.2,81.0,81.5,33.1,47.3,46.5,872.7,894.2,888.0,13.5,14.5,14.1,8.7,7.6,7.7,18.1,17.3,16.4,79.0,96.2,93.8,57.9,66.5,66.5,0.02,0.0,0.0,999.9,999.9,999.9,18,7.6,8.9
16585596,0723,88.8,81.1,81.6,47.1,47.2,46.4,869.7,894.2,888.1,10.0,14.5,13.8,6.3,7.6,7.8,15.9,17.4,16.6,95.0,96.2,93.0,64.9,66.4,66.3,0.0,0.0,0.0,999.9,999.9,999.9,16,7.6,9.5
16585596,0723,87.8,81.1,82.5,47.1,47.2,46.1,871.4,894.1,888.1,9.9,14.5,13.8,5.6,7.6,7.6,12.0,17.4,16.0,104.0,96.2,92.7,73.0,66.5,66.5,0.0,0.0,0.0,999.9,999.9,999.9,18,7.6,9.4
16585596,0723,79.9,81.2,82.9,41.2,47.3,46.2,873.5,894.2,888.2,10.0,14.4,13.4,5.1,7.6,7.6,13.0,17.3,15.9,88.7,96.2,93.1,64.9,66.5,66.6,0.0,0.0,0.0,999.9,999.9,999.9,18,7.7,9.4
16585596,0723,87.8,81.2,83.0,54.5,47.2,46.4,873.0,893.4,888.3,22.2,14.4,13.5,9.8,7.6,7.4,13.0,17.2,15.7,95.0,96.1,92.9,62.1,66.5,66.6,0.03,0.0,0.0,999.9,999.9,999.9,18,7.8,9.4
16585596,0723,82.8,81.3,83.1,50.9,47.3,46.6,869.5,893.5,888.4,9.9,14.5,13.9,6.4,7.6,7.5,24.1,17.3,15.7,95.0,96.1,93.0,57.0,66.5,66.1,0.0,0.0,0.0,999.9,999.9,999.9,0,7.9,10.0
16585596,0723,74.2,81.2,83.0,41.2,47.3,46.6,873.0,893.4,888.3,22.3,14.5,13.9,6.2,7.6,7.5,10.1,17.3,16.1,100.0,96.1,93.5,73.0,66.4,66.1,0.0,0.0,0.0,999.9,999.9,999.9,2,7.9,9.5
16585596,0723,78.3,81.2,82.5,57.6,47.2,46.2,872.4,893.4,888.3,9.8,14.6,14.3,5.1,7.6,7.3,18.1,17.3,16.0,102.9,96.2,93.9,59.0,66.5,66.1,0.0,0.0,0.0,999.9,999.9,999.9,0,8.0,9.0
16585596,0723,69.7,81.2,82.2,50.9,47.2,46.5,869.7,892.7,888.4,22.3,14.5,14.3,10.4,7.6,7.2,8.9,17.3,16.2,88.7,96.2,94.2,59.0,66.5,65.7,0.0,0.0,0.0,999.9,999.9,999.9,18,8.0,8.4
16585596,0723,62.0,81.2,81.6,41.6,47.3,46.6,869.7,892.7,888.4,9.9,14.4,13.7,9.5,7.6,7.2,18.1,17.3,16.0,99.0,96.2,94.0,73.9,66.4,65.3,0.0,0.0,0.0,999.9,999.9,999.9,0,8.0,9.0
16585596,0723,85.4,81.1,81.1,41.6,47.2,46.4,870.5,892.8,884.0,10.0,14.4,12.7,6.2,7.6,7.2,15.9,17.3,16.3,95.0,96.2,94.3,66.9,66.4,65.4,0.03,0.0,0.0,999.9,999.9,999.9,0,8.0,8.4
16585596,0723,76.8,81.2,81.2,57.5,47.1,45.9,870.4,892.8,884.1,10.0,14.4,12.7,10.1,7.6,7.1,13.0,17.3,16.2,102.9,96.2,94.1,72.0,66.4,65.6,0.11,0.0,0.0,999.9,999.9,999.9,0,8.0,8.4
16585596,0723,82.8,81.1,80.9,41.4,47.2,45.9,871.4,892.7,884.3,10.0,14.2,12.7,6.9,7.7,7.1,13.0,17.3,16.3,95.0,96.2,94.5,64.9,66.4,66.2,0.0,0.0,0.0,999.9,999.9,999.9,0,8.0,7.8
16585596,0723,85.4,81.1,80.8,39.9,47.1,45.9,999.9,892.7,880.0,10.0,14.2,12.7,5.6,7.7,7.1,24.1,17.3,16.2,93.0,96.2,94.7,64.9,66.4,65.9,0.0,0.0,0.0,999.9,999.9,999.9,0,7.9,7.2
16585596,0723,80.7,81.2,80.9,54.1,47.0,46.0,870.4,893.4,880.0,10.0,14.2,12.7,9.5,7.7,7.0,13.0,17.4,16.5,87.1,96.2,94.4,71.1,66.4,65.9,0.0,0.0,0.0,999.9,999.9,999.9,18,7.9,7.2
16585596,0723,83.0,81.1,81.3,36.2,47.0,46.0,872.4,892.7,879.9,10.0,14.2,12.7,3.7,7.7,7.1,24.3,17.4,16.4,95.0,96.1,94.0,66.0,66.4,66.2,0.15,0.0,0.0,999.9,999.9,999.9,0,8.0,7.2
16585596,0723,76.4,81.1,81.5,50.9,46.9,45.3,870.5,892.7,880.1,10.0,14.2,12.7,8.2,7.6,7.0,8.9,17.4,16.6,102.0,96.1,94.2,72.0,66.3,66.3,0.0,0.0,0.0,999.9,999.9,999.9,2,8.0,7.2
16585596,0723,85.4,81.1,81.4,45.0,46.9,45.1,873.0,892.7,880.2,9.9,14.2,12.7,4.7,7.7,7.1,10.1,17.4,15.8,102.0,96.1,94.4,71.1,66.4,66.5,0.0,0.0,0.0,999.9,999.9,999.9,0,8.0,7.3
16585596,0723,74.2,81.1,81.4,57.2,47.0,45.1,873.0,892.7,880.3,14.9,14.2,12.7,6.9,7.6,7.0,18.1,17.4,15.7,93.0,96.1,94.6,66.0,66.5,66.5,0.0,0.0,0.0,999.9,999.9,999.9,0,7.9,6.7
16585596,0723,74.2,81.0,80.9,50.2,47.0,45.7,870.0,892.7,880.3,39.8,14.2,12.5,9.9,7.6,6.9,19.0,17.4,16.0,93.0,96.1,94.6,70.0,66.5,66.5,0.0,0.0,0.0,999.9,999.9,999.9,0,7.9,6.1
16585596,0723,88.8,81.0,80.6,58.4,46.9,46.2,999.9,892.0,880.2,10.0,14.4,13.5,9.8,7.6,7.1,19.0,17.4,16.0,93.9,96.0,94.6,71.1,66.5,66.3,0.15,0.0,0.0,999.9,999.9,999.9,18,7.9,6.1
16585596,0723,88.8,81.0,80.6,37.5,47.0,46.4,999.9,892.7,884.5,30.7,14.4,13.5,4.9,7.7,7.0,15.0,17.5,16.3,89.1,96.0,94.3,66.0,66.5,66.7,0.0,0.0,0.0,999.9,999.9,999.9,18,7.9,6.7
16585596,0723,89.6,81.1,80.9,49.3,46.9,46.1,869.5,893.4,888.7,9.9,14.5,14.2,6.6,7.6,7.0,12.0,17.4,16.1,93.0,96.0,94.0,75.0,66.5,66.8,0.14,0.0,0.0,999.9,999.9,999.9,0,7.7,7.3
16585596,0723,69.7,81.2,81.2,36.2,46.9,46.4,875.8,893.4,888.6,10.0,14.5,13.1,8.1,7.6,7.0,18.1,17.4,16.1,90.0,95.9,94.4,68.0,66.5,67.1,0.0,0.0,0.0,999.9,999.9,999.9,0,7.7,7.3
16585596,0723,76.8,81.1,81.0,50.9,46.8,45.9,870.0,893.5,888.7,9.9,14.5,13.1,10.2,7.6,6.9,15.9,17.4,16.1,100.0,95.9,94.8,66.0,66.5,67.2,0.14,0.0,0.0,999.9,999.9,999.9,0,7.7,7.3
16585596,0723,74.2,81.1,80.9,45.2,46.8,46.1,875.8,893.5,888.6,41.0,14.4,13.1,6.4,7.7,7.1,22.0,17.4,16.2,90.0,95.9,95.5,66.0,66.6,67.0,0.0,0.0,0.0,999.9,999.9,999.9,18,7.7,7.3
16585596,0723,81.8,81.0,80.4,57.6,46.8,46.4,999.9,893.5,888.6,10.0,14.6,14.2,8.7,7.7,7.1,10.1,17.4,16.0,87.1,95.9,95.2,71.1,66.6,66.8,0.11,0.0,0.0,999.9,999.9,999.9,0,7.8,7.9
16585596,0723,82.3,81.0,80.1,40.5,46.9,46.7,999.9,893.5,888.6,9.9,14.6,14.2,6.2,7.7,7.2,14.0,17.3,15.9,93.0,95.8,94.7,62.1,66.6,66.9,0.0,0.0,0.0,999.9,999.9,999.9,0,7.7,7.3
16585596,0723,78.4,80.9,80.0,39.9,46.8,46.6,873.6,894.2,893.1,9.9,14.6,14.2,6.3,7.7,7.3,14.0,17.2,15.8,95.0,95.8,94.8,71.1,66.6,66.7,0.03,0.0,0.0,999.9,999.9,999.9,0,7.4,7.3
16585596,0723,80.9,80.9,80.3,36.2,46.8,46.5,873.6,894.2,893.1,9.8,14.4,14.2,8.2,7.7,7.3,13.0,17.1,15.6,95.0,95.8,94.6,57.0,66.6,66.8,0.14,0.0,0.0,999.9,999.9,999.9,0,7.4,6.7
16585596,0723,86.6,80.9,80.4,54.1,46.7,46.4,872.4,894.2,893.1,10.0,14.4,14.2,6.9,7.7,7.3,19.0,17.1,15.5,99.0,95.7,94.4,64.9,66.5,66.8,0.02,0.0,0.0,999.9,999.9,999.9,18,7.3,6.1
16585596,0723,86.8,80.9,80.5,49.3,46.8,47.1,873.6,893.5,893.1,13.5,14.4,14.1,6.4,7.7,7.3,34.0,17.1,15.5,102.0,95.8,95.0,73.9,66.5,67.0,0.0,0.0,0.0,999.9,999.9,999.9,18,7.4,6.1
16585596,0723,81.1,81.0,80.4,36.2,46.8,47.1,872.4,892.8,893.3,10.0,14.4,14.2,4.7,7.7,7.3,17.1,17.2,16.1,95.0,95.8,95.3,59.0,66.6,67.3,0.0,0.0,0.0,999.9,999.9,999.9,48,7.5,6.1
16585596,0723,85.2,81.0,80.2,47.2,46.7,46.8,999.9,892.8,893.3,22.3,14.4,14.2,9.5,7.7,7.3,19.0,17.2,16.3,93.9,95.9,95.0,75.9,66.5,66.8,0.01,0.0,0.0,999.9,999.9,999.9,2,7.5,7.1
16585596,0723,76.4,81.0,80.3,45.0,46.7,47.0,868.1,893.5,897.5,10.0,14.5,14.6,9.6,7.6,7.4,19.0,17.3,16.5,98.1,95.8,95.2,62.1,66.6,67.2,0.0,0.0,0.0,999.9,999.9,999.9,18,7.5,6.6
16585596,0723,77.5,81.0,80.0,46.5,46.7,46.7,871.4,893.5,897.3,10.0,14.3,14.2,8.8,7.6,7.4,11.1,17.3,16.7,93.0,95.8,95.3,61.0,66.6,67.2,0.0,0.0,0.0,999.9,999.9,999.9,18,7.5,6.6
16585596,0723,87.8,80.9,79.8,45.2,46.7,46.5,999.9,893.5,897.4,10.0,14.3,14.2,9.5,7.7,7.5,13.0,17.3,16.2,90.0,95.7,95.2,68.0,66.5,67.3,0.17,0.0,0.0,999.9,999.9,999.9,0,7.6,7.2
16585596,0723,83.0,81.0,80.2,52.0,46.7,46.6,866.4,894.2,901.6,9.9,14.3,13.8,10.1,7.7,7.6,15.9,17.3,16.3,102.9,95.7,94.9,70.0,66.5,67.2,0.0,0.0,0.0,999.9,999.9,999.9,0,7.5,7.1
16585596,0723,82.8,81.0,80.4,48.9,46.7,46.5,873.0,894.2,901.4,9.8,14.3,13.8,9.6,7.7,7.7,14.0,17.3,16.3,100.0,95.7,94.9,61.0,66.6,67.5,0.0,0.0,0.0,999.9,999.9,999.9,48,7.5,7.1
16585596,0723,81.1,81.0,80.8,37.5,46.8,46.4,872.4,894.2,901.5,10.0,14.3,13.4,8.2,7.7,7.7,14.0,17.3,16.4,102.9,95.8,95.2,64.9,66.6,67.6,0.02,0.0,0.0,999.9,999.9,999.9,0,7.7,8.1
16585596,0723,88.1,80.9,81.5,58.4,46.7,46.3,869.0,894.2,901.6,10.0,14.3,13.4,6.5,7.7,7.7,19.0,17.2,16.3,91.9,95.8,95.4,66.0,66.5,67.3,0.02,0.0,0.0,999.9,999.9,999.9,18,7.6,8.1
16585596,0723,80.3,80.9,81.6,48.9,46.7,46.8,873.0,894.2,901.6,10.0,14.2,13.4,5.6,7.7,7.7,10.1,17.3,16.4,93.0,95.7,95.3,61.0,66.5,67.3,0.0,0.0,0.0,999.9,999.9,999.9,0,7.7,8.7
16585596,0723,76.4,80.9,81.7,52.0,46.7,46.5,871.5,894.3,901.7,10.0,14.2,13.4,6.4,7.7,7.5,18.1,17.3,16.3,93.0,95.7,94.9,71.1,66.5,66.9,0.0,0.0,0.0,999.9,999.9,999.9,0,7.7,8.7
16585596,0723,76.8,80.9,81.5,50.2,46.7,46.9,868.1,893.5,901.7,10.0,14.2,13.4,6.2,7.7,7.5,11.1,17.3,16.5,98.1,95.7,94.9,61.0,66.5,67.1,0.01,0.0,0.0,999.9,999.9,999.9,0,7.7,8.7
16585596,0723,80.3,80.9,81.2,48.9,46.7,47.2,869.5,893.5,897.3,13.5,14.2,13.4,5.1,7.7,7.5,15.9,17.3,16.0,88.7,95.8,95.0,61.0,66.5,67.0,0.0,0.0,0.0,999.9,999.9,999.9,2,7.7,8.7
16585596,0723,80.9,80.9,81.2,54.6,46.8,47.1,869.7,892.8,897.2,41.0,14.3,13.5,5.3,7.7,7.4,20.0,17.3,16.1,93.9,95.7,95.1,73.0,66.4,66.6,0.0,0.0,0.0,999.9,999.9,999.9,0,7.7,8.2
16585596,0723,77.5,80.9,81.1,46.5,46.8,47.7,871.4,892.8,897.2,9.7,14.4,14.5,6.2,7.6,7.5,19.0,17.3,16.0,90.0,95.7,95.0,66.0,66.5,66.9,0.15,0.0,0.0,999.9,999.9,999.9,18,7.7,8.2
16585596,0723,82.7,80.9,81.1,39.9,46.8,47.5,999.9,892.8,897.2,9.9,14.4,14.5,10.1,7.6,7.4,20.0,17.4,16.3,98.1,95.6,94.7,57.9,66.6,66.7,0.0,0.0,0.0,999.9,999.9,999.9,0,7.7,8.7
16585596,0723,83.0,80.8,81.0,41.4,46.8,47.3,869.5,892.8,901.4,10.0,14.3,14.5,9.5,7.6,7.6,12.0,17.3,16.7,91.9,95.6,94.5,68.0,66.5,66.2,0.15,0.0,0.0,999.9,999.9,999.9,18,7.6,8.7
16585596,0723,76.8,80.8,81.3,47.1,46.8,46.8,869.5,892.8,901.3,9.9,14.2,14.3,9.3,7.6,7.6,15.9,17.2,16.4,87.1,95.6,94.5,64.9,66.5,66.3,0.0,0.0,0.0,999.9,999.9,999.9,2,7.7,9.3
16585596,0723,77.5,80.8,81.4,34.9,46.8,46.7,873.6,892.7,901.3,9.9,14.2,13.4,10.6,7.6,7.6,19.0,17.2,16.3,93.9,95.5,94.3,57.9,66.5,66.1,0.0,0.0,0.0,999.9,999.9,999.9,2,7.8,9.4
16585596,0723,86.8,80.7,81.0,54.5,46.7,45.9,872.4,892.8,897.1,9.9,14.2,13.3,5.6,7.6,7.7,11.1,17.2,16.3,99.0,95.6,94.3,66.9,66.5,65.7,0.0,0.0,0.0,999.9,999.9,999.9,0,7.8,8.9
16585596,0723,81.8,80.7,81.0,46.5,46.7,46.5,872.7,892.8,892.8,10.0,14.0,12.7,5.3,7.7,7.7,15.9,17.2,16.2,93.0,95.6,94.6,66.9,66.5,65.7,0.02,0.0,0.0,999.9,999.9,999.9,18,7.8,8.3
16585596,0723,78.3,80.8,80.7,41.2,46.7,46.4,873.1,892.8,892.9,10.0,14.0,12.7,7.8,7.6,7.6,22.0,17.2,16.3,98.1,95.6,94.6,70.0,66.5,65.5,0.0,0.0,0.0,999.9,999.9,999.9,18,7.9,8.9
16585596,0723,88.1,80.9,81.0,50.2,46.7,46.6,873.6,892.8,892.8,10.0,14.0,12.7,6.4,7.6,7.6,11.1,17.2,16.5,93.0,95.6,94.9,64.9,66.5,65.5,0.0,0.0,0.0,999.9,999.9,999.9,18,7.9,9.5
16585596,0723,74.2,80.9,81.4,57.5,46.7,46.6,999.9,892.8,893.0,9.9,14.0,12.7,6.3,7.6,7.5,31.1,17.2,16.3,93.9,95.6,94.7,68.0,66.5,65.5,0.01,0.0,0.0,999.9,999.9,999.9,0,8.0,10.1
16585596,0723,74.2,80.9,81.4,44.6,46.8,47.0,869.7,893.6,897.1,10.0,14.0,11.6,5.3,7.6,7.5,10.1,17.3,16.6,100.0,95.6,94.8,72.0,66.5,65.6,0.33,0.0,0.0,999.9,999.9,999.9,48,8.0,9.5
16585596,0723,69.7,80.8,81.1,54.5,46.9,46.5,873.0,893.6,892.8,10.0,14.0,11.6,9.3,7.6,7.4,15.0,17.3,16.6,99.0,95.6,95.2,71.1,66.5,65.6,0.0,0.0,0.0,999.9,999.9,999.9,2,8.1,11.1
16585596,0723,81.1,80.8,80.7,47.1,46.9,47.0,870.5,893.6,888.5,10.0,14.0,11.6,6.5,7.6,7.5,18.1,17.2,16.6,104.0,95.6,95.4,70.0,66.5,65.9,0.0,0.0,0.0,999.9,999.9,999.9,18,8.1,11.1
16585596,0723,80.7,80.8,80.8,55.9,46.9,47.2,999.9,893.6,888.4,22.2,14.0,11.6,6.2,7.6,7.5,13.0,17.2,16.8,95.0,95.7,95.7,72.0,66.5,65.8,0.0,0.0,0.0,999.9,999.9,999.9,0,8.1,11.7
16585596,0723,69.7,80.8,80.8,39.9,47.0,47.9,869.5,894.3,892.6,10.0,14.1,12.0,6.2,7.5,7.4,13.0,17.2,16.8,98.1,95.7,95.7,66.9,66.6,66.3,0.17,0.0,0.0,999.9,999.9,999.9,48,8.0,11.7
16585596,0723,82.7,80.6,80.2,54.5,47.0,47.4,866.4,894.3,892.5,9.9,14.1,12.0,11.6,7.6,7.4,13.0,17.2,16.6,102.0,95.7,95.7,64.9,66.6,66.4,0.0,0.0,0.0,999.9,999.9,999.9,18,8.3,12.7
16585596,0723,88.8,80.7,80.1,54.6,47.0,47.6,872.4,894.2,892.3,20.3,14.1,11.9,10.6,7.6,7.6,19.0,17.1,15.9,93.0,95.8,95.7,64.9,66.6,66.1,0.0,0.0,0.0,999.9,999.9,999.9,18,8.4,12.7
16585596,0723,82.8,80.7,80.3,45.2,47.0,48.2,869.5,894.3,892.3,10.0,14.1,12.3,6.5,7.6,7.8,31.1,17.1,16.0,104.0,95.8,95.6,71.1,66.5,66.3,0.0,0.0,0.0,999.9,999.9,999.9,0,8.4,11.7
16585596,0723,78.4,80.8,80.3,57.2,47.1,48.1,873.6,894.3,888.0,10.0,14.1,11.9,6.9,7.6,7.7,19.0,17.2,16.4,90.0,95.8,96.0,75.0,66.6,66.1,0.0,0.0,0.0,999.9,999.9,999.9,0,8.4,11.7
16585596,0723,79.9,80.7,80.3,36.2,47.2,48.5,870.0,894.3,888.1,9.9,14.1,11.9,6.3,7.6,7.6,22.0,17.2,16.4,95.0,95.8,95.7,61.0,66.7,66.6,0.0,0.0,0.0,999.9,999.9,999.9,18,8.4,11.1
16585596,0723,87.8,80.8,80.4,44.1,47.1,48.2,871.5,894.2,888.1,10.0,14.1,11.9,4.7,7.5,7.5,24.3,17.2,16.7,102.0,95.8,95.8,64.9,66.6,66.6,0.0,0.0,0.0,999.9,999.9,999.9,0,8.5,11.1
16585596,0723,79.9,80.8,80.4,58.4,47.1,48.2,871.4,894.3,883.8,9.8,14.0,11.9,9.9,7.5,7.3,18.1,17.2,17.1,95.0,95.8,96.2,64.9,66.6,66.5,0.03,0.0,0.0,999.9,999.9,999.9,18,8.5,11.1
16585596,0723,80.3,80.8,80.3,45.2,47.2,48.4,873.1,894.2,884.0,9.9,14.0,11.9,9.9,7.5,7.3,15.9,17.3,17.2,93.9,95.8,95.9,73.9,66.6,66.3,0.0,0.0,0.0,999.9,999.9,999.9,0,8.5,11.7
16585596,0723,83.0,80.8,80.2,57.5,47.2,48.3,869.5,894.3,884.0,39.8,14.0,11.9,9.5,7.6,7.3,15.9,17.2,17.2,102.9,95.8,95.7,62.2,66.7,66.7,0.0,0.0,0.0,999.9,999.9,999.9,0,8.5,10.1
16585596,0723,85.4,80.8,80.3,50.9,47.3,48.9,875.8,893.5,883.9,10.0,14.1,12.8,6.9,7.6,7.4,13.0,17.1,17.3,93.0,95.8,95.7,70.0,66.6,66.6,0.14,0.0,0.0,999.9,999.9,999.9,0,8.4,10.1
16585596,0723,69.7,80.9,80.2,39.9,47.2,48.7,872.7,892.8,884.1,22.2,14.1,12.8,11.6,7.6,7.4,15.9,17.1,17.1,95.0,95.8,95.7,73.9,66.7,66.8,0.0,0.0,0.0,999.9,999.9,999.9,0,8.4,9.5
16585596,0723,76.4,80.7,79.8,45.0,47.2,48.4,869.7,892.8,884.1,9.9,14.2,13.3,5.1,7.6,7.6,13.0,17.1,17.3,99.0,95.9,95.8,61.0,66.8,67.2,0.0,0.0,0.0,999.9,999.9,999.9,0,8.4,9.5
16585596,0723,89.2,80.7,79.8,46.5,47.2,48.1,870.0,892.8,884.0,9.9,14.2,13.3,6.9,7.6,7.6,11.1,17.1,17.1,93.0,95.9,96.0,62.1,66.8,66.9,0.0,0.0,0.0,999.9,999.9,999.9,18,8.4,9.5
16585596,0723,78.4,80.9,80.3,45.0,47.2,48.0,875.8,892.8,884.1,10.0,14.2,13.2,5.3,7.6,7.6,15.0,17.0,17.1,99.0,95.8,95.8,62.2,66.7,66.9,0.0,0.0,0.0,999.9,999.9,999.9,0,8.4,10.1
16585596,0723,80.7,80.9,80.2,54.5,47.3,47.9,873.6,892.9,884.3,9.9,14.2,13.1,10.1,7.6,7.6,13.0,17.0,17.1,95.0,95.8,96.2,73.9,66.7,66.9,0.0,0.0,0.0,999.9,999.9,999.9,18,8.3,10.0
16585596,0723,78.3,80.9,80.2,45.2,47.4,47.9,870.4,892.9,884.4,10.0,14.1,12.1,8.2,7.6,7.7,34.0,17.0,16.9,93.0,95.8,96.2,71.1,66.7,67.0,0.0,0.0,0.0,999.9,999.9,999.9,48,8.3,10.6
16585596,0723,62.0,80.9,80.2,55.6,47.3,47.8,999.9,892.1,884.4,22.2,14.0,12.1,8.8,7.6,7.8,18.1,17.1,17.4,93.0,95.8,96.3,57.0,66.7,67.1,0.17,0.0,0.0,999.9,999.9,999.9,18,8.6,11.6
16585596,0723,82.7,80.8,79.5,54.1,47.3,48.4,873.6,892.8,884.4,10.0,14.1,12.5,10.6,7.7,7.8,11.1,17.1,17.3,79.0,95.7,96.1,63.0,66.7,67.1,0.11,0.0,0.0,999.9,999.9,999.9,0,8.7,12.2
16585596,0723,86.8,80.8,79.5,55.9,47.4,48.8,870.0,892.9,884.5,39.8,14.0,12.5,8.2,7.7,7.8,12.0,17.1,17.3,87.1,95.6,95.7,62.1,66.6,67.0,0.17,0.0,0.0,999.9,999.9,999.9,18,8.6,11.6
16585596,0723,89.2,80.9,79.8,45.2,47.4,49.1,871.0,892.9,884.6,10.0,14.2,13.5,5.3,7.7,7.8,15.9,17.1,17.1,99.0,95.5,95.7,70.0,66.6,66.9,0.02,0.0,0.0,999.9,999.9,999.9,2,8.7,12.1
16585596,0723,77.5,80.9,80.2,54.1,47.5,49.4,869.5,892.8,884.5,10.0,14.2,13.5,7.8,7.7,7.6,26.0,17.1,17.0,102.0,95.5,95.9,62.1,66.6,67.3,0.0,0.0,0.0,999.9,999.9,999.9,0,8.6,12.1
16585596,0723,87.8,80.9,79.9,37.5,47.4,49.4,873.0,892.9,884.4,22.2,14.2,13.5,6.2,7.7,7.7,18.1,17.2,17.5,93.9,95.6,96.0,62.1,66.6,67.1,0.0,0.0,0.0,999.9,999.9,999.9,18,8.5,12.1
16585596,0723,62.0,80.9,80.1,55.9,47.4,49.1,873.0,892.9,884.4,39.8,14.2,13.9,9.8,7.7,7.7,14.0,17.1,17.6,102.0,95.7,96.0,71.1,66.6,66.9,0.0,0.0,0.0,999.9,999.9,999.9,0,8.5,12.1
16585596,0723,62.0,80.7,79.6,48.9,47.4,49.6,999.9,892.2,884.4,10.0,14.3,14.9,10.2,7.7,7.8,13.0,17.2,17.3,102.0,95.7,96.1,66.2,66.6,67.0,0.0,0.0,0.0,999.9,999.9,999.9,0,8.4,11.5
16585596,0723,79.3,80.6,78.7,49.3,47.5,49.6,870.4,892.9,888.6,9.9,14.3,14.9,10.2,7.7,7.9,13.0,17.1,17.4,100.0,95.7,96.4,71.1,66.6,67.0,0.02,0.0,0.0,999.9,999.9,999.9,0,8.4,10.9
16585596,0723,87.8,80.6,78.9,57.6,47.5,49.3,869.0,892.8,884.3,9.7,14.3,14.9,5.3,7.7,8.0,15.0,17.0,16.8,79.0,95.8,96.6,75.0,66.6,67.1,0.0,0.0,0.0,999.9,999.9,999.9,18,8.4,10.9
16585596,0723,76.8,80.6,79.3,45.0,47.5,49.7,870.0,892.1,884.3,13.5,14.3,14.9,6.9,7.7,8.0,13.0,17.0,17.0,102.0,95.7,95.9,66.9,66.7,67.2,0.0,0.0,0.0,999.9,999.9,999.9,0,8.5,9.9
16585596,0723,85.2,80.6,79.6,41.2,47.5,49.4,869.0,892.1,884.2,13.5,14.2,15.0,6.2,7.7,7.9,12.0,17.0,16.9,95.0,95.7,96.0,57.9,66.7,67.1,0.0,0.0,0.0,999.9,999.9,999.9,0,8.5,9.9
16585596,0723,82.8,80.7,79.7,41.4,47.5,49.2,873.6,891.4,884.1,20.3,14.2,15.1,10.2,7.7,7.9,18.1,17.0,16.7,100.0,95.7,95.7,64.9,66.6,66.7,0.0,0.0,0.0,999.9,999.9,999.9,0,8.4,9.3
16585596,0723,85.4,80.7,79.8,49.2,47.4,48.7,875.8,891.4,879.9,9.9,14.1,15.1,6.9,7.7,8.1,10.1,17.0,16.9,95.0,95.7,95.9,66.0,66.6,66.4,0.0,0.0,0.0,999.9,999.9,999.9,18,8.4,9.3
16585596,0723,82.7,80.7,80.3,49.2,47.4,49.0,871.5,891.4,880.1,10.0,14.1,15.1,5.3,7.7,8.1,10.1,17.0,16.8,93.0,95.7,95.8,66.0,66.6,66.4,0.11,0.0,0.0,999.9,999.9,999.9,18,8.4,8.3
16585596,0723,88.1,80.7,80.3,48.9,47.4,48.9,999.9,891.4,880.3,9.9,14.1,15.1,3.7,7.7,7.9,19.0,16.9,16.7,100.0,95.7,95.5,71.1,66.6,66.4,0.02,0.0,0.0,999.9,999.9,999.9,18,8.4,8.3
16585596,0723,77.5,80.8,80.3,47.1,47.4,48.7,870.0,892.1,884.5,10.0,14.1,14.7,4.9,7.7,7.6,15.9,16.8,16.7,102.0,95.7,95.7,68.0,66.7,66.7,0.0,0.0,0.0,999.9,999.9,999.9,0,8.4,8.3
16585596,0723,85.2,80.8,80.1,45.2,47.4,48.7,869.5,892.1,884.5,22.2,14.1,14.7,5.6,7.6,7.6,13.0,16.8,16.2,87.1,95.8,95.7,62.1,66.7,66.6,0.0,0.0,0.0,999.9,999.9,999.9,0,8.3,8.3
16585596,0723,86.6,80.8,80.3,48.9,47.4,48.3,871.5,891.4,884.4,9.7,14.1,15.1,9.6,7.6,7.5,20.0,16.8,16.0,102.9,95.8,95.6,75.0,66.7,66.1,0.11,0.0,0.0,999.9,999.9,999.9,18,8.3,8.3
16585596,0723,62.0,80.9,80.5,50.9,47.4,48.7,999.9,891.4,884.5,10.0,14.1,15.1,3.7,7.6,7.7,31.1,16.8,15.9,104.0,95.8,95.8,62.1,66.7,66.6,0.02,0.0,0.0,999.9,999.9,999.9,0,8.3,8.3
16585596,0723,76.8,80.8,79.7,49.2,47.4,49.0,999.9,891.4,888.7,9.9,14.1,15.1,9.8,7.6,7.6,12.0,16.9,16.1,90.0,95.9,95.9,75.9,66.6,66.5,0.0,0.0,0.0,999.9,999.9,999.9,18,8.3,8.3
16585596,0723,88.1,80.8,79.6,44.6,47.4,48.7,869.5,892.1,893.0,39.8,14.0,15.1,6.3,7.6,7.6,13.0,16.9,15.9,89.1,95.9,95.7,75.0,66.7,66.9,0.0,0.0,0.0,999.9,999.9,999.9,0,8.4,8.3
16585596,0723,88.1,80.8,79.8,50.2,47.3,48.6,869.6,892.1,892.9,10.0,14.2,16.1,9.8,7.6,7.5,24.3,16.9,15.8,100.0,95.8,95.6,66.0,66.8,66.9,0.0,0.0,0.0,999.9,999.9,999.9,18,8.4,8.3
16585596,0723,89.6,80.9,80.0,39.9,47.4,48.4,872.4,892.0,892.9,20.3,14.2,15.1,10.2,7.6,7.5,34.0,16.9,16.1,102.0,95.9,95.5,54.0,66.7,67.0,0.33,0.0,0.0,999.9,999.9,999.9,0,8.5,8.9
16585596,0723,74.2,80.9,80.2,57.6,47.4,48.0,872.9,892.0,892.8,9.7,14.1,15.5,3.7,7.6,7.6,15.0,17.0,16.8,91.9,95.9,95.8,54.0,66.7,66.5,0.0,0.0,0.0,999.9,999.9,999.9,0,8.4,8.9
16585596,0723,77.5,80.9,80.3,55.6,47.5,48.6,869.6,892.1,892.8,10.0,14.1,15.1,7.8,7.6,7.4,13.0,16.9,16.8,90.0,95.8,95.7,62.1,66.6,65.8,0.02,0.0,0.0,999.9,999.9,999.9,0,8.3,8.9
16585596,0723,82.7,80.9,80.3,49.2,47.5,49.0,869.0,892.0,892.8,10.0,14.1,15.1,10.4,7.6,7.5,18.1,16.9,16.8,93.0,95.8,95.4,66.9,66.6,65.9,0.15,0.0,0.0,999.9,999.9,999.9,0,8.3,8.9
16585596,0723,77.1,80.8,80.1,48.9,47.5,49.1,870.4,892.0,892.8,14.9,14.1,15.1,5.6,7.6,7.6,15.9,16.9,17.0,89.1,95.7,95.4,70.0,66.6,66.0,0.0,0.0,0.0,999.9,999.9,999.9,18,8.3,8.3
16585596,0723,69.7,80.8,80.1,50.2,47.5,49.2,866.4,892.0,892.6,9.9,14.1,15.2,6.2,7.6,7.6,10.1,17.0,17.0,95.0,95.7,95.0,72.0,66.7,66.3,0.0,0.0,0.0,999.9,999.9,999.9,0,8.4,8.9
16585596,0723,81.8,80.8,79.7,41.4,47.5,49.1,866.4,892.0,892.3,10.0,14.1,15.2,10.6,7.6,7.4,10.1,16.9,16.9,102.0,95.7,95.0,75.0,66.7,66.2,0.0,0.0,0.0,999.9,999.9,999.9,18,8.3,8.3
16585596,0723,69.7,80.8,79.8,45.2,47.5,48.9,999.9,891.9,892.2,20.3,14.0,15.2,9.8,7.6,7.5,18.1,16.9,16.1,100.0,95.7,95.3,73.9,66.7,66.4,0.15,0.0,0.0,999.9,999.9,999.9,18,8.4,7.3
16585596,0723,82.7,80.7,80.1,57.5,47.4,48.6,870.0,892.7,892.2,10.0,13.9,15.2,9.5,7.6,7.6,26.0,17.0,16.1,104.0,95.8,95.6,64.9,66.7,66.9,0.0,0.0,0.0,999.9,999.9,999.9,18,8.4,7.3
16585596,0723,79.9,80.7,80.1,52.0,47.5,48.7,868.1,892.6,892.1,13.5,13.9,15.2,8.2,7.6,7.5,24.1,17.0,16.6,99.0,95.8,96.4,61.0,66.7,67.0,0.0,0.0,0.0,999.9,999.9,999.9,0,8.4,7.9
16585596,0723,85.4,80.7,79.9,41.2,47.5,48.6,869.5,891.9,892.0,10.0,14.0,14.3,9.8,7.6,7.5,12.0,17.0,17.0,90.0,95.8,96.8,54.0,66.7,66.9,0.0,0.0,0.0,999.9,999.9,999.9,0,8.4,7.3
16585596,0723,81.1,80.8,79.7,45.2,47.4,48.4,872.4,891.9,892.0,30.7,14.0,14.3,6.3,7.7,7.7,22.0,17.0,16.9,88.7,95.7,96.5,61.0,66.6,66.4,0.0,0.0,0.0,999.9,999.9,999.9,0,8.3,7.2
16585596,0723,85.4,80.9,79.9,55.6,47.4,48.1,870.5,891.9,892.1,9.9,14.0,15.0,9.8,7.6,7.6,17.1,17.0,16.8,104.0,95.7,96.1,71.1,66.5,66.4,0.0,0.0,0.0,999.9,999.9,999.9,18,8.3,7.2
16585596,0723,82.8,80.9,79.8,54.6,47.4,48.7,872.4,891.9,892.0,14.9,14.0,14.6,9.3,7.7,7.7,11.1,17.0,16.7,93.0,95.7,96.4,62.1,66.6,66.7,0.33,0.0,0.0,999.9,999.9,999.9,0,8.4,7.2
16585596,0723,89.6,80.8,80.5,48.9,47.4,48.7,999.9,891.9,892.0,20.3,14.0,13.7,5.3,7.7,7.7,14.0,17.0,16.6,88.7,95.7,96.1,66.0,66.6,66.4,0.0,0.0,0.0,999.9,999.9,999.9,0,8.4,7.2
16585596,0723,88.1,80.9,81.4,47.1,47.4,48.7,873.1,892.6,892.0,10.0,14.0,14.1,5.6,7.7,7.6,22.0,16.9,16.7,102.0,95.6,95.6,64.9,66.6,66.4,0.03,0.0,0.0,999.9,999.9,999.9,0,8.4,7.2
16585596,0723,79.9,80.9,81.7,44.1,47.4,48.6,872.4,891.9,892.1,10.0,14.0,14.1,10.2,7.7,7.4,20.0,16.9,17.0,91.9,95.7,95.7,66.9,66.5,66.2,0.0,0.0,0.0,999.9,999.9,999.9,0,8.3,7.2
16585596,0723,88.1,80.9,81.4,46.5,47.4,48.2,872.4,891.9,892.2,9.9,14.0,14.1,10.6,7.7,7.6,15.0,17.0,17.1,102.9,95.6,96.1,71.1,66.6,65.9,0.0,0.0,0.0,999.9,999.9,999.9,18,8.2,6.6
16585596,0723,79.9,80.9,81.8,41.4,47.4,48.2,875.8,891.9,892.2,9.9,14.0,14.0,6.3,7.7,7.7,22.0,17.0,17.2,104.0,95.7,96.2,72.0,66.6,66.0,0.15,0.0,0.0,999.9,999.9,999.9,0,8.3,7.2
16585596,0723,86.6,80.9,81.6,58.4,47.4,48.2,869.5,892.0,892.5,10.0,14.0,13.9,5.6,7.7,7.7,13.0,17.0,17.5,93.9,95.7,96.5,71.1,66.5,66.5,0.0,0.0,0.0,999.9,999.9,999.9,0,8.3,7.2
16585596,0723,78.3,80.9,81.7,45.2,47.5,48.8,869.0,891.9,892.3,22.3,14.0,13.5,6.4,7.6,7.5,17.1,16.9,17.4,95.0,95.8,96.3,70.0,66.6,66.7,0.0,0.0,0.0,999.9,999.9,999.9,0,8.3,7.2
16585596,0723,85.2,80.9,81.5,33.1,47.5,48.7,873.5,892.0,892.1,10.0,14.1,13.9,9.6,7.6,7.5,24.1,16.9,17.6,93.9,95.7,96.3,70.0,66.6,66.8,0.15,0.0,0.0,999.9,999.9,999.9,18,8.3,6.6
16585596,0723,80.3,80.9,81.6,45.0,47.4,48.1,871.5,891.3,892.2,10.0,13.9,13.9,8.1,7.6,7.7,13.0,16.9,18.1,93.9,95.7,96.3,75.0,66.7,67.0,0.17,0.0,0.0,999.9,999.9,999.9,0,8.4,6.6
16585596,0723,86.8,80.9,81.3,55.6,47.4,48.0,869.6,891.3,887.9,10.0,13.9,13.9,7.8,7.7,7.8,15.9,16.9,17.9,93.0,95.7,96.1,73.9,66.7,67.1,0.0,0.0,0.1,999.9,999.9,999.9,0,8.4,6.0
16585596,0723,80.3,81.0,81.6,49.3,47.5,48.3,866.4,891.3,887.9,9.9,13.8,13.9,3.7,7.7,7.9,15.9,16.9,17.9,95.0,95.7,95.8,61.0,66.7,67.3,0.0,0.0,0.1,999.9,999.9,999.9,0,8.4,6.0
16585596,0723,82.3,81.0,81.5,48.9,47.5,48.4,869.5,890.5,887.8,9.8,13.8,13.5,9.3,7.7,7.9,10.1,16.9,18.0,102.0,95.7,96.1,70.0,66.7,67.3,0.0,0.0,0.1,999.9,999.9,999.9,0,8.4,6.0
16585596,0723,62.0,81.0,81.3,39.9,47.5,48.4,873.6,890.5,887.7,10.0,13.6,13.5,8.7,7.7,7.8,26.0,16.9,17.6,88.7,95.7,96.0,62.2,66.7,67.1,0.02,0.0,0.0,999.9,999.9,999.9,18,8.4,5.4
16585596,0723,69.7,80.9,81.3,52.0,47.4,48.1,873.1,890.5,883.5,9.9,13.6,13.5,9.5,7.7,8.0,15.9,16.9,17.5,93.0,95.7,95.5,63.0,66.7,67.1,0.33,0.0,0.0,999.9,999.9,999.9,18,8.4,6.0
16585596,0723,86.8,80.8,81.1,33.1,47.4,48.1,872.4,890.5,879.3,10.0,13.6,13.5,5.6,7.7,8.0,11.1,16.9,17.6,88.7,95.7,95.6,66.9,66.7,66.7,0.0,0.0,0.1,999.9,999.9,999.9,0,8.5,6.0
16585596,0723,83.0,80.9,81.1,50.9,47.3,47.8,872.9,890.5,879.4,14.9,13.6,12.5,8.2,7.7,8.0,13.0,16.9,17.5,88.7,95.6,95.6,70.0,66.7,66.4,0.17,0.0,0.1,999.9,999.9,999.9,0,8.5,6.0
16585596,0723,88.1,80.9,80.9,55.6,47.4,47.8,999.9,889.8,879.5,9.9,13.6,12.7,5.3,7.7,7.9,18.1,16.9,17.2,90.0,95.5,95.2,61.0,66.7,66.5,0.0,0.0,0.1,999.9,999.9,999.9,0,8.2,5.4
16585596,0723,76.8,80.9,80.8,45.2,47.4,48.3,872.7,890.5,883.7,10.0,13.6,12.4,11.6,7.7,7.8,11.1,16.9,16.6,99.0,95.5,94.8,70.0,66.7,66.8,0.0,0.0,0.1,999.9,999.9,999.9,18,8.2,5.4
16585596,0723,81.8,80.9,80.9,55.6,47.4,47.9,872.4,890.5,883.7,10.0,13.6,12.4,10.2,7.7,8.0,11.1,16.8,16.5,102.0,95.5,95.1,66.2,66.6,67.3,0.0,0.0,0.1,999.9,999.9,999.9,0,8.3,6.0
16585596,0723,78.4,80.8,81.1,49.2,47.5,47.9,873.6,890.6,883.8,13.5,13.6,12.4,9.9,7.7,8.1,10.1,16.7,16.4,90.0,95.5,95.5,57.9,66.6,67.4,0.0,0.0,0.1,999.9,999.9,999.9,18,8.2,6.0
16585596,0723,86.8,80.8,80.9,50.9,47.5,47.9,871.4,890.6,884.0,10.0,13.6,12.5,10.2,7.7,8.1,15.9,16.7,16.2,93.0,95.4,95.4,71.1,66.5,67.1,0.11,0.0,0.1,999.9,999.9,999.9,18,8.3,6.6
16585596,0723,74.2,80.8,81.2,41.6,47.6,48.0,875.8,890.6,884.0,9.9,13.6,12.3,10.2,7.7,8.2,11.1,16.7,16.2,95.0,95.4,95.5,66.9,66.5,67.2,0.0,0.0,0.1,999.9,999.9,999.9,18,8.3,6.6
16585596,0723,77.1,80.8,81.4,41.4,47.6,47.7,873.5,890.6,884.3,41.0,13.5,12.3,5.1,7.7,8.4,24.3,16.6,16.2,88.7,95.3,95.5,71.1,66.5,67.0,0.0,0.0,0.1,999.9,999.9,999.9,18,8.4,7.2
16585596,0723,86.8,80.7,81.2,58.4,47.6,47.7,873.5,889.9,884.6,9.7,13.7,13.3,6.9,7.7,8.2,34.0,16.7,16.7,99.0,95.2,95.1,66.0,66.5,66.9,0.0,0.0,0.1,999.9,999.9,999.9,18,8.5,7.2
16585596,0723,76.4,80.7,81.8,54.6,47.6,48.1,999.9,889.9,880.3,22.2,13.7,13.0,5.3,7.7,8.1,17.1,16.8,17.2,93.0,95.3,95.0,71.1,66.6,66.6,0.02,0.0,0.0,999.9,999.9,999.9,0,8.5,7.2
16585596,0723,81.8,80.7,81.6,54.5,47.7,48.0,871.5,890.6,884.7,9.9,13.7,13.4,5.3,7.7,8.0,15.0,16.9,16.9,98.1,95.3,94.7,59.0,66.5,66.8,0.0,0.0,0.0,999.9,999.9,999.9,18,8.5,6.6
16585596,0723,79.9,80.7,81.7,34.9,47.7,48.1,873.5,889.9,884.8,10.0,13.7,13.3,9.9,7.6,7.9,14.0,16.8,16.6,89.1,95.2,94.6,66.9,66.5,66.8,0.0,0.0,0.0,999.9,999.9,999.9,18,8.6,7.2
16585596,0723,83.0,80.7,81.5,54.6,47.6,47.9,870.5,889.9,884.9,10.0,13.7,13.3,6.9,7.7,7.9,11.1,16.8,16.7,95.0,95.2,94.6,71.1,66.6,67.2,0.0,0.0,0.0,999.9,999.9,999.9,0,8.7,7.8
16585596,0723,76.4,80.8,81.5,47.1,47.7,48.2,873.6,889.9,884.9,10.0,13.6,12.6,8.2,7.7,7.9,18.1,16.8,16.3,102.9,95.2,94.8,66.0,66.6,67.5,0.33,0.0,0.0,999.9,999.9,999.9,18,8.6,7.8
16585596,0723,77.1,80.7,81.2,52.0,47.7,47.9,872.4,889.2,885.0,39.8,13.6,12.6,11.6,7.7,7.8,13.0,16.8,16.3,88.7,95.2,94.8,66.0,66.6,67.3,0.02,0.0,0.1,999.9,999.9,999.9,0,8.7,7.8
16585596,0723,78.3,80.7,81.0,45.0,47.7,47.8,869.7,888.5,885.0,10.0,13.8,13.4,6.9,7.7,7.9,18.1,16.8,16.4,98.1,95.1,94.6,57.0,66.6,67.5,0.0,0.0,0.1,999.9,999.9,999.9,18,8.7,7.8
16585596,0723,77.1,80.7,80.7,41.2,47.6,47.7,871.4,888.5,880.6,9.7,13.8,13.1,8.2,7.7,8.0,14.0,16.7,16.5,90.0,95.1,94.9,59.0,66.6,67.2,0.0,0.0,0.1,999.9,999.9,999.9,0,8.8,8.4
16585596,0723,86.8,80.7,80.3,54.1,47.6,47.5,999.9,888.5,880.6,9.9,13.7,13.1,11.6,7.7,8.0,12.0,16.7,16.3,99.0,95.1,94.5,66.0,66.5,67.0,0.0,0.0,0.0,999.9,999.9,999.9,18,8.7,8.4
16585596,0723,88.1,80.7,80.5,44.6,47.6,47.8,871.0,889.2,884.8,41.0,13.7,13.1,9.6,7.7,8.1,11.1,16.6,16.0,98.1,95.1,94.8,71.1,66.5,67.0,0.0,0.0,0.0,999.9,999.9,999.9,0,8.7,9.0
16585596,0723,82.8,80.8,80.5,50.2,47.6,47.8,999.9,888.5,884.8,30.7,13.9,14.1,5.6,7.7,8.1,8.9,16.6,15.9,90.0,95.1,94.6,63.0,66.6,66.9,0.0,0.0,0.0,999.9,999.9,999.9,0,8.7,8.4
16585596,0723,74.2,80.8,80.6,45.2,47.7,48.1,873.0,889.2,888.9,10.0,14.0,14.8,5.6,7.7,8.0,15.9,16.4,15.4,95.0,95.1,94.2,66.9,66.5,66.6,0.15,0.0,0.0,999.9,999.9,999.9,16,8.7,8.4
16585596,0723,88.1,80.7,80.2,58.4,47.6,47.6,999.9,889.2,889.0,10.0,14.0,14.8,6.2,7.7,8.0,18.1,16.4,15.5,93.0,95.0,94.2,66.0,66.5,66.5,0.0,0.0,0.0,999.9,999.9,999.9,0,8.7,8.9
16585596,0723,88.8,80.8,80.5,40.5,47.8,48.1,999.9,889.9,893.4,10.0,13.9,14.4,6.9,7.7,8.0,31.1,16.4,15.6,90.0,95.0,94.1,57.0,66.6,66.4,0.11,0.0,0.0,999.9,999.9,999.9,0,8.7,8.9
16585596,0723,78.4,80.9,80.7,54.1,47.7,48.3,873.0,890.6,897.6,10.0,13.9,14.4,7.8,7.7,7.9,10.1,16.4,15.8,79.0,94.9,94.0,62.1,66.6,65.9,0.0,0.0,0.0,999.9,999.9,999.9,18,8.6,8.3
16585596,0723,80.9,80.9,80.6,46.5,47.7,48.6,999.9,890.6,897.6,10.0,13.8,14.4,9.9,7.7,7.9,11.1,16.4,15.7,102.9,94.8,93.5,68.0,66.5,65.5,0.0,0.0,0.0,999.9,999.9,999.9,18,8.6,8.9
16585596,0723,80.9,81.0,80.4,57.2,47.8,48.3,999.9,891.4,902.0,41.0,13.8,14.4,10.2,7.7,8.0,19.0,16.4,15.5,95.0,94.9,93.8,71.1,66.5,65.3,0.0,0.0,0.0,999.9,999.9,999.9,18,8.6,9.5
16585596,0723,87.8,80.9,80.4,50.2,47.8,48.6,873.6,892.1,906.4,9.8,14.0,15.4,6.5,7.7,8.2,24.3,16.4,15.7,100.0,94.9,93.8,61.0,66.5,65.7,0.0,0.0,0.0,999.9,999.9,999.9,0,8.7,10.1
16585596,0723,82.8,80.9,80.6,57.2,47.8,48.6,872.4,892.1,906.6,9.7,14.0,15.4,9.6,7.7,8.1,12.0,16.4,16.1,91.9,95.0,93.8,73.9,66.5,65.4,0.0,0.0,0.0,999.9,999.9,999.9,2,8.6,10.1
16585596,0723,86.6,80.9,81.3,45.2,47.9,49.2,869.5,892.1,906.5,10.0,14.0,15.4,5.1,7.7,8.1,11.1,16.4,15.7,93.9,95.0,93.9,66.0,66.5,65.7,0.02,0.0,0.0,999.9,999.9,999.9,0,8.5,9.6
16585596,0723,86.8,80.9,81.9,45.0,47.9,49.0,869.5,892.1,906.4,22.3,14.0,15.4,4.7,7.6,8.0,10.1,16.4,15.5,99.0,95.0,93.9,75.9,66.5,65.8,0.0,0.0,0.0,999.9,999.9,999.9,0,8.4,9.0
16585596,0723,88.1,80.9,81.9,33.1,47.8,49.4,872.4,892.1,906.3,9.7,13.9,15.8,6.5,7.6,8.0,19.0,16.4,15.5,102.0,95.1,94.2,66.0,66.5,66.1,0.0,0.0,0.0,999.9,999.9,999.9,0,8.4,9.0
16585596,0723,62.0,81.0,82.0,46.5,47.8,48.8,868.1,891.4,906.3,10.0,13.7,15.7,5.3,7.6,7.9,15.9,16.5,15.7,100.0,95.1,94.7,71.1,66.5,66.0,0.01,0.0,0.0,999.9,999.9,999.9,0,8.3,9.0
16585596,0723,69.7,80.9,81.2,52.0,47.7,48.5,999.9,891.4,901.9,9.9,13.7,15.7,5.6,7.6,7.9,34.0,16.5,15.6,102.0,95.1,95.0,70.0,66.5,66.3,0.17,0.0,0.0,999.9,999.9,999.9,0,8.3,9.0
16585596,0723,86.6,80.8,80.9,52.0,47.7,48.7,999.9,892.1,906.2,10.0,13.7,15.7,11.6,7.6,7.7,8.9,16.6,16.4,90.0,95.2,95.1,62.1,66.6,66.3,0.0,0.0,0.0,999.9,999.9,999.9,0,8.2,8.4
16585596,0723,82.3,80.8,81.1,57.6,47.7,48.6,870.4,892.1,910.4,10.0,13.7,15.7,8.8,7.6,7.8,24.3,16.6,16.3,98.1,95.2,94.7,59.0,66.6,66.2,0.0,0.0,0.0,999.9,999.9,999.9,18,8.1,8.4
16585596,0723,81.1,80.8,81.2,57.2,47.8,48.9,999.9,891.4,910.3,20.3,13.7,15.5,6.5,7.6,7.7,15.9,16.6,16.8,102.9,95.2,95.0,66.9,66.5,66.2,0.0,0.0,0.0,999.9,999.9,999.9,0,8.2,8.4
16585596,0723,81.8,80.8,81.0,50.2,47.9,49.1,999.9,892.1,914.6,10.0,13.8,15.9,6.3,7.6,7.6,31.1,16.6,16.8,95.0,95.2,95.3,66.9,66.6,66.1,0.02,0.0,0.0,999.9,999.9,999.9,0,8.1,7.8
16585596,0723,76.4,80.9,81.3,45.0,47.8,49.4,999.9,892.8,918.7,9.9,13.8,15.9,6.3,7.6,7.5,8.9,16.7,17.4,91.9,95.2,95.3,63.0,66.6,66.1,0.02,0.0,0.0,999.9,999.9,999.9,18,8.1,7.2
16585596,0723,88.8,80.8,81.3,44.6,47.7,49.5,871.4,893.6,922.9,10.0,13.8,14.8,7.8,7.6,7.5,18.1,16.5,16.9,102.0,95.2,95.4,61.0,66.6,65.8,0.0,0.0,0.0,999.9,999.9,999.9,0,8.2,7.2
16585596,0723,88.8,80.9,81.3,57.6,47.7,49.0,873.6,893.6,922.9,9.9,13.8,14.9,6.3,7.6,7.5,17.1,16.6,16.4,93.9,95.2,95.5,73.9,66.5,65.7,0.15,0.0,0.0,999.9,999.9,999.9,48,8.1,6.6
16585596,0723,78.3,80.9,81.7,46.5,47.9,49.1,873.0,893.6,918.6,10.0,13.7,14.4,6.6,7.6,7.6,31.1,16.6,16.4,88.7,95.2,95.6,75.0,66.6,65.8,0.02,0.0,0.0,999.9,999.9,999.9,18,8.3,8.2
16585596,0723,82.7,80.8,81.6,58.4,47.9,48.9,872.7,893.6,918.7,10.0,13.7,14.5,4.9,7.6,7.6,15.9,16.7,16.9,102.9,95.2,95.2,70.0,66.5,66.3,0.0,0.0,0.0,999.9,999.9,999.9,0,8.4,8.2
16585596,0723,86.8,80.8,81.7,41.6,47.9,49.6,999.9,893.6,918.7,9.9,13.7,14.5,6.2,7.5,7.5,15.9,16.7,17.0,102.0,95.2,95.7,71.1,66.6,66.4,0.0,0.0,0.0,999.9,999.9,999.9,18,8.4,7.6
16585596,0723,85.4,80.8,81.8,49.3,47.9,49.2,999.9,894.3,923.0,9.9,13.7,14.4,5.6,7.5,7.4,13.0,16.7,17.1,93.9,95.2,95.9,62.2,66.7,66.4,0.02,0.0,0.0,999.9,999.9,999.9,0,8.5,8.2
16585596,0723,76.8,80.9,82.1,46.5,48.0,49.3,870.0,895.0,927.2,22.2,13.6,14.4,8.2,7.5,7.3,15.9,16.7,17.0,95.0,95.3,95.6,57.9,66.6,66.3,0.0,0.0,0.0,999.9,999.9,999.9,18,8.5,7.6
16585596,0723,81.1,80.9,82.1,55.6,47.9,49.1,872.4,895.0,927.1,9.9,13.6,13.9,8.1,7.5,7.2,24.3,16.7,17.1,93.0,95.4,95.8,75.0,66.6,66.0,0.0,0.0,0.0,999.9,999.9,999.9,0,8.6,8.2
16585596,0723,78.4,80.9,82.2,45.0,48.0,49.4,869.5,895.0,927.2,10.0,13.6,13.9,10.2,7.5,7.3,18.1,16.7,17.3,89.1,95.5,95.7,63.0,66.6,66.6,0.01,0.0,0.0,999.9,999.9,999.9,18,8.6,7.6
16585596,0723,74.2,80.8,82.3,54.5,48.1,49.6,872.9,895.0,927.1,22.2,13.6,13.9,6.4,7.6,7.3,14.0,16.7,17.4,102.9,95.4,95.6,73.0,66.6,66.7,0.0,0.0,0.0,999.9,999.9,999.9,18,8.7,8.2
16585596,0723,81.8,80.7,81.8,45.2,48.1,49.6,870.0,894.3,922.9,39.8,13.7,14.3,10.6,7.6,7.2,18.1,16.7,17.5,95.0,95.4,95.8,59.0,66.6,67.0,0.0,0.0,0.0,999.9,999.9,999.9,2,8.7,8.2
16585596,0723,74.2,80.7,81.6,45.0,48.1,49.6,873.6,894.3,922.9,14.9,13.9,14.2,9.3,7.6,7.2,11.1,16.7,17.7,90.0,95.4,95.7,61.0,66.5,66.6,0.0,0.0,0.0,999.9,999.9,999.9,18,8.7,8.3
16585596,0723,79.9,80.7,81.4,40.5,48.1,49.4,999.9,894.3,918.7,10.0,13.9,13.7,5.3,7.6,7.3,14.0,16.6,17.8,93.9,95.4,95.7,71.1,66.5,66.5,0.0,0.0,0.0,999.9,999.9,999.9,18,8.7,8.9
16585596,0723,85.2,80.7,81.5,54.6,48.1,49.3,873.0,895.0,922.9,9.9,13.9,13.7,10.1,7.6,7.3,15.9,16.6,17.7,93.0,95.3,95.6,62.1,66.6,66.6,0.17,0.0,0.0,999.9,999.9,999.9,2,8.7,8.9
16585596,0723,77.1,80.7,81.4,47.1,48.2,49.1,999.9,895.0,918.7,9.9,13.9,13.7,6.3,7.6,7.4,12.0,16.6,17.6,95.0,95.4,95.6,70.0,66.6,66.5,0.0,0.0,0.0,999.9,999.9,999.9,18,8.6,9.0
16585596,0723,81.8,80.7,81.1,37.5,48.2,49.4,999.9,895.7,918.7,10.0,13.9,13.7,10.2,7.6,7.4,19.0,16.6,17.0,95.0,95.4,95.8,71.1,66.6,66.9,0.0,0.0,0.0,999.9,999.9,999.9,18,8.6,9.6
16585596,0723,81.8,80.6,81.2,45.2,48.2,48.8,870.5,896.4,922.9,9.9,13.9,13.7,4.7,7.7,7.5,17.1,16.6,17.3,102.0,95.4,96.3,71.1,66.6,67.2,0.11,0.0,0.0,999.9,999.9,999.9,18,8.6,9.6
16585596,0723,78.4,80.7,81.2,34.9,48.2,48.8,866.4,896.4,918.6,22.3,13.9,13.7,4.9,7.7,7.3,20.0,16.6,17.5,89.1,95.4,96.3,70.0,66.6,67.3,0.0,0.0,0.0,999.9,999.9,999.9,18,8.6,9.6
16585596,0723,87.8,80.6,81.1,41.6,48.1,48.0,999.9,896.4,914.1,10.0,13.9,13.1,5.3,7.6,7.1,15.9,16.7,17.5,95.0,95.4,96.1,62.1,66.7,67.3,0.0,0.0,0.0,999.9,999.9,999.9,18,8.6,9.6
16585596,0723,79.9,80.6,81.1,50.2,48.0,47.7,866.4,897.1,918.3,14.9,13.9,13.1,4.9,7.6,7.1,12.0,16.6,17.3,104.0,95.4,95.9,68.0,66.7,67.3,0.03,0.0,0.0,999.9,999.9,999.9,0,8.7,10.2
16585596,0723,62.0,80.7,81.0,47.2,48.1,47.5,873.5,897.1,918.1,10.0,13.8,13.3,4.7,7.6,7.0,12.0,16.7,17.3,93.0,95.4,96.3,73.9,66.7,67.1,0.0,0.0,0.0,999.9,999.9,999.9,0,8.7,10.1
16585596,0723,88.1,80.6,80.2,54.1,48.0,47.6,872.4,897.1,918.3,22.2,13.8,13.3,5.3,7.6,6.9,10.1,16.6,17.3,104.0,95.4,96.3,63.0,66.8,67.4,0.0,0.0,0.0,999.9,999.9,999.9,0,8.7,10.1
16585596,0723,83.0,80.7,80.2,49.3,48.0,47.9,869.5,897.1,918.4,10.0,13.8,13.3,3.7,7.6,7.0,31.1,16.6,17.3,93.9,95.5,96.5,71.1,66.8,67.0,0.0,0.0,0.0,999.9,999.9,999.9,16,8.6,10.1
16585596,0723,82.3,80.8,80.1,54.1,48.1,48.4,873.6,897.1,918.3,10.0,13.8,13.3,8.2,7.5,6.9,15.9,16.7,17.7,95.0,95.4,96.2,62.2,66.8,67.2,0.0,0.0,0.0,999.9,999.9,999.9,18,8.7,10.7
16585596,0723,89.2,80.8,80.8,44.1,48.2,48.7,999.9,897.1,918.5,9.9,13.8,13.3,6.9,7.6,7.0,14.0,16.7,17.7,104.0,95.4,96.0,75.0,66.8,66.9,0.0,0.0,0.0,999.9,999.9,999.9,18,8.8,11.3
16585596,0723,83.0,80.8,81.4,58.4,48.1,48.4,873.0,897.8,918.5,10.0,13.8,13.3,9.3,7.5,7.0,14.0,16.7,17.0,102.0,95.4,96.1,75.9,66.8,67.0,0.0,0.0,0.0,999.9,999.9,999.9,18,8.9,11.9
16585596,0723,74.2,80.8,81.3,36.2,48.2,48.6,872.4,897.8,914.2,10.0,13.8,13.3,10.2,7.6,6.9,12.0,16.7,17.2,102.0,95.5,96.5,61.0,66.8,67.5,0.0,0.0,0.0,999.9,999.9,999.9,0,9.0,12.5
16585596,0723,81.1,80.8,81.0,47.1,48.2,47.9,873.0,897.1,914.3,13.5,13.8,13.3,5.6,7.6,7.0,18.1,16.6,16.8,90.0,95.5,96.6,57.9,66.8,67.5,0.0,0.0,0.0,999.9,999.9,999.9,0,9.0,11.9
16585596,0723,88.1,80.8,81.0,45.2,48.1,47.6,999.9,897.1,910.1,30.7,13.8,13.0,9.3,7.6,6.9,34.0,16.7,16.9,102.9,95.6,96.2,71.1,66.7,67.2,0.0,0.0,0.0,999.9,999.9,999.9,18,8.9,11.9
16585596,0723,69.7,80.8,81.2,45.2,48.2,47.4,873.0,897.8,910.1,9.9,14.0,13.7,9.5,7.6,7.0,12.0,16.7,17.0,93.9,95.6,96.5,59.0,66.8,67.4,0.03,0.0,0.0,999.9,999.9,999.9,0,9.0,12.5
16585596,0723,80.7,80.8,81.0,44.1,48.1,47.4,999.9,897.9,905.8,14.9,14.0,13.7,10.6,7.6,7.2,24.1,16.7,17.1,95.0,95.5,96.5,66.2,66.7,67.3,0.0,0.0,0.0,999.9,999.9,999.9,0,9.0,11.9
16585596,0723,77.1,80.8,80.7,41.4,48.1,47.4,869.5,898.6,910.1,10.0,14.0,13.9,7.8,7.6,7.2,13.0,16.8,17.3,89.1,95.5,96.3,62.2,66.7,67.4,0.0,0.0,0.0,999.9,999.9,999.9,0,9.0,11.9
16585596,0723,82.3,80.8,80.3,54.6,48.0,46.9,875.8,898.5,910.0,9.8,14.0,13.9,3.7,7.6,7.3,19.0,16.8,17.1,93.9,95.5,96.1,71.1,66.6,67.0,0.0,0.0,0.0,999.9,999.9,999.9,0,9.0,10.3
16585596,0723,85.2,80.8,80.5,41.2,48.1,47.1,871.0,898.6,910.1,9.8,13.8,13.9,6.3,7.6,7.2,34.0,16.8,16.7,102.9,95.5,96.3,64.9,66.6,66.9,0.0,0.0,0.0,999.9,999.9,999.9,0,9.0,9.7
16585596,0723,83.0,80.8,80.6,45.2,48.0,46.6,872.7,897.9,910.0,9.9,13.8,13.9,10.2,7.6,7.2,18.1,16.9,17.3,102.0,95.5,96.3,64.9,66.6,66.7,0.33,0.0,0.0,999.9,999.9,999.9,0,8.9,9.7
16585596,0723,80.3,80.8,80.4,55.6,48.0,46.7,872.4,897.1,905.8,10.0,13.7,13.9,8.8,7.6,7.4,15.9,16.9,17.4,99.0,95.6,96.3,70.0,66.6,66.5,0.0,0.0,0.0,999.9,999.9,999.9,18,8.8,9.1
16585596,0723,81.1,80.7,80.3,54.6,48.1,46.9,869.5,897.2,901.5,22.2,13.7,13.9,7.8,7.6,7.5,31.1,16.9,17.5,79.0,95.6,96.5,73.9,66.6,66.8,0.0,0.0,0.0,999.9,999.9,999.9,0,8.9,9.7
16585596,0723,88.1,80.8,80.4,49.3,48.2,47.1,999.9,897.1,901.5,9.8,13.7,13.9,6.5,7.6,7.5,20.0,17.0,18.0,102.0,95.6,96.0,62.2,66.6,67.3,0.14,0.0,0.0,999.9,999.9,999.9,18,8.9,9.1
16585596,0723,82.3,80.8,80.6,34.9,48.1,46.9,872.9,897.8,905.8,13.5,13.7,13.9,10.6,7.6,7.4,34.0,17.0,17.9,102.0,95.6,96.3,61.0,66.6,66.9,0.0,0.0,0.0,999.9,999.9,999.9,18,9.0,9.7
16585596,0723,76.4,80.9,80.8,57.2,48.1,46.6,999.9,897.8,905.9,10.0,13.6,14.0,5.3,7.6,7.4,14.0,17.1,18.4,104.0,95.7,96.7,62.1,66.6,66.8,0.02,0.0,0.0,999.9,999.9,999.9,18,9.0,9.7
16585596,0723,79.9,80.8,80.8,47.2,48.1,46.7,870.4,897.8,910.1,9.7,13.6,13.6,4.7,7.6,7.4,15.0,17.1,18.4,93.0,95.8,96.7,68.0,66.5,66.5,0.0,0.0,0.0,999.9,999.9,999.9,0,9.1,9.7
16585596,0723,76.4,80.8,80.8,58.4,48.1,46.8,999.9,897.1,910.1,10.0,13.6,12.6,4.7,7.6,7.2,17.1,17.1,18.3,90.0,95.8,96.7,57.9,66.5,66.8,0.11,0.0,0.0,999.9,999.9,999.9,18,9.1,9.6
16585596,0723,78.4,80.8,80.8,46.5,48.2,47.2,999.9,897.8,914.3,13.5,13.6,12.4,5.3,7.6,7.0,26.0,17.1,18.5,98.1,95.7,96.7,75.9,66.5,66.7,0.0,0.0,0.0,999.9,999.9,999.9,0,9.2,9.6
16585596,0723,81.1,80.8,80.8,44.6,48.3,47.4,869.5,898.5,914.3,14.9,13.6,12.5,5.1,7.6,7.0,19.0,17.2,18.9,99.0,95.7,96.8,62.1,66.6,66.8,0.02,0.0,0.0,999.9,999.9,999.9,48,9.2,9.0
16585596,0723,80.3,80.8,80.7,44.6,48.2,47.1,999.9,898.5,914.2,22.3,13.6,12.7,7.8,7.6,6.9,13.0,17.2,19.0,100.0,95.7,97.0,71.1,66.6,66.8,0.14,0.0,0.0,999.9,999.9,999.9,0,9.3,10.5
16585596,0723,89.2,80.7,80.8,36.2,48.2,47.0,999.9,899.2,914.2,39.8,13.7,13.1,7.8,7.6,6.9,31.1,17.1,19.0,99.0,95.7,97.2,62.2,66.5,66.9,0.01,0.0,0.0,999.9,999.9,999.9,0,9.2,9.9
16585596,0723,81.1,80.8,81.0,55.6,48.2,46.9,871.0,899.9,914.2,9.9,13.9,14.1,4.9,7.6,6.9,24.3,17.2,19.4,87.1,95.8,97.3,61.0,66.6,66.6,0.0,0.0,0.0,999.9,999.9,999.9,0,9.0,9.3
16585596,0723,88.1,80.8,81.0,58.4,48.3,47.3,871.5,899.2,914.2,10.0,13.8,14.1,6.6,7.6,6.9,19.0,17.2,19.7,88.7,95.7,96.8,68.0,66.5,66.2,0.0,0.0,0.0,999.9,999.9,999.9,18,9.0,8.7
16585596,0723,62.0,80.8,81.3,55.9,48.3,48.1,870.5,899.2,914.4,9.9,13.8,13.7,3.7,7.5,6.9,24.3,17.2,19.6,89.1,95.7,96.8,64.9,66.5,66.2,0.0,0.0,0.0,999.9,999.9,999.9,18,9.0,8.7
16585596,0723,74.2,80.7,80.5,52.0,48.4,48.6,869.5,899.2,910.1,10.0,13.8,13.7,7.8,7.5,6.9,10.1,17.3,19.9,102.9,95.6,96.6,57.0,66.5,66.3,0.0,0.0,0.0,999.9,999.9,999.9,18,9.0,8.7
16585596,0723,77.1,80.7,80.3,34.9,48.4,48.6,869.7,898.5,910.2,9.8,13.8,13.5,10.6,7.5,7.0,19.0,17.2,19.8,93.9,95.7,96.5,73.0,66.5,65.9,0.0,0.0,0.0,999.9,999.9,999.9,18,9.1,9.3
16585596,0723,88.8,80.6,80.8,47.1,48.3,48.2,999.9,898.5,910.1,10.0,13.8,13.5,10.6,7.5,7.2,10.1,17.3,20.1,93.9,95.7,96.6,64.9,66.5,65.9,0.01,0.0,0.0,999.9,999.9,999.9,18,9.2,9.9
16585596,0723,79.9,80.7,80.8,33.1,48.3,48.0,871.4,899.2,914.3,9.9,13.8,13.1,6.5,7.5,7.3,11.1,17.2,20.1,102.0,95.6,96.2,71.1,66.5,65.9,0.0,0.0,0.0,999.9,999.9,999.9,0,9.0,10.5
16585596,0723,88.1,80.7,80.7,45.2,48.3,47.4,999.9,899.2,914.4,14.9,13.8,13.1,10.2,7.5,7.4,15.9,17.2,19.4,93.0,95.6,96.5,59.0,66.5,65.9,0.02,0.0,0.0,999.9,999.9,999.9,0,9.0,10.0
16585596,0723,82.3,80.7,80.9,33.1,48.2,47.1,869.5,899.9,918.6,10.0,13.8,13.3,7.8,7.5,7.5,24.1,17.2,19.4,102.0,95.6,96.4,64.9,66.5,65.8,0.14,0.0,0.0,999.9,999.9,999.9,0,8.9,9.4
16585596,0723,85.4,80.7,80.7,45.2,48.1,46.8,999.9,899.9,914.2,10.0,13.8,13.3,10.2,7.5,7.5,17.1,17.3,19.7,100.0,95.7,96.4,73.9,66.5,65.5,0.0,0.0,0.0,999.9,999.9,999.9,0,8.9,8.8
16585596,0723,89.6,80.7,80.7,49.2,48.1,46.3,872.9,900.6,918.5,9.9,13.8,13.3,3.7,7.6,7.5,14.0,17.3,19.9,91.9,95.7,96.3,71.1,66.5,65.4,0.01,0.0,0.0,999.9,999.9,999.9,0,8.9,8.2
16585596,0723,74.2,80.8,81.2,54.6,48.1,46.8,871.0,900.7,918.5,20.3,13.8,13.3,9.3,7.5,7.3,11.1,17.3,19.9,95.0,95.7,96.0,66.2,66.6,65.8,0.0,0.0,0.0,999.9,999.9,999.9,18,8.9,8.2
16585596,0723,81.8,80.8,81.0,49.3,48.1,47.0,999.9,900.7,918.4,9.9,13.9,13.5,5.3,7.6,7.5,22.0,17.3,19.7,98.1,95.7,96.1,59.0,66.6,66.0,0.33,0.0,0.0,999.9,999.9,999.9,0,9.0,8.8
16585596,0723,77.5,80.8,80.8,57.2,48.1,47.1,873.0,901.4,918.4,9.9,13.7,12.8,5.1,7.6,7.3,19.0,17.3,19.3,102.9,95.8,96.0,71.1,66.6,65.6,0.0,0.0,0.0,999.9,999.9,999.9,18,9.0,8.2
16585596,0723,82.7,80.8,81.1,57.5,48.1,47.5,870.5,901.4,918.4,10.0,13.7,12.8,6.5,7.6,7.2,14.0,17.3,19.5,95.0,95.8,96.3,63.0,66.6,66.0,0.0,0.0,0.0,999.9,999.9,999.9,0,9.0,8.8
16585596,0723,76.4,80.8,81.1,44.1,48.2,48.0,873.6,900.7,914.1,9.9,13.7,12.7,10.2,7.5,7.0,18.1,17.2,19.2,104.0,95.8,96.3,70.0,66.6,65.9,0.0,0.0,0.0,999.9,999.9,999.9,0,9.0,8.8
16585596,0723,82.8,80.7,81.1,45.2,48.3,48.1,869.5,900.7,914.2,9.7,13.7,12.6,8.8,7.5,7.1,11.1,17.3,19.4,99.0,95.9,96.8,73.0,66.6,66.2,0.0,0.0,0.0,999.9,999.9,999.9,18,8.9,8.8
16585596,0723,76.4,80.8,81.1,50.2,48.2,47.8,999.9,900.7,914.0,10.0,13.7,12.6,6.9,7.5,7.3,15.9,17.2,19.1,93.0,95.9,97.0,71.1,66.7,66.2,0.0,0.0,0.0,999.9,999.9,999.9,18,9.0,9.4
16585596,0723,79.3,80.8,80.8,41.2,48.3,48.1,872.7,901.4,918.3,10.0,13.7,12.7,5.6,7.5,7.3,14.0,17.2,18.5,95.0,95.9,96.6,66.2,66.7,66.5,0.0,0.0,0.0,999.9,999.9,999.9,18,9.1,10.0
16585596,0723,78.3,80.7,80.7,55.9,48.3,47.9,871.4,901.4,918.3,10.0,13.7,12.7,5.3,7.5,7.2,14.0,17.2,18.3,88.7,95.9,96.4,59.0,66.7,66.5,0.01,0.0,0.0,999.9,999.9,999.9,0,9.2,10.6
16585596,0723,81.8,80.7,80.6,55.9,48.3,47.9,999.9,901.4,918.3,41.0,13.7,12.7,5.3,7.5,7.0,18.1,17.2,18.3,87.1,95.9,96.0,66.9,66.7,66.1,0.0,0.0,0.0,999.9,999.9,999.9,18,9.1,10.0
16585596,0723,79.9,80.7,80.7,36.2,48.4,48.0,869.0,902.1,922.6,13.5,13.9,13.3,10.2,7.5,7.0,12.0,17.2,17.9,102.0,95.8,96.3,66.9,66.7,65.9,0.0,0.0,0.0,999.9,999.9,999.9,0,9.1,10.6
16585596,0723,81.1,80.7,80.4,49.2,48.3,47.6,872.9,902.1,918.3,9.9,13.9,13.4,6.5,7.5,7.1,26.0,17.2,17.6,102.9,95.9,96.3,70.0,66.7,66.1,0.0,0.0,0.0,999.9,999.9,999.9,0,9.0,10.0
16585596,0723,85.4,80.7,80.4,54.6,48.3,48.0,871.4,901.4,918.3,10.0,13.9,13.3,6.6,7.5,6.9,13.0,17.2,17.3,87.1,95.9,96.3,62.1,66.7,66.3,0.0,0.0,0.0,999.9,999.9,999.9,18,9.0,9.4
16585596,0723,83.0,80.8,80.7,54.1,48.3,47.9,869.7,901.4,914.0,10.0,13.9,13.3,5.3,7.5,7.0,17.1,17.2,17.3,93.0,95.9,95.8,66.0,66.6,66.3,0.0,0.0,0.0,999.9,999.9,999.9,2,8.8,9.4
16585596,0723,88.8,80.8,80.8,41.2,48.3,48.2,869.6,901.4,914.0,22.2,13.9,13.3,5.3,7.5,7.0,11.1,17.2,17.4,104.0,95.8,95.8,66.0,66.6,66.3,0.0,0.0,0.0,999.9,999.9,999.9,0,8.8,9.5
16585596,0723,81.1,80.9,81.2,54.5,48.3,47.6,875.8,901.4,909.6,10.0,13.9,13.7,5.1,7.5,7.0,15.9,17.2,17.2,88.7,95.8,96.2,57.9,66.6,66.6,0.0,0.0,0.0,999.9,999.9,999.9,0,8.7,8.9
16585596,0723,81.8,80.9,81.3,55.6,48.3,47.9,999.9,900.7,905.5,10.0,13.9,13.6,6.4,7.5,7.0,13.0,17.2,16.8,93.9,95.8,95.9,70.0,66.5,66.0,0.0,0.0,0.0,999.9,999.9,999.9,18,8.7,8.9
16585596,0723,81.1,81.0,81.3,49.2,48.4,48.2,999.9,901.4,909.8,20.3,13.9,13.4,10.2,7.5,7.1,13.0,17.2,16.6,102.9,95.8,95.8,66.0,66.5,66.2,0.11,0.0,0.0,999.9,999.9,999.9,0,8.5,7.9
16585596,0723,78.3,80.9,81.3,57.2,48.3,48.4,872.9,902.1,909.8,10.0,13.9,13.4,10.2,7.5,7.1,22.0,17.2,16.6,93.9,95.8,95.9,71.1,66.5,66.0,0.0,0.0,0.0,999.9,999.9,999.9,0,8.4,7.9
16585596,0723,79.9,80.9,80.9,44.1,48.4,49.1,872.4,902.1,905.6,9.9,13.9,12.4,6.4,7.5,7.2,15.0,17.2,16.3,88.7,95.8,95.7,75.9,66.6,66.3,0.0,0.0,0.0,999.9,999.9,999.9,0,8.3,7.9
16585596,0723,78.3,80.9,80.9,41.2,48.3,48.7,873.6,902.1,905.7,10.0,13.9,12.4,6.9,7.5,7.3,13.0,17.1,16.0,93.0,95.7,95.7,71.1,66.6,66.8,0.17,0.0,0.0,999.9,999.9,999.9,0,8.3,7.9
16585596,0723,87.8,80.9,80.6,39.9,48.3,48.1,999.9,902.1,905.7,9.9,13.9,12.4,10.2,7.5,7.3,10.1,17.1,15.8,95.0,95.7,95.9,64.9,66.6,66.9,0.11,0.0,0.0,999.9,999.9,999.9,0,8.3,7.3
16585596,0723,87.8,80.9,81.4,55.9,48.3,47.6,873.0,902.9,910.0,9.9,13.9,12.4,5.3,7.5,7.5,18.1,17.0,15.3,102.9,95.7,96.1,73.0,66.6,66.9,0.33,0.0,0.0,999.9,999.9,999.9,18,8.2,6.7
16585596,0723,78.4,80.9,81.9,47.2,48.3,47.7,872.4,902.9,910.2,10.0,13.9,12.4,6.2,7.5,7.4,31.1,17.0,15.6,90.0,95.7,96.1,75.0,66.6,67.5,0.02,0.0,0.0,999.9,999.9,999.9,18,8.3,6.7
16585596,0723,76.8,80.9,81.9,45.2,48.3,48.1,873.1,902.9,910.2,9.7,13.9,12.4,10.6,7.5,7.3,31.1,17.1,16.0,100.0,95.7,96.0,64.9,66.7,67.5,0.0,0.0,0.0,999.9,999.9,999.9,0,8.3,6.7
16585596,0723,62.0,80.9,81.5,47.2,48.3,48.1,869.5,902.9,906.0,9.8,13.9,12.4,9.5,7.5,7.3,10.1,17.1,16.7,79.0,95.7,96.2,66.9,66.6,67.5,0.0,0.0,0.0,999.9,999.9,999.9,0,8.3,6.1
16585596,0723,62.0,80.8,80.9,54.6,48.2,48.5,873.0,902.9,906.0,22.3,13.7,12.4,8.1,7.5,7.4,15.9,17.1,16.7,102.0,95.6,95.4,70.0,66.7,67.4,0.0,0.0,0.0,999.9,999.9,999.9,18,8.3,6.1
16585596,0723,83.0,80.6,80.1,45.0,48.2,48.9,872.4,902.9,901.7,9.9,13.8,12.6,11.6,7.5,7.3,8.9,17.1,16.7,79.0,95.6,95.7,62.2,66.7,67.8,0.0,0.0,0.0,999.9,999.9,999.9,0,8.4,6.7
16585596,0723,78.4,80.7,80.1,41.2,48.3,49.3,870.4,902.9,901.8,9.8,13.7,12.6,6.5,7.5,7.4,24.1,17.1,16.2,89.1,95.5,94.9,64.9,66.6,67.7,0.0,0.0,0.0,999.9,999.9,999.9,0,8.4,6.7
16585596,0723,80.7,80.7,79.9,39.9,48.3,49.1,869.5,902.9,897.5,10.0,13.7,12.6,10.2,7.5,7.3,17.1,17.2,16.4,100.0,95.5,94.6,71.1,66.6,67.4,0.0,0.0,0.0,999.9,999.9,999.9,18,8.4,6.7
16585596,0723,87.8,80.7,79.6,45.2,48.2,48.8,873.6,902.9,897.4,39.8,13.7,12.6,10.2,7.5,7.5,26.0,17.2,16.5,102.9,95.5,94.8,61.0,66.7,67.4,0.11,0.0,0.0,999.9,999.9,999.9,18,8.4,7.3
16585596,0723,88.8,80.7,80.0,48.9,48.2,48.5,999.9,902.9,897.5,10.0,13.9,13.2,10.2,7.6,7.5,18.1,17.2,17.0,102.9,95.5,95.1,66.9,66.7,67.2,0.0,0.0,0.0,999.9,999.9,999.9,0,8.5,7.3
16585596,0723,80.7,80.8,80.2,41.4,48.2,48.5,866.4,903.6,897.5,9.9,13.9,13.2,9.8,7.6,7.7,11.1,17.3,16.9,95.0,95.6,95.3,62.1,66.6,67.5,0.0,0.0,0.0,999.9,999.9,999.9,0,8.4,7.3
16585596,0723,86.6,80.8,80.4,45.2,48.2,48.0,873.6,903.5,897.3,9.7,13.9,13.2,6.6,7.6,7.9,19.0,17.1,16.6,87.1,95.6,95.0,64.9,66.6,67.2,0.0,0.0,0.0,999.9,999.9,999.9,18,8.2,6.7
16585596,0723,89.6,80.9,80.5,46.5,48.1,47.5,869.5,902.8,897.4,10.0,13.8,13.2,5.3,7.6,7.9,8.9,17.2,16.8,93.9,95.6,94.7,66.0,66.6,67.2,0.17,0.0,0.0,999.9,999.9,999.9,18,8.2,7.3
16585596,0723,79.9,81.0,80.9,37.5,48.1,47.6,999.9,902.8,897.2,10.0,13.8,13.2,10.6,7.5,7.7,11.1,17.1,16.5,90.0,95.7,94.4,66.9,66.6,67.1,0.0,0.0,0.0,999.9,999.9,999.9,2,8.3,7.9
16585596,0723,82.7,80.9,80.8,50.9,48.0,47.4,873.0,903.5,901.6,22.3,13.6,13.2,8.7,7.5,7.8,12.0,17.1,16.5,98.1,95.7,94.1,62.1,66.7,66.9,0.33,0.0,0.0,999.9,999.9,999.9,18,8.2,7.3
16585596,0723,80.9,80.9,81.0,41.6,48.0,47.4,999.9,903.5,897.3,9.9,13.7,13.7,9.6,7.6,7.8,31.1,17.1,16.3,102.9,95.7,94.3,66.2,66.6,66.6,0.0,0.0,0.0,999.9,999.9,999.9,18,8.3,7.3
16585596,0723,82.7,80.9,81.1,54.1,47.9,47.4,872.7,904.3,901.6,10.0,13.7,13.7,6.6,7.6,8.0,15.9,17.1,16.9,93.0,95.7,94.5,71.1,66.7,66.6,0.14,0.0,0.0,999.9,999.9,999.9,0,8.4,7.3
16585596,0723,89.2,80.9,81.2,45.0,48.0,47.3,873.6,904.3,901.6,9.7,13.6,13.7,5.6,7.6,8.0,17.1,17.1,17.0,102.0,95.7,94.7,61.0,66.7,67.0,0.0,0.0,0.0,999.9,999.9,999.9,0,8.3,7.3
16585596,0723,62.0,81.0,81.5,44.1,48.0,47.0,873.6,904.3,897.4,10.0,13.5,12.6,3.7,7.6,8.0,19.0,17.1,16.9,93.0,95.7,95.2,59.0,66.6,66.8,0.0,0.0,0.0,999.9,999.9,999.9,18,8.3,6.7
16585596,0723,87.8,81.0,80.9,55.6,47.9,47.2,873.0,903.6,897.6,9.9,13.5,12.5,10.6,7.5,7.8,24.3,17.2,17.2,99.0,95.6,94.9,71.1,66.6,66.5,0.17,0.0,0.0,999.9,999.9,999.9,18,8.4,7.3
16585596,0723,85.4,81.1,81.1,46.5,48.0,47.5,872.9,903.6,897.6,9.8,13.5,12.5,6.5,7.5,7.9,24.3,17.2,17.1,91.9,95.6,94.7,62.1,66.6,66.6,0.0,0.0,0.1,999.9,999.9,999.9,0,8.5,7.9
16585596,0723,82.8,81.1,81.1,57.5,47.9,47.2,999.9,903.6,897.6,10.0,13.5,12.5,11.6,7.5,7.9,22.0,17.3,17.5,93.9,95.7,94.9,66.9,66.5,66.6,0.11,0.0,0.1,999.9,999.9,999.9,18,8.4,7.3
16585596,0723,85.4,81.1,81.1,40.5,48.0,47.3,869.6,904.3,902.0,10.0,13.5,12.5,8.2,7.5,8.1,18.1,17.3,17.6,99.0,95.6,94.9,72.0,66.5,66.6,0.0,0.0,0.1,999.9,999.9,999.9,0,8.5,7.9
16585596,0723,82.7,81.1,81.0,47.2,48.0,47.3,873.1,904.3,902.0,39.8,13.4,12.1,5.6,7.6,8.2,14.0,17.4,17.9,95.0,95.7,94.8,62.1,66.6,66.8,0.0,0.0,0.1,999.9,999.9,999.9,18,8.5,7.9
16585596,0723,69.7,81.1,81.0,49.3,48.0,47.0,873.0,904.3,901.9,9.8,13.5,13.1,9.8,7.5,8.3,24.1,17.4,17.8,104.0,95.6,95.0,75.9,66.6,66.9,0.0,0.0,0.1,999.9,999.9,999.9,0,8.6,8.5
16585596,0723,76.7,81.0,80.6,39.9,48.0,46.8,871.5,904.3,897.6,10.0,13.5,13.1,6.9,7.6,8.4,24.1,17.4,18.2,100.0,95.7,95.3,68.0,66.7,67.1,0.02,0.0,0.1,999.9,999.9,999.9,0,8.5,7.9
16585596,0723,87.8,81.0,80.5,45.2,48.0,46.5,873.5,904.3,893.4,9.8,13.5,12.7,6.2,7.6,8.3,8.9,17.5,18.6,99.0,95.7,95.2,61.0,66.7,67.2,0.0,0.0,0.1,999.9,999.9,999.9,16,8.4,7.9
16585596,0723,78.3,81.0,80.8,55.9,47.9,46.1,872.4,903.6,893.4,10.0,13.5,12.7,9.8,7.6,8.1,13.0,17.5,18.1,102.9,95.7,95.4,68.0,66.6,66.9,0.0,0.0,0.1,999.9,999.9,999.9,0,8.4,8.4
16585596,0723,88.1,81.0,80.8,36.2,48.0,46.5,869.0,903.6,893.4,9.9,13.5,12.7,6.3,7.6,8.2,24.3,17.4,18.1,87.1,95.7,95.9,63.0,66.6,66.6,0.01,0.0,0.1,999.9,999.9,999.9,0,8.4,8.4
16585596,0723,81.1,81.0,81.1,54.5,47.9,46.3,866.4,903.6,893.2,30.7,13.5,12.7,6.6,7.6,8.2,13.0,17.5,18.4,102.0,95.7,95.7,54.0,66.6,66.3,0.17,0.0,0.1,999.9,999.9,999.9,18,8.4,8.4
16585596,0723,80.9,81.0,80.9,52.0,48.0,46.8,875.8,903.6,888.8,9.9,13.6,13.4,9.9,7.6,8.1,20.0,17.5,18.5,87.1,95.7,95.9,73.0,66.5,66.0,0.0,0.0,0.1,999.9,999.9,999.9,0,8.4,9.0
16585596,0723,81.1,81.1,80.6,44.6,48.0,46.7,866.4,902.9,888.9,9.9,13.6,13.4,5.1,7.6,8.3,15.9,17.4,18.6,93.9,95.6,95.4,75.0,66.6,66.0,0.0,0.0,0.0,999.9,999.9,999.9,0,8.4,8.4
16585596,0723,77.5,81.1,80.7,37.5,47.9,46.6,870.0,902.2,888.7,10.0,13.6,13.4,6.4,7.6,8.2,18.1,17.4,18.1,93.0,95.6,95.5,66.0,66.6,66.0,0.0,0.0,0.0,999.9,999.9,999.9,0,8.3,7.8
16585596,0723,77.5,81.0,80.7,44.6,47.9,46.4,869.6,902.2,888.6,14.9,13.4,13.4,6.2,7.6,8.1,14.0,17.5,17.6,89.1,95.7,95.3,66.0,66.5,66.0,0.0,0.0,0.0,999.9,999.9,999.9,0,8.3,7.8
16585596,0723,80.7,81.0,81.3,44.1,47.9,46.3,872.4,902.2,888.6,10.0,13.4,13.6,5.6,7.6,8.0,17.1,17.4,17.8,89.1,95.6,95.6,66.9,66.5,66.0,0.14,0.0,0.0,999.9,999.9,999.9,0,8.2,7.8
16585596,0723,82.3,80.9,81.9,41.4,47.9,45.9,873.0,902.2,888.6,10.0,13.4,13.2,6.3,7.6,7.9,11.1,17.3,17.8,93.9,95.5,95.2,57.0,66.6,65.9,0.33,0.0,0.0,999.9,999.9,999.9,0,8.2,7.2
16585596,0723,78.3,81.0,81.9,55.6,47.8,45.8,873.5,902.2,888.6,9.9,13.4,13.2,10.2,7.6,7.7,11.1,17.3,17.9,89.1,95.5,95.7,71.1,66.6,65.7,0.17,0.0,0.1,999.9,999.9,999.9,0,8.2,7.2
16585596,0723,74.2,81.0,81.9,39.9,47.8,46.3,871.0,902.2,888.7,10.0,13.4,13.2,11.6,7.6,7.8,34.0,17.3,17.5,93.0,95.5,95.7,71.1,66.6,65.9,0.11,0.0,0.1,999.9,999.9,999.9,18,8.2,7.2
16585596,0723,82.8,80.9,81.6,50.2,47.8,46.3,872.4,902.2,888.7,22.2,13.4,13.2,5.3,7.6,7.9,24.1,17.4,18.0,99.0,95.5,95.4,57.9,66.7,65.9,0.0,0.0,0.1,999.9,999.9,999.9,0,8.3,7.2
16585596,0723,74.2,81.0,81.5,34.9,47.8,46.4,872.4,902.2,888.7,30.7,13.4,12.6,10.6,7.6,7.7,13.0,17.4,18.0,87.1,95.6,95.3,61.0,66.6,65.8,0.0,0.0,0.1,999.9,999.9,999.9,18,8.2,6.6
16585596,0723,78.4,81.0,81.0,50.9,47.7,46.0,866.4,902.2,884.4,10.0,13.5,13.3,11.6,7.6,7.7,20.0,17.4,17.8,93.0,95.5,94.8,73.0,66.5,65.6,0.0,0.0,0.1,999.9,999.9,999.9,0,8.3,7.2
16585596,0723,86.6,81.0,80.9,57.6,47.7,46.3,871.5,902.2,884.4,10.0,13.5,13.3,8.1,7.6,7.8,8.9,17.5,18.1,102.0,95.5,94.7,70.0,66.5,66.0,0.0,0.0,0.1,999.9,999.9,999.9,0,8.2,7.2
16585596,0723,80.7,81.1,80.9,57.5,47.8,46.7,869.5,901.5,884.4,41.0,13.5,13.3,8.7,7.6,7.8,18.1,17.4,17.8,93.0,95.5,95.2,63.0,66.5,66.1,0.02,0.0,0.1,999.9,999.9,999.9,0,8.1,6.6
16585596,0723,81.8,81.1,80.6,40.5,47.8,47.1,999.9,901.5,884.4,41.0,13.7,14.3,10.4,7.6,7.9,17.1,17.4,18.1,104.0,95.4,95.2,75.9,66.5,66.0,0.0,0.0,0.1,999.9,999.9,999.9,18,8.0,6.0
16585596,0723,82.3,81.1,80.7,49.2,47.7,47.2,871.5,902.3,884.4,30.7,13.8,15.4,10.1,7.6,7.9,19.0,17.3,18.3,93.9,95.5,95.6,66.9,66.6,66.3,0.0,0.0,0.1,999.9,999.9,999.9,0,8.1,6.5
16585596,0723,76.4,81.0,80.7,50.9,47.8,47.1,870.4,902.3,884.3,9.7,13.9,15.6,6.2,7.6,8.0,13.0,17.4,18.5,90.0,95.5,95.5,63.0,66.6,66.5,0.0,0.0,0.0,999.9,999.9,999.9,0,8.1,5.9
16585596,0723,69.7,81.0,80.5,52.0,47.8,47.4,869.7,902.3,880.0,9.9,13.8,15.6,8.7,7.6,7.9,11.1,17.3,17.9,99.0,95.5,95.1,73.0,66.7,66.4,0.03,0.0,0.0,999.9,999.9,999.9,0,8.1,5.3
16585596,0723,81.1,80.9,80.1,33.1,47.8,47.4,869.0,902.2,879.9,30.7,13.8,15.6,3.7,7.6,7.9,11.1,17.3,17.7,102.9,95.5,95.3,73.9,66.7,66.5,0.0,0.0,0.0,999.9,999.9,999.9,0,8.0,5.3
16585596,0723,77.5,80.9,79.8,40.5,47.7,47.0,999.9,902.2,879.7,14.9,13.9,16.3,9.3,7.6,7.9,12.0,17.3,17.5,93.9,95.5,95.3,73.9,66.7,66.9,0.11,0.0,0.0,999.9,999.9,999.9,0,8.0,5.3
16585596,0723,80.3,80.9,80.3,41.2,47.6,46.8,870.4,902.2,884.0,9.9,13.9,16.5,6.6,7.6,8.1,24.1,17.3,17.3,93.9,95.6,95.3,61.0,66.8,67.4,0.17,0.0,0.0,999.9,999.9,999.9,16,8.0,4.7
16585596,0723,76.8,80.8,80.1,40.5,47.6,46.4,873.6,902.2,883.9,10.0,13.9,16.5,8.7,7.6,7.9,11.1,17.3,17.3,99.0,95.5,95.2,62.1,66.8,67.1,0.0,0.0,0.0,999.9,999.9,999.9,18,8.0,4.7
16585596,0723,82.3,80.8,79.8,50.2,47.6,46.2,869.5,902.2,883.9,9.8,13.9,16.5,5.3,7.6,8.0,15.0,17.2,16.8,99.0,95.6,95.4,70.0,66.7,67.1,0.0,0.0,0.0,999.9,999.9,999.9,18,8.1,5.3
16585596,0723,82.7,80.8,79.8,41.6,47.6,45.9,870.5,902.2,879.5,39.8,13.9,16.5,9.9,7.6,7.8,20.0,17.2,16.6,90.0,95.5,95.6,66.0,66.7,67.2,0.33,0.0,0.0,999.9,999.9,999.9,18,8.1,5.3
16585596,0723,85.2,80.8,79.7,40.5,47.6,46.0,873.6,902.2,879.6,10.0,14.0,17.5,8.2,7.6,7.9,18.1,17.2,16.7,98.1,95.5,95.3,57.0,66.7,67.0,0.33,0.0,0.1,999.9,999.9,999.9,18,8.2,5.9
16585596,0723,81.8,80.8,79.8,44.1,47.5,45.7,873.6,902.2,879.6,10.0,14.0,16.5,6.4,7.6,7.9,31.1,17.3,16.8,88.7,95.5,95.4,64.9,66.6,66.8,0.0,0.0,0.1,999.9,999.9,999.9,0,8.3,5.9
16585596,0723,77.5,80.8,80.2,49.3,47.5,45.6,999.9,902.2,879.6,10.0,14.0,16.5,6.5,7.6,7.8,31.1,17.3,17.0,98.1,95.4,94.9,70.0,66.6,66.4,0.0,0.0,0.1,999.9,999.9,999.9,18,8.3,5.9
16585596,0723,89.6,80.7,80.2,50.9,47.6,45.9,871.5,902.9,883.9,10.0,14.0,16.5,6.4,7.6,7.8,10.1,17.4,17.3,90.0,95.5,94.8,71.1,66.6,66.5,0.11,0.0,0.1,999.9,999.9,999.9,18,8.3,6.5
16585596,0723,79.3,80.8,80.3,48.9,47.6,46.1,869.5,902.9,883.8,9.9,14.0,16.5,11.6,7.6,7.8,17.1,17.4,17.3,91.9,95.4,94.5,70.0,66.6,66.8,0.0,0.0,0.1,999.9,999.9,999.9,0,8.4,6.5
16585596,0723,89.2,80.8,80.3,37.5,47.6,45.8,871.5,902.9,883.7,10.0,14.0,16.5,10.1,7.6,7.9,11.1,17.4,17.5,98.1,95.4,94.1,70.0,66.5,66.9,0.14,0.0,0.1,999.9,999.9,999.9,2,8.4,6.5
16585596,0723,81.8,80.8,80.3,52.0,47.5,45.9,870.4,903.0,883.8,9.7,14.0,16.5,10.4,7.6,8.0,10.1,17.3,17.0,102.0,95.5,94.5,73.9,66.6,67.1,0.02,0.0,0.1,999.9,999.9,999.9,0,8.5,6.6
16585596,0723,77.1,80.8,80.3,48.9,47.5,45.8,999.9,903.0,883.9,10.0,14.0,15.8,5.3,7.6,8.1,19.0,17.3,16.9,88.7,95.5,94.5,62.1,66.6,67.8,0.11,0.0,0.1,999.9,999.9,999.9,0,8.5,6.0
16585596,0723,81.1,80.9,80.2,45.2,47.6,45.7,875.8,903.7,888.1,10.0,14.0,15.8,5.6,7.6,8.0,20.0,17.3,16.9,90.0,95.5,94.5,70.0,66.6,67.4,0.0,0.0,0.1,999.9,999.9,999.9,0,8.4,6.0
16585596,0723,80.3,81.0,80.2,44.6,47.5,45.7,869.5,903.7,888.4,10.0,14.0,15.8,9.9,7.6,8.0,14.0,17.3,17.0,102.0,95.4,94.4,75.9,66.6,67.3,0.0,0.0,0.1,999.9,999.9,999.9,18,8.3,6.0
16585596,0723,89.6,80.9,80.3,50.9,47.6,45.9,873.1,903.7,888.4,20.3,14.0,15.8,6.9,7.6,8.1,19.0,17.3,16.9,98.1,95.5,94.7,63.0,66.7,67.6,0.0,0.0,0.1,999.9,999.9,999.9,0,8.4,6.6
16585596,0723,82.7,81.0,80.7,45.2,47.6,46.2,873.1,903.7,888.5,9.9,14.0,16.0,8.2,7.6,8.1,14.0,17.4,17.1,98.1,95.6,95.0,73.0,66.7,67.5,0.0,0.0,0.1,999.9,999.9,999.9,18,8.4,6.6
16585596,0723,78.3,80.9,80.8,57.5,47.5,46.2,872.9,903.0,888.5,10.0,14.0,16.0,4.7,7.6,8.2,18.1,17.4,17.0,93.0,95.6,95.3,66.9,66.7,67.7,0.33,0.0,0.1,999.9,999.9,999.9,0,8.5,7.2
16585596,0723,81.8,80.9,80.7,57.6,47.6,46.7,869.5,903.0,888.5,9.8,14.0,16.0,10.6,7.6,8.2,18.1,17.4,17.2,95.0,95.6,95.3,66.9,66.7,68.0,0.0,0.0,0.1,999.9,999.9,999.9,18,8.4,7.2
16585596,0723,82.3,80.9,80.8,39.9,47.6,46.8,999.9,902.9,888.4,9.7,14.0,16.0,6.6,7.6,8.2,18.1,17.4,17.4,99.0,95.5,95.5,66.9,66.7,67.9,0.11,0.0,0.1,999.9,999.9,999.9,16,8.5,7.8
16585596,0723,82.3,81.0,81.0,40.5,47.6,46.8,873.0,903.6,892.7,10.0,14.0,16.0,6.5,7.6,8.0,8.9,17.5,16.9,95.0,95.6,95.7,61.0,66.8,67.7,0.0,0.0,0.1,999.9,999.9,999.9,18,8.4,7.7
16585596,0723,81.1,80.9,81.0,40.5,47.5,46.5,999.9,903.7,892.7,10.0,14.0,15.6,10.2,7.6,8.1,10.1,17.4,16.4,89.1,95.6,95.5,71.1,66.7,67.8,0.0,0.0,0.1,999.9,999.9,999.9,18,8.4,8.3
16585596,0723,79.9,81.0,81.3,36.2,47.5,46.7,870.4,904.3,896.9,9.9,14.0,14.9,9.9,7.6,8.0,12.0,17.4,16.3,102.0,95.6,95.6,70.0,66.7,68.2,0.0,0.0,0.1,999.9,999.9,999.9,18,8.4,8.3
16585596,0723,86.6,81.0,81.3,57.5,47.5,46.2,869.5,904.3,897.1,10.0,13.8,14.9,5.3,7.6,8.0,13.0,17.4,16.0,87.1,95.6,95.9,70.0,66.7,68.1,0.0,0.0,0.1,999.9,999.9,999.9,0,8.4,8.9
16585596,0723,87.8,81.0,81.3,33.1,47.5,46.2,872.9,904.3,897.0,10.0,13.8,14.9,5.6,7.6,7.9,11.1,17.2,16.2,98.1,95.6,95.4,71.1,66.7,68.1,0.0,0.0,0.1,999.9,999.9,999.9,18,8.3,8.9
16585596,0723,81.8,81.0,81.5,44.1,47.4,45.3,871.0,903.6,897.1,10.0,13.7,13.9,5.3,7.6,7.8,13.0,17.2,15.9,91.9,95.6,95.6,70.0,66.7,68.4,0.0,0.0,0.1,999.9,999.9,999.9,2,8.4,9.5
16585596,0723,89.2,81.0,81.5,55.6,47.3,45.5,871.5,903.6,892.8,9.9,13.7,12.8,6.5,7.6,7.6,10.1,17.2,15.8,98.1,95.6,95.2,66.0,66.8,68.2,0.0,0.0,0.1,999.9,999.9,999.9,0,8.4,9.0
16585596,0723,76.8,81.1,81.8,47.1,47.4,45.7,872.7,903.6,892.8,10.0,13.7,12.1,11.6,7.6,7.5,18.1,17.2,15.5,104.0,95.6,95.3,66.2,66.8,68.1,0.0,0.0,0.1,999.9,999.9,999.9,0,8.3,9.0
16585596,0723,82.7,81.1,81.8,54.1,47.4,45.6,873.5,903.6,892.9,41.0,13.7,12.1,10.2,7.6,7.7,19.0,17.2,15.7,79.0,95.7,95.8,62.1,66.8,68.2,0.0,0.0,0.1,999.9,999.9,999.9,0,8.3,9.0
16585596,0723,78.4,81.1,82.2,41.2,47.4,45.6,873.5,903.6,893.0,10.0,13.9,13.2,8.7,7.6,7.7,24.3,17.2,15.9,102.0,95.5,95.1,73.0,66.8,67.9,0.0,0.0,0.1,999.9,999.9,999.9,0,8.2,9.0
16585596,0723,89.2,81.1,82.1,46.5,47.3,45.9,873.1,903.6,893.2,10.0,13.7,12.5,10.6,7.6,7.9,31.1,17.3,16.4,102.9,95.6,95.1,63.0,66.8,67.8,0.0,0.0,0.1,999.9,999.9,999.9,0,8.2,9.0
16585596,0723,88.8,81.2,82.5,33.1,47.4,46.1,869.7,903.6,889.0,10.0,13.7,12.3,6.2,7.6,7.9,10.1,17.4,17.0,98.1,95.6,95.4,72.0,66.8,67.5,0.0,0.0,0.1,999.9,999.9,999.9,0,8.1,9.0
16585596,0723,62.0,81.2,82.8,45.2,47.3,45.8,999.9,903.6,888.9,20.3,13.7,12.3,4.9,7.6,7.9,19.0,17.3,16.5,102.9,95.7,95.5,71.1,66.9,67.8,0.0,0.0,0.0,999.9,999.9,999.9,18,8.1,8.5
16585596,0723,76.8,81.1,82.3,39.9,47.3,46.0,868.1,903.6,893.1,13.5,13.8,12.7,11.6,7.5,7.8,24.3,17.4,16.8,90.0,95.7,95.7,61.0,66.9,68.1,0.0,0.0,0.0,999.9,999.9,999.9,0,8.1,8.5
16585596,0723,82.8,81.0,82.1,49.3,47.2,45.6,999.9,903.6,893.1,10.0,13.7,12.8,5.6,7.6,8.0,26.0,17.5,17.1,102.0,95.7,95.4,73.9,66.9,67.8,0.0,0.0,0.0,999.9,999.9,999.9,0,8.1,7.9
16585596,0723,87.8,81.0,82.1,49.2,47.2,45.9,999.9,903.6,897.4,9.8,13.5,11.8,8.7,7.6,7.9,8.9,17.5,17.3,99.0,95.7,95.8,61.0,66.9,68.1,0.02,0.0,0.0,999.9,999.9,999.9,0,8.1,7.3
16585596,0723,79.9,81.1,82.2,57.6,47.3,46.2,869.0,904.3,901.6,9.7,13.5,11.8,5.3,7.6,7.9,15.9,17.5,17.0,98.1,95.7,95.8,54.0,66.9,68.2,0.0,0.0,0.0,999.9,999.9,999.9,0,8.0,6.7
16585596,0723,79.9,81.1,82.2,46.5,47.2,46.6,873.6,903.6,901.5,10.0,13.5,11.8,10.2,7.6,7.8,17.1,17.5,16.5,88.7,95.8,96.1,70.0,66.8,67.9,0.0,0.0,0.0,999.9,999.9,999.9,18,8.0,6.7
16585596,0723,80.9,81.0,82.2,57.6,47.3,46.5,870.5,902.9,897.3,9.9,13.5,11.8,9.6,7.6,8.0,11.1,17.4,16.0,95.0,95.8,95.8,75.0,66.9,67.9,0.0,0.0,0.0,999.9,999.9,999.9,0,8.1,6.7
16585596,0723,76.8,81.0,81.9,45.0,47.3,46.8,873.0,902.9,897.2,10.0,13.5,11.8,5.1,7.6,8.1,13.0,17.4,16.1,90.0,95.9,96.0,54.0,67.0,68.0,0.0,0.0,0.0,999.9,999.9,999.9,0,8.0,6.1
16585596,0723,85.4,81.0,81.9,49.2,47.3,46.6,872.7,902.2,897.3,13.5,13.5,11.8,5.3,7.6,7.9,19.0,17.4,15.9,102.0,95.8,95.9,59.0,66.9,67.5,0.0,0.0,0.0,999.9,999.9,999.9,18,7.9,6.1
16585596,0723,79.9,81.0,81.7,55.9,47.2,47.0,870.0,901.4,897.4,10.0,13.4,11.9,3.7,7.5,7.7,34.0,17.4,16.2,93.9,95.8,96.0,66.9,66.8,67.1,0.0,0.0,0.0,999.9,999.9,999.9,18,7.9,6.6
16585596,0723,82.7,81.0,81.7,45.2,47.3,47.2,999.9,901.4,897.4,10.0,13.4,11.9,9.3,7.5,7.5,24.1,17.5,17.0,95.0,95.8,95.8,75.0,66.9,66.9,0.02,0.0,0.0,999.9,999.9,999.9,0,8.0,7.2
16585596,0723,81.8,81.0,81.9,41.4,47.2,47.0,873.6,902.1,897.4,9.9,13.4,11.9,6.6,7.5,7.6,20.0,17.6,17.1,88.7,95.8,96.0,66.0,66.9,67.3,0.0,0.0,0.0,999.9,999.9,999.9,0,8.0,7.2
16585596,0723,86.8,81.0,81.9,52.0,47.2,46.9,999.9,902.2,897.3,10.0,13.4,11.9,5.6,7.5,7.6,12.0,17.6,17.1,102.0,95.8,95.9,62.1,66.9,67.2,0.0,0.0,0.0,999.9,999.9,999.9,0,8.0,7.2
16585596,0723,76.7,81.0,82.1,47.1,47.2,47.2,872.9,902.9,901.6,22.3,13.3,11.9,9.5,7.5,7.5,15.0,17.6,17.1,102.9,95.8,95.9,75.0,66.8,66.7,0.0,0.0,0.0,999.9,999.9,999.9,0,8.0,6.6
16585596,0723,86.8,80.9,81.7,37.5,47.3,47.0,999.9,902.9,901.6,9.7,13.4,12.0,5.3,7.6,7.6,10.1,17.6,17.0,100.0,95.8,96.1,72.0,66.8,67.1,0.0,0.0,0.0,999.9,999.9,999.9,0,8.0,6.6
16585596,0723,83.0,81.0,81.8,52.0,47.3,46.8,866.4,903.6,905.9,10.0,13.4,12.0,8.1,7.6,7.5,14.0,17.6,16.8,99.0,95.8,96.2,71.1,66.8,67.1,0.0,0.0,0.0,999.9,999.9,999.9,0,8.0,6.0
16585596,0723,81.1,81.1,82.0,50.2,47.3,46.6,873.0,902.9,905.6,9.7,13.4,12.0,10.2,7.6,7.6,11.1,17.4,16.7,93.9,95.8,96.3,64.9,66.9,67.2,0.0,0.0,0.0,999.9,999.9,999.9,18,8.0,6.0
16585596,0723,82.3,81.1,81.9,44.6,47.2,46.3,999.9,902.2,905.8,9.9,13.4,12.0,6.9,7.6,7.6,18.1,17.5,16.5,93.9,95.8,96.3,66.9,66.9,67.1,0.0,0.0,0.0,999.9,999.9,999.9,0,8.1,6.0
16585596,0723,87.8,81.1,81.9,39.9,47.2,46.5,999.9,902.9,905.8,10.0,13.4,12.0,8.8,7.6,7.6,24.3,17.4,16.5,98.1,95.8,96.1,66.0,66.9,67.1,0.0,0.0,0.0,999.9,999.9,999.9,18,8.0,5.5
16585596,0723,80.3,81.1,82.1,46.5,47.1,46.5,872.4,902.9,910.0,14.9,13.3,12.0,6.3,7.6,7.7,15.9,17.5,17.0,93.9,95.8,96.2,64.9,66.9,67.3,0.0,0.0,0.0,999.9,999.9,999.9,18,8.1,5.5
16585596,0723,76.4,81.1,82.1,45.2,47.1,46.7,872.4,902.2,905.7,9.9,13.4,12.1,5.3,7.6,7.5,17.1,17.4,17.2,102.9,95.8,96.4,70.0,66.9,67.1,0.0,0.0,0.0,999.9,999.9,999.9,0,8.2,5.5
16585596,0723,88.8,81.1,82.0,55.6,47.1,47.0,869.5,901.5,905.8,9.8,13.4,12.1,6.2,7.6,7.4,11.1,17.4,17.3,93.0,95.8,96.4,54.0,66.9,67.1,0.14,0.0,0.0,999.9,999.9,999.9,18,8.1,4.9
16585596,0723,78.3,81.1,82.0,41.2,47.1,46.9,869.5,901.5,905.8,10.0,13.3,12.1,9.6,7.6,7.4,19.0,17.4,17.3,100.0,95.8,96.6,62.2,66.9,66.6,0.0,0.0,0.0,999.9,999.9,999.9,18,8.2,5.5
16585596,0723,79.9,81.0,81.7,45.0,47.0,47.2,875.8,901.4,905.7,41.0,13.3,12.1,6.9,7.6,7.6,15.0,17.4,17.5,95.0,95.8,96.7,66.0,66.8,66.3,0.0,0.0,0.0,999.9,999.9,999.9,0,8.0,5.5
16585596,0723,81.8,81.1,81.7,44.1,47.0,47.2,872.9,901.5,905.9,10.0,13.5,13.2,6.3,7.6,7.6,22.0,17.3,17.6,93.9,95.8,96.8,62.1,66.8,66.1,0.0,0.0,0.0,999.9,999.9,999.9,16,7.9,5.4
16585596,0723,79.3,81.0,81.4,50.9,46.9,46.8,866.4,901.5,905.9,9.8,13.5,13.2,9.5,7.6,7.6,11.1,17.3,18.0,93.9,95.8,96.7,64.9,66.7,66.0,0.0,0.0,0.0,999.9,999.9,999.9,48,8.0,5.9
16585596,0723,80.7,81.0,81.5,45.2,47.0,47.0,866.4,900.7,905.7,39.8,13.5,13.2,4.7,7.6,7.5,19.0,17.3,17.8,93.9,95.7,96.3,73.9,66.7,66.0,0.0,0.0,0.0,999.9,999.9,999.9,18,8.1,7.5
16585596,0723,81.1,81.0,81.4,58.4,47.0,46.7,999.9,900.0,905.5,9.8,13.7,13.1,6.2,7.6,7.4,22.0,17.4,17.8,95.0,95.7,96.8,54.0,66.8,66.4,0.0,0.0,0.0,999.9,999.9,999.9,18,8.2,8.1
16585596,0723,87.8,81.0,81.5,50.9,47.0,47.2,872.4,900.7,909.7,10.0,13.6,13.1,6.5,7.6,7.3,19.0,17.4,17.7,95.0,95.7,96.6,66.0,66.7,65.7,0.01,0.0,0.0,999.9,999.9,999.9,0,8.2,8.7
16585596,0723,81.8,81.0,81.5,34.9,47.0,47.4,872.4,900.7,909.6,10.0,13.6,13.1,4.9,7.6,7.1,18.1,17.4,17.3,98.1,95.7,96.3,75.0,66.7,65.8,0.02,0.0,0.0,999.9,999.9,999.9,18,8.2,8.7
16585596,0723,89.2,81.1,81.2,41.2,47.0,47.4,999.9,900.7,909.7,10.0,13.6,13.1,10.6,7.5,7.1,19.0,17.4,17.5,89.1,95.8,96.3,66.9,66.8,65.9,0.0,0.0,0.0,999.9,999.9,999.9,0,8.2,9.3
16585596,0723,81.1,81.1,82.2,41.4,46.9,47.3,870.0,901.4,909.7,10.0,13.6,12.8,8.7,7.6,7.3,13.0,17.4,17.5,104.0,95.7,95.9,66.2,66.7,65.8,0.0,0.0,0.0,999.9,999.9,999.9,0,8.1,8.7
16585596,0723,77.5,81.1,82.3,47.1,46.9,47.4,869.6,901.4,909.8,10.0,13.4,12.6,6.9,7.6,7.2,15.9,17.4,17.2,98.1,95.8,96.3,66.0,66.8,66.0,0.0,0.0,0.0,999.9,999.9,999.9,18,8.1,8.7
16585596,0723,89.2,81.2,82.1,52.0,46.9,47.3,872.7,901.4,905.5,9.9,13.4,12.6,9.5,7.5,7.2,22.0,17.4,16.8,89.1,95.8,96.2,70.0,66.8,65.7,0.0,0.0,0.0,999.9,999.9,999.9,0,8.1,9.3
16585596,0723,80.9,81.2,82.2,36.2,46.9,47.4,999.9,900.7,901.2,14.9,13.4,12.7,9.6,7.6,7.3,12.0,17.4,17.3,102.0,95.8,95.9,71.1,66.8,66.0,0.0,0.0,0.0,999.9,999.9,999.9,0,8.0,9.3
16585596,0723,77.5,81.2,82.2,44.6,46.8,46.7,872.7,901.4,905.6,9.7,13.4,12.8,10.1,7.6,7.4,18.1,17.4,17.1,104.0,95.8,96.0,75.9,66.8,66.6,0.0,0.0,0.0,999.9,999.9,999.9,18,8.0,9.3
16585596,0723,82.7,81.2,82.1,55.9,46.8,46.6,871.5,900.7,905.5,22.3,13.4,12.8,6.2,7.6,7.4,13.0,17.4,17.2,89.1,95.9,96.5,64.9,66.9,66.8,0.0,0.0,0.0,999.9,999.9,999.9,0,8.0,9.3
16585596,0723,77.5,81.2,82.2,57.6,46.9,46.5,873.6,900.0,905.6,10.0,13.5,13.2,10.4,7.6,7.3,15.9,17.4,17.2,79.0,95.9,96.3,73.0,66.8,66.4,0.0,0.0,0.0,999.9,999.9,999.9,0,7.9,9.3
16585596,0723,77.5,81.2,82.2,33.1,47.0,47.0,869.7,900.0,905.6,9.7,13.5,13.2,9.8,7.6,7.5,12.0,17.4,17.3,102.9,95.7,95.9,70.0,66.9,67.1,0.0,0.0,0.0,999.9,999.9,999.9,0,7.8,9.3
16585596,0723,79.9,81.2,81.9,39.9,47.0,46.4,869.6,900.0,905.5,10.0,13.4,13.1,4.7,7.6,7.6,22.0,17.4,17.1,95.0,95.8,96.0,66.0,66.9,67.4,0.0,0.0,0.0,999.9,999.9,999.9,0,7.7,8.7
16585596,0723,79.3,81.1,81.9,55.9,47.0,45.9,999.9,899.3,905.5,10.0,13.4,13.1,4.7,7.6,7.6,15.9,17.4,16.7,90.0,95.8,96.0,66.0,66.9,67.4,0.0,0.0,0.0,999.9,999.9,999.9,2,7.6,8.1
16585596,0723,82.3,81.1,81.8,52.0,47.0,46.3,999.9,900.0,905.5,39.8,13.4,13.1,4.9,7.6,7.5,24.1,17.4,16.4,99.0,95.7,95.8,70.0,66.9,67.1,0.02,0.0,0.0,999.9,999.9,999.9,18,7.6,8.2
16585596,0723,77.1,81.2,81.8,55.6,47.0,46.6,868.1,900.7,909.7,10.0,13.5,14.1,9.8,7.6,7.4,34.0,17.5,16.6,91.9,95.8,96.2,71.1,66.8,67.2,0.01,0.0,0.0,999.9,999.9,999.9,18,7.7,8.8
16585596,0723,79.3,81.2,81.5,39.9,47.0,46.7,866.4,900.7,905.3,10.0,13.5,14.1,10.2,7.6,7.6,22.0,17.6,17.3,102.0,95.7,95.9,66.9,66.9,67.5,0.0,0.0,0.0,999.9,999.9,999.9,0,7.8,9.4
16585596,0723,62.0,81.1,81.6,58.4,47.0,46.5,869.5,900.7,905.1,39.8,13.5,13.7,8.7,7.7,7.6,15.0,17.6,17.5,102.9,95.7,95.8,68.0,66.9,67.3,0.0,0.0,0.0,999.9,999.9,999.9,18,7.7,9.4
16585596,0723,86.6,81.0,80.8,54.1,47.0,47.2,871.0,900.7,900.7,30.7,13.6,14.7,4.9,7.7,7.7,12.0,17.6,17.7,102.0,95.8,95.9,66.9,66.9,67.1,0.0,0.0,0.0,999.9,999.9,999.9,48,7.7,10.0
16585596,0723,79.3,81.0,80.9,54.5,47.1,47.3,999.9,899.9,900.9,10.0,13.7,15.4,4.7,7.7,7.6,8.9,17.5,17.6,88.7,95.8,96.0,61.0,66.8,67.0,0.0,0.0,0.0,999.9,999.9,999.9,0,7.9,11.6
16585596,0723,82.3,81.0,80.8,39.9,47.0,47.4,873.5,900.7,905.1,10.0,13.7,15.4,10.4,7.6,7.4,31.1,17.5,17.5,102.9,95.7,95.8,61.0,66.8,66.9,0.0,0.0,0.0,999.9,999.9,999.9,0,7.8,11.0
16585596,0723,87.8,81.0,80.8,36.2,47.1,47.2,870.4,900.7,900.9,9.9,13.7,15.4,6.3,7.6,7.5,24.3,17.6,18.0,100.0,95.7,96.1,54.0,66.8,66.7,0.0,0.0,0.0,999.9,999.9,999.9,48,7.8,11.0
16585596,0723,79.3,81.1,80.8,57.5,47.0,47.1,868.1,900.6,896.6,10.0,13.7,15.4,10.4,7.7,7.5,18.1,17.7,18.0,102.0,95.8,96.2,66.9,66.7,66.3,0.11,0.0,0.0,999.9,999.9,999.9,0,8.1,12.0
16585596,0723,79.3,81.0,80.8,54.6,47.1,47.5,875.8,899.9,896.5,9.9,13.6,15.2,3.7,7.7,7.6,11.1,17.6,18.1,100.0,95.8,96.5,70.0,66.7,66.3,0.0,0.0,0.0,999.9,999.9,999.9,18,8.0,11.4
16585596,0723,76.4,81.1,80.9,50.2,47.1,47.8,872.4,899.9,896.6,10.0,13.6,15.2,6.4,7.6,7.5,19.0,17.6,17.9,102.0,95.8,96.4,66.9,66.8,66.3,0.17,0.0,0.0,999.9,999.9,999.9,18,8.1,12.0
16585596,0723,86.6,81.1,80.5,34.9,47.2,47.6,866.4,899.2,896.7,10.0,13.6,15.2,6.2,7.6,7.5,20.0,17.5,18.1,95.0,95.8,96.7,70.0,66.8,66.8,0.17,0.0,0.0,999.9,999.9,999.9,0,8.2,12.0
16585596,0723,79.9,81.1,80.8,57.2,47.1,47.4,869.0,899.2,896.6,10.0,13.6,15.2,5.3,7.6,7.4,15.9,17.6,18.2,87.1,95.9,96.5,62.2,66.8,67.0,0.14,0.0,0.0,999.9,999.9,999.9,16,8.2,11.4
16585596,0723,80.3,81.1,80.8,54.1,47.1,47.8,869.0,899.2,896.3,20.3,13.6,14.2,6.2,7.6,7.4,19.0,17.6,18.2,102.9,95.8,96.3,72.0,66.8,66.9,0.0,0.0,0.0,999.9,999.9,999.9,18,8.3,11.9
16585596,0723,74.2,81.1,80.7,57.5,47.2,48.1,870.4,899.2,896.2,9.9,13.6,14.5,6.6,7.6,7.4,14.0,17.5,18.1,88.7,95.8,96.6,66.9,66.8,67.2,0.11,0.0,0.0,999.9,999.9,999.9,18,8.4,12.0
16585596,0723,79.9,81.0,80.5,55.6,47.3,48.4,873.5,899.1,896.3,10.0,13.6,14.5,5.3,7.6,7.3,14.0,17.5,18.2,104.0,95.7,96.4,62.1,66.8,67.3,0.0,0.0,0.0,999.9,999.9,999.9,18,8.5,11.0
16585596,0723,79.9,81.0,80.5,33.1,47.3,48.7,872.9,899.1,896.6,9.8,13.6,13.6,8.8,7.6,7.3,15.9,17.4,18.0,102.0,95.8,96.7,70.0,66.8,66.9,0.0,0.0,0.0,999.9,999.9,999.9,18,8.5,11.0
16585596,0723,62.0,81.0,80.5,50.9,47.2,47.9,870.4,899.2,892.3,9.7,13.6,13.6,6.5,7.6,7.4,12.0,17.4,17.8,93.9,95.9,97.0,71.1,66.8,67.4,0.01,0.0,0.0,999.9,999.9,999.9,0,8.6,11.0
16585596,0723,83.0,80.9,79.6,48.9,47.2,47.9,870.4,898.4,892.3,10.0,13.6,13.5,7.8,7.6,7.4,10.1,17.3,17.6,95.0,95.9,96.9,72.0,66.8,67.6,0.0,0.0,0.0,999.9,999.9,999.9,0,8.5,11.0
16585596,0723,81.1,80.9,79.7,45.2,47.2,48.3,871.4,898.4,892.2,10.0,13.5,13.5,6.2,7.6,7.5,24.3,17.2,17.3,102.9,95.8,96.8,61.0,66.9,67.5,0.0,0.0,0.0,999.9,999.9,999.9,0,8.4,10.4
16585596,0723,88.8,80.9,79.4,52.0,47.2,48.5,870.0,897.7,887.9,39.8,13.5,13.5,4.7,7.6,7.3,10.1,17.2,17.5,102.0,95.8,97.3,72.0,66.9,67.3,0.0,0.0,0.0,999.9,999.9,999.9,0,8.3,10.4
16585596,0723,85.4,80.9,79.6,49.3,47.2,48.8,869.0,897.7,887.9,9.7,13.7,14.5,5.6,7.6,7.2,24.1,17.2,17.4,98.1,95.9,97.2,70.0,66.9,67.5,0.0,0.0,0.0,999.9,999.9,999.9,0,8.3,10.4
16585596,0723,69.7,81.0,79.9,45.2,47.2,48.9,999.9,897.0,887.9,10.0,13.7,14.5,10.2,7.6,7.2,10.1,17.3,17.7,93.0,95.9,97.2,64.9,67.0,67.6,0.0,0.0,0.0,999.9,999.9,999.9,0,8.2,9.8
16585596,0723,79.9,81.0,79.3,55.9,47.1,48.7,871.0,897.0,892.1,22.2,13.7,14.5,5.3,7.6,7.2,14.0,17.2,17.3,102.0,95.9,97.3,70.0,66.9,67.5,0.11,0.0,0.0,999.9,999.9,999.9,18,8.2,9.8
16585596,0723,76.4,80.9,79.2,44.1,47.2,49.3,871.4,897.0,887.8,10.0,13.7,14.8,5.3,7.6,7.0,14.0,17.1,17.3,95.0,95.9,97.3,61.0,66.9,67.4,0.03,0.0,0.0,999.9,999.9,999.9,0,8.0,10.4
16585596,0723,76.4,80.9,79.2,54.5,47.2,49.3,869.5,896.3,887.8,9.9,13.7,14.8,5.6,7.6,6.9,8.9,17.1,17.2,99.0,95.9,97.0,68.0,66.9,66.9,0.0,0.0,0.0,999.9,999.9,999.9,0,8.0,9.8
16585596,0723,89.2,80.9,79.0,41.4,47.3,49.3,869.5,895.6,887.7,9.8,13.5,14.4,10.2,7.6,6.9,15.0,17.0,17.1,102.9,95.9,97.4,66.9,66.9,67.0,0.0,0.0,0.0,999.9,999.9,999.9,18,8.0,9.8
16585596,0723,88.1,80.9,79.4,41.6,47.2,48.7,868.1,895.5,887.6,30.7,13.5,14.4,6.4,7.6,6.8,14.0,17.0,17.0,93.0,96.0,98.2,66.0,66.9,66.8,0.0,0.0,0.0,999.9,999.9,999.9,16,8.1,10.4
16585596,0723,87.8,80.9,79.7,45.2,47.1,49.0,870.5,895.5,887.5,10.0,13.6,15.1,10.6,7.6,6.7,24.1,16.9,17.1,93.0,96.0,97.8,73.9,66.9,66.7,0.0,0.0,0.0,999.9,999.9,999.9,18,8.1,10.9
16585596,0723,89.6,81.0,80.0,54.6,47.1,49.2,999.9,895.5,887.6,9.7,13.6,15.1,5.6,7.6,6.9,19.0,16.9,17.2,104.0,96.0,97.8,66.0,67.0,67.0,0.11,0.0,0.0,999.9,999.9,999.9,2,8.1,11.5
16585596,0723,78.3,81.1,80.3,55.6,47.1,49.1,869.7,896.3,887.6,10.0,13.6,15.1,6.2,7.6,7.0,26.0,17.0,17.3,93.0,96.0,98.2,66.0,67.0,67.0,0.0,0.0,0.0,999.9,999.9,999.9,0,8.0,11.5
16585596,0723,81.1,81.1,80.2,48.9,47.2,49.3,869.0,896.3,883.2,10.0,13.6,14.1,6.5,7.6,7.0,31.1,17.0,17.3,100.0,96.0,98.0,66.9,67.0,66.8,0.0,0.0,0.0,999.9,999.9,999.9,0,7.9,10.9
16585596,0723,76.7,81.1,80.3,45.2,47.2,49.0,871.5,895.5,883.3,9.9,13.6,14.1,9.9,7.6,6.9,17.1,17.1,17.2,98.1,96.0,98.3,64.9,67.0,66.7,0.0,0.0,0.0,999.9,999.9,999.9,0,7.8,10.3
16585596,0723,89.2,81.1,80.2,46.5,47.3,49.2,999.9,895.5,883.4,10.0,13.6,14.1,8.1,7.6,6.9,13.0,17.2,17.1,95.0,96.0,98.2,63.0,67.0,66.6,0.33,0.0,0.0,999.9,999.9,999.9,0,7.8,10.3
16585596,0723,77.1,81.1,81.2,55.9,47.3,48.8,872.4,895.5,887.8,9.9,13.6,13.1,10.4,7.6,6.9,12.0,17.2,17.0,100.0,96.0,97.9,62.1,67.0,66.5,0.17,0.0,0.0,999.9,999.9,999.9,48,7.8,9.7
16585596,0723,79.9,81.0,80.8,50.2,47.4,48.9,872.4,895.5,887.8,9.9,13.6,12.4,5.3,7.6,7.0,13.0,17.1,17.0,88.7,96.0,97.8,66.2,67.0,66.3,0.0,0.0,0.0,999.9,999.9,999.9,0,8.1,9.7
16585596,0723,85.2,81.0,80.9,41.4,47.4,48.7,871.4,894.8,883.6,10.0,13.6,12.4,4.7,7.6,7.1,15.0,17.1,17.1,95.0,96.0,97.8,73.0,66.9,66.5,0.0,0.0,0.0,999.9,999.9,999.9,0,8.1,9.7
16585596,0723,89.6,81.0,80.9,57.6,47.4,48.8,869.6,894.8,883.5,10.0,13.6,12.4,7.8,7.6,6.9,18.1,17.1,16.6,93.9,96.0,97.6,57.9,67.0,66.9,0.17,0.0,0.0,999.9,999.9,999.9,0,8.1,9.7
16585596,0723,79.3,81.1,81.0,41.4,47.4,49.5,870.5,894.8,883.5,41.0,13.5,12.4,11.6,7.6,6.9,13.0,17.1,16.4,93.9,96.0,97.4,68.0,66.9,67.0,0.0,0.0,0.1,999.9,999.9,999.9,0,8.0,8.1
16585596,0723,76.8,81.1,81.0,54.1,47.4,49.0,872.9,894.1,883.6,10.0,13.7,13.4,8.7,7.6,7.0,12.0,17.1,16.2,93.9,95.9,97.1,73.9,67.0,67.0,0.0,0.0,0.1,999.9,999.9,999.9,0,8.0,8.1
16585596,0723,74.2,81.1,80.9,57.5,47.4,48.9,869.5,894.1,883.5,9.9,13.7,13.4,9.3,7.6,7.1,15.0,17.0,16.3,102.0,95.9,96.9,72.0,67.0,67.2,0.0,0.0,0.1,999.9,999.9,999.9,18,7.9,7.5
16585596,0723,69.7,81.0,80.9,57.6,47.4,49.2,999.9,894.1,883.4,10.0,13.7,13.4,6.9,7.6,7.2,13.0,17.0,16.1,99.0,95.9,96.9,62.1,67.0,67.3,0.01,0.0,0.0,999.9,999.9,999.9,0,8.0,7.5
16585596,0723,80.3,81.0,80.3,34.9,47.4,49.9,870.4,894.8,887.8,39.8,13.7,13.4,5.3,7.6,7.3,19.0,17.0,15.9,93.0,95.9,97.0,73.9,67.0,67.1,0.0,0.0,0.0,999.9,999.9,999.9,0,8.0,7.5
16585596,0723,86.8,81.0,80.3,47.1,47.4,49.2,873.1,894.8,887.9,14.9,13.9,14.4,11.6,7.6,7.3,11.1,17.0,16.0,93.0,95.9,97.2,62.1,67.0,67.5,0.0,0.0,0.0,999.9,999.9,999.9,0,7.9,7.0
16585596,0723,86.8,81.0,80.5,44.1,47.4,49.0,875.8,894.1,888.0,9.9,13.9,14.2,6.9,7.6,7.4,11.1,17.0,15.7,95.0,95.9,96.9,64.9,66.9,67.1,0.0,0.0,0.0,999.9,999.9,999.9,0,7.8,6.4
16585596,0723,89.6,81.1,80.9,57.2,47.4,48.5,999.9,894.1,888.2,10.0,13.9,14.2,5.3,7.6,7.4,18.1,17.0,15.6,90.0,95.9,97.1,66.0,66.9,67.1,0.0,0.0,0.0,999.9,999.9,999.9,18,7.7,5.8
16585596,0723,79.9,81.1,81.3,40.5,47.4,48.6,873.6,894.8,892.4,10.0,13.9,14.2,10.1,7.6,7.4,11.1,17.0,15.8,95.0,95.9,96.6,62.1,67.0,67.2,0.0,0.0,0.0,999.9,999.9,999.9,18,7.8,5.8
16585596,0723,80.3,81.1,81.3,45.2,47.3,48.8,999.9,894.1,892.4,10.0,13.7,14.2,6.9,7.7,7.5,11.1,17.0,15.6,99.0,95.9,96.4,64.9,66.9,66.9,0.0,0.0,0.0,999.9,999.9,999.9,2,7.8,5.8
16585596,0723,76.4,81.1,81.9,52.0,47.3,48.6,999.9,894.9,896.7,13.5,13.7,14.2,6.3,7.6,7.5,12.0,17.0,15.6,100.0,95.9,96.6,63.0,66.9,66.7,0.03,0.0,0.0,999.9,999.9,999.9,18,7.8,5.9
16585596,0723,79.3,81.1,81.7,58.4,47.4,48.7,999.9,895.6,901.1,10.0,13.7,14.3,9.8,7.6,7.5,13.0,16.9,15.6,93.9,95.9,96.7,66.0,66.9,66.4,0.0,0.0,0.0,999.9,999.9,999.9,0,7.9,6.5
16585596,0723,69.7,81.1,81.6,52.0,47.4,49.2,870.0,896.3,905.3,39.8,13.7,14.3,10.2,7.7,7.6,24.3,16.9,15.3,99.0,95.9,96.4,68.0,66.9,66.6,0.11,0.0,0.0,999.9,999.9,999.9,0,7.8,6.5
16585596,0723,87.8,81.0,81.0,50.2,47.4,49.2,872.7,896.3,905.3,9.9,13.9,14.3,6.9,7.7,7.8,15.0,16.9,15.7,87.1,96.0,96.3,70.0,66.9,66.5,0.0,0.0,0.0,999.9,999.9,999.9,0,7.8,6.5
16585596,0723,76.4,81.0,81.0,55.6,47.4,49.2,999.9,896.3,905.5,10.0,13.8,14.4,3.7,7.7,7.8,17.1,17.0,15.4,99.0,95.9,96.0,70.0,66.9,66.5,0.17,0.0,0.0,999.9,999.9,999.9,0,7.8,6.5
16585596,0723,78.3,81.0,81.3,48.9,47.4,49.5,999.9,897.0,905.5,10.0,13.8,14.4,4.7,7.7,7.6,11.1,17.0,15.7,93.0,95.9,96.2,66.0,67.0,66.6,0.0,0.0,0.0,999.9,999.9,999.9,18,7.8,6.5
16585596,0723,89.2,80.9,81.2,36.2,47.4,49.3,872.7,897.0,909.8,10.0,13.8,13.9,6.4,7.7,7.6,15.9,17.0,15.6,99.0,95.9,95.9,57.0,67.0,66.5,0.0,0.0,0.0,999.9,999.9,999.9,0,7.8,6.5
16585596,0723,76.8,81.0,81.6,45.2,47.3,49.1,871.0,896.3,909.8,9.9,13.8,13.9,5.6,7.7,7.6,14.0,17.0,15.6,89.1,95.9,96.0,72.0,66.9,66.4,0.0,0.0,0.0,999.9,999.9,999.9,0,7.8,6.5
16585596,0723,81.8,81.0,81.6,40.5,47.2,48.7,871.4,896.3,909.8,9.9,13.8,13.9,9.8,7.6,7.6,11.1,16.9,15.8,102.0,95.9,95.7,61.0,66.9,66.5,0.01,0.0,0.0,999.9,999.9,999.9,0,7.8,6.5
16585596,0723,79.3,81.0,81.4,50.9,47.2,48.7,875.8,896.3,909.9,9.9,13.8,14.0,9.3,7.6,7.6,12.0,16.9,15.7,102.0,95.9,95.7,57.9,66.9,66.3,0.14,0.0,0.0,999.9,999.9,999.9,0,7.8,5.9
16585596,0723,88.8,81.0,81.1,57.2,47.3,49.0,872.4,896.3,910.2,9.8,13.8,13.3,9.5,7.7,7.7,10.1,16.9,15.6,90.0,96.0,96.0,71.1,66.8,66.0,0.0,0.0,0.0,999.9,999.9,999.9,18,7.8,5.3
16585596,0723,77.1,81.0,81.1,39.9,47.4,49.4,999.9,895.6,910.2,13.5,13.8,13.3,5.6,7.7,7.6,24.3,16.9,15.1,104.0,96.0,95.9,73.9,66.8,65.9,0.0,0.0,0.0,999.9,999.9,999.9,18,7.9,5.3
16585596,0723,77.1,80.9,80.7,36.2,47.3,48.9,872.9,896.3,910.2,22.3,13.8,13.4,11.6,7.7,7.6,11.1,16.9,15.3,90.0,96.0,95.9,66.9,66.8,66.2,0.0,0.0,0.0,999.9,999.9,999.9,0,7.9,5.9
16585596,0723,77.5,80.9,80.7,41.6,47.2,48.3,999.9,896.3,910.3,10.0,13.8,13.8,4.9,7.7,7.8,31.1,16.8,14.8,102.9,96.0,95.8,75.0,66.8,66.2,0.0,0.0,0.0,999.9,999.9,999.9,18,7.8,5.9
16585596,0723,83.0,80.9,80.6,57.5,47.2,48.0,869.5,897.0,914.7,9.9,13.8,13.8,5.3,7.7,7.8,18.1,16.8,14.8,93.0,96.0,95.8,61.0,66.8,66.5,0.0,0.0,0.0,999.9,999.9,999.9,18,7.9,6.5
16585596,0723,85.2,81.0,80.8,46.5,47.3,48.5,873.6,897.0,914.6,22.2,13.8,13.8,8.7,7.6,7.6,14.0,16.9,14.9,102.0,96.1,95.7,57.0,66.8,66.4,0.02,0.0,0.0,999.9,999.9,999.9,0,8.0,7.1
16585596,0723,82.7,81.2,80.6,36.2,47.2,48.5,873.1,897.0,910.4,9.7,13.8,14.2,10.2,7.6,7.6,15.9,16.9,14.9,95.0,96.1,95.9,64.9,66.7,66.2,0.0,0.0,0.0,999.9,999.9,999.9,0,7.9,7.1
16585596,0723,79.9,81.2,80.8,54.1,47.2,47.8,866.4,897.0,910.4,10.0,13.8,14.2,9.3,7.6,7.6,22.0,16.9,15.0,102.9,96.2,95.7,62.1,66.7,66.3,0.33,0.0,0.0,999.9,999.9,999.9,0,7.9,5.5
16585596,0723,78.4,81.2,80.8,55.9,47.2,47.9,869.7,897.0,910.2,22.2,13.8,14.2,6.6,7.6,7.8,18.1,16.9,15.3,93.9,96.2,96.2,66.0,66.7,66.1,0.11,0.0,0.0,999.9,999.9,999.9,0,7.9,5.5
16585596,0723,82.3,81.2,80.6,33.1,47.3,48.4,873.6,897.0,910.2,9.9,13.9,14.6,6.6,7.6,7.8,14.0,16.9,15.4,99.0,96.2,96.2,66.2,66.7,65.9,0.0,0.0,0.0,999.9,999.9,999.9,18,7.8,5.5
16585596,0723,77.1,81.1,80.4,41.6,47.3,47.6,999.9,897.0,910.3,41.0,13.8,14.6,9.8,7.6,7.8,24.1,16.8,15.3,93.9,96.2,96.4,63.0,66.7,66.2,0.17,0.0,0.0,999.9,999.9,999.9,0,7.8,6.1
16585596,0723,76.8,81.1,80.3,57.2,47.2,47.6,869.0,897.0,914.6,10.0,13.9,14.6,9.9,7.6,7.7,10.1,16.9,15.7,93.0,96.1,96.4,57.9,66.7,66.0,0.02,0.0,0.0,999.9,999.9,999.9,18,7.8,6.1
16585596,0723,82.7,81.0,80.3,48.9,47.3,47.7,999.9,897.0,914.5,39.8,13.9,14.6,6.9,7.6,7.8,26.0,16.9,15.6,90.0,96.1,96.3,57.9,66.7,65.5,0.0,0.0,0.0,999.9,999.9,999.9,18,7.9,6.7
16585596,0723,80.3,81.0,80.6,50.2,47.3,47.4,871.0,897.7,918.9,10.0,14.1,15.6,6.6,7.6,7.7,10.1,16.9,16.0,93.0,96.1,95.9,66.2,66.6,65.0,0.0,0.0,0.0,999.9,999.9,999.9,18,7.9,6.7
16585596,0723,82.3,81.0,80.9,34.9,47.4,47.2,870.0,897.7,914.6,9.8,14.1,15.6,9.6,7.6,7.7,17.1,16.9,15.9,102.9,96.1,95.7,62.2,66.6,65.1,0.0,0.0,0.0,999.9,999.9,999.9,0,7.9,7.3
16585596,0723,79.3,81.0,81.0,54.5,47.3,47.2,870.4,897.0,914.5,10.0,14.1,14.6,10.1,7.6,7.8,24.1,16.9,15.8,99.0,96.2,96.1,71.1,66.6,64.7,0.0,0.0,0.0,999.9,999.9,999.9,0,7.9,7.3
16585596,0723,88.8,81.0,80.7,44.1,47.4,47.4,869.7,896.9,914.5,9.7,14.0,14.4,8.7,7.6,7.8,26.0,17.0,16.2,99.0,96.2,96.3,68.0,66.7,65.0,0.0,0.0,0.0,999.9,999.9,999.9,18,7.8,7.3
16585596,0723,77.1,81.0,80.8,39.9,47.4,47.4,869.5,896.2,914.2,9.9,14.0,14.4,10.6,7.6,7.8,18.1,17.0,16.7,102.9,96.2,96.4,62.1,66.7,65.1,0.17,0.0,0.0,999.9,999.9,999.9,18,7.8,7.9
16585596,0723,77.1,81.0,80.4,55.9,47.3,46.8,873.6,896.2,909.9,10.0,14.0,14.4,6.4,7.6,8.0,15.0,17.0,16.7,87.1,96.2,96.8,57.9,66.6,65.0,0.03,0.0,0.0,999.9,999.9,999.9,0,7.9,7.9
16585596,0723,87.8,80.9,80.3,41.6,47.4,47.4,870.5,896.2,909.9,10.0,14.0,14.4,8.2,7.6,7.9,13.0,17.0,16.9,104.0,96.1,96.6,70.0,66.6,64.9,0.0,0.0,0.0,999.9,999.9,999.9,18,7.9,7.3
16585596,0723,74.2,81.1,80.5,41.4,47.3,47.2,873.0,896.2,905.6,13.5,14.0,14.4,8.2,7.7,7.9,10.1,16.9,16.9,93.9,96.2,96.7,75.0,66.7,65.0,0.02,0.0,0.0,999.9,999.9,999.9,0,7.9,7.8
16585596,0723,82.3,81.0,80.5,44.1,47.3,46.9,869.5,896.2,901.4,10.0,14.0,14.4,10.6,7.6,8.0,10.1,16.9,16.9,100.0,96.2,96.5,57.0,66.7,65.4,0.02,0.0,0.0,999.9,999.9,999.9,18,7.8,7.2
16585596,0723,80.7,81.0,80.6,47.1,47.2,46.4,870.4,896.2,897.0,10.0,14.0,14.4,5.3,7.7,8.0,22.0,16.8,16.8,95.0,96.2,96.7,66.0,66.7,65.1,0.0,0.0,0.0,999.9,999.9,999.9,0,7.9,7.8
16585596,0723,79.9,81.0,80.9,57.2,47.2,46.2,872.4,895.5,897.0,14.9,14.0,13.4,8.7,7.6,7.9,34.0,16.8,16.7,99.0,96.2,96.6,57.9,66.7,65.1,0.0,0.0,0.0,999.9,999.9,999.9,0,7.8,7.8
16585596,0723,86.6,80.9,80.7,58.4,47.3,46.5,869.5,895.5,897.0,14.9,14.1,13.6,10.6,7.6,7.9,18.1,16.9,17.3,95.0,96.2,97.0,70.0,66.6,64.7,0.11,0.0,0.0,999.9,999.9,999.9,0,7.8,7.8
16585596,0723,88.1,80.9,81.0,49.3,47.3,46.6,873.5,895.4,892.7,10.0,13.9,13.8,11.6,7.7,8.1,12.0,16.9,17.4,102.9,96.2,96.9,62.2,66.6,64.7,0.0,0.0,0.0,999.9,999.9,999.9,0,7.7,7.8
16585596,0723,88.8,81.0,81.3,58.4,47.3,46.6,999.9,895.5,888.5,10.0,13.9,13.8,11.6,7.7,8.4,8.9,16.8,17.4,104.0,96.2,97.2,62.1,66.6,64.5,0.0,0.0,0.0,999.9,999.9,999.9,0,7.7,7.2
16585596,0723,74.2,81.1,81.3,52.0,47.4,47.3,872.7,896.2,892.7,9.9,13.9,13.8,11.6,7.7,8.5,13.0,16.7,17.2,93.0,96.2,97.3,71.1,66.5,64.7,0.02,0.0,0.0,999.9,999.9,999.9,18,7.7,7.2
16585596,0723,83.0,81.0,81.2,47.2,47.5,47.5,869.5,896.2,892.8,10.0,13.9,13.8,8.7,7.7,8.7,13.0,16.8,17.1,93.9,96.2,97.5,73.0,66.6,64.7,0.0,0.0,0.0,999.9,999.9,999.9,0,7.7,7.8
16585596,0723,86.6,81.1,81.3,50.2,47.4,47.8,875.8,896.1,892.7,10.0,13.9,13.8,5.3,7.7,8.7,22.0,16.8,17.2,87.1,96.2,97.2,54.0,66.6,65.1,0.0,0.0,0.0,999.9,999.9,999.9,18,7.7,7.8
16585596,0723,86.8,81.1,81.5,55.9,47.5,47.7,999.9,896.2,892.7,9.7,13.9,13.8,6.3,7.7,8.6,12.0,16.8,17.5,104.0,96.2,96.7,57.0,66.6,65.0,0.0,0.0,0.0,999.9,999.9,999.9,48,7.8,8.4
16585596,0723,86.8,81.1,81.5,58.4,47.5,47.7,873.6,896.9,896.9,9.7,13.8,13.8,8.8,7.7,8.5,18.1,16.7,17.6,104.0,96.2,97.2,62.2,66.6,64.5,0.0,0.0,0.0,999.9,999.9,999.9,18,7.9,9.4
16585596,0723,79.3,81.1,81.8,48.9,47.6,48.3,873.0,896.9,892.7,39.8,13.8,13.6,8.8,7.7,8.6,19.0,16.7,17.4,89.1,96.3,97.2,61.0,66.5,64.1,0.0,0.0,0.0,999.9,999.9,999.9,0,8.0,9.4
16585596,0723,79.3,81.1,81.9,39.9,47.6,48.7,999.9,896.9,892.7,9.9,14.0,14.2,4.9,7.7,8.5,18.1,16.8,17.6,100.0,96.2,97.1,66.0,66.4,63.9,0.0,0.0,0.0,999.9,999.9,999.9,16,8.0,9.4
16585596,0723,79.3,81.1,81.9,50.2,47.6,48.7,872.9,897.7,892.7,9.9,14.0,14.2,7.8,7.7,8.5,17.1,16.8,17.2,102.9,96.3,97.0,68.0,66.4,63.6,0.11,0.0,0.0,999.9,999.9,999.9,0,8.1,9.3
16585596,0723,81.8,81.1,81.8,36.2,47.6,48.4,872.4,897.7,892.8,9.9,14.0,14.2,5.1,7.7,8.6,26.0,16.8,17.2,95.0,96.4,97.4,71.1,66.4,63.8,0.14,0.0,0.0,999.9,999.9,999.9,0,8.1,8.7
16585596,0723,79.3,81.1,81.7,54.5,47.6,48.1,870.4,897.7,892.8,9.9,14.0,13.8,5.6,7.7,8.4,13.0,16.8,17.6,99.0,96.4,97.1,62.1,66.5,64.3,0.11,0.0,0.0,999.9,999.9,999.9,18,8.1,8.7
16585596,0723,69.7,81.1,81.6,44.1,47.7,48.7,999.9,897.7,892.7,9.7,14.0,13.8,6.2,7.7,8.3,20.0,16.8,17.5,95.0,96.4,97.3,71.1,66.5,64.2,0.0,0.0,0.0,999.9,999.9,999.9,0,8.2,9.3
16585596,0723,88.8,81.1,81.2,54.6,47.6,48.4,873.6,898.4,897.2,10.0,14.0,13.8,10.1,7.7,8.2,11.1,16.9,17.4,99.0,96.5,97.0,59.0,66.5,64.5,0.0,0.0,0.0,999.9,999.9,999.9,18,8.2,9.3
16585596,0723,79.3,81.2,81.6,47.1,47.7,48.3,873.0,898.4,897.3,9.7,14.0,13.4,10.1,7.7,8.3,10.1,16.8,17.2,93.9,96.5,97.2,71.1,66.4,64.3,0.0,0.0,0.0,999.9,999.9,999.9,0,8.2,9.9
16585596,0723,80.3,81.1,81.5,45.0,47.7,48.8,870.0,898.4,897.3,22.3,13.9,13.4,4.9,7.7,8.4,12.0,16.7,17.0,99.0,96.5,97.0,62.1,66.5,64.4,0.17,0.0,0.0,999.9,999.9,999.9,0,8.2,9.3
16585596,0723,81.8,81.2,81.6,45.0,47.7,48.9,873.6,898.4,892.9,10.0,13.8,12.8,10.6,7.7,8.3,34.0,16.7,16.6,91.9,96.5,97.2,57.9,66.5,64.4,0.11,0.0,0.0,999.9,999.9,999.9,18,8.1,9.3
16585596,0723,87.8,81.2,81.7,41.6,47.7,48.5,869.0,898.4,893.1,10.0,13.8,12.8,9.6,7.7,8.3,14.0,16.7,17.4,102.0,96.5,97.2,66.2,66.4,64.4,0.0,0.0,0.0,999.9,999.9,999.9,18,8.2,9.3
16585596,0723,89.6,81.2,81.9,57.2,47.6,48.3,870.0,898.4,888.7,22.2,13.8,11.8,6.9,7.7,8.4,12.0,16.8,17.0,93.0,96.5,97.6,66.2,66.4,64.7,0.0,0.0,0.0,999.9,999.9,999.9,0,8.3,9.3
16585596,0723,81.1,81.2,82.2,44.6,47.6,48.5,999.9,898.4,888.7,10.0,13.7,12.2,9.5,7.7,8.4,15.9,16.7,17.1,102.0,96.5,97.5,66.9,66.4,64.7,0.0,0.0,0.0,999.9,999.9,999.9,0,8.3,8.7
16585596,0723,78.4,81.2,82.2,54.6,47.6,48.8,869.5,898.4,893.0,22.3,13.6,12.2,9.3,7.7,8.4,19.0,16.7,17.1,95.0,96.5,97.5,71.1,66.4,64.8,0.0,0.0,0.0,999.9,999.9,999.9,18,8.2,8.7
16585596,0723,85.2,81.2,82.2,50.9,47.6,48.8,872.4,898.4,893.0,10.0,13.5,12.6,11.6,7.7,8.4,15.9,16.7,16.9,79.0,96.5,97.4,62.1,66.4,64.8,0.01,0.0,0.0,999.9,999.9,999.9,0,8.3,9.3
16585596,0723,88.8,81.3,82.0,45.2,47.6,49.0,999.9,898.4,893.1,13.5,13.5,12.6,4.7,7.7,8.4,8.9,16.8,16.6,104.0,96.5,96.7,57.9,66.4,64.6,0.0,0.0,0.0,999.9,999.9,999.9,18,8.3,8.7
16585596,0723,79.9,81.4,82.4,47.2,47.6,49.2,875.8,899.1,897.4,13.5,13.5,12.7,10.1,7.7,8.3,14.0,16.7,16.2,93.9,96.5,96.8,62.1,66.3,64.5,0.0,0.0,0.0,999.9,999.9,999.9,0,8.4,8.7
16585596,0723,86.6,81.4,82.5,47.2,47.7,48.9,872.4,899.2,897.5,10.0,13.4,12.8,6.2,7.7,8.4,13.0,16.8,16.2,95.0,96.4,97.0,64.9,66.2,64.6,0.0,0.0,0.0,999.9,999.9,999.9,18,8.4,8.7
16585596,0723,81.8,81.4,82.5,45.2,47.7,49.1,999.9,898.5,897.6,9.9,13.4,12.8,6.9,7.7,8.3,31.1,16.8,16.2,99.0,96.4,96.7,66.0,66.2,64.5,0.0,0.0,0.0,999.9,999.9,999.9,18,8.5,8.7
16585596,0723,78.3,81.4,82.7,48.9,47.7,49.2,866.4,899.2,901.8,10.0,13.4,12.7,6.9,7.7,8.3,13.0,16.8,16.9,102.0,96.5,96.9,71.1,66.2,64.2,0.0,0.0,0.0,999.9,999.9,999.9,48,8.5,9.3
16585596,0723,81.8,81.4,82.6,57.5,47.8,49.4,870.5,899.1,901.7,10.0,13.4,12.7,9.8,7.7,8.1,15.9,16.8,17.0,99.0,96.5,96.9,75.0,66.3,64.6,0.0,0.0,0.0,999.9,999.9,999.9,0,8.7,10.3
16585596,0723,82.8,81.4,82.6,50.9,47.8,49.8,872.4,899.1,901.7,10.0,13.4,12.7,10.6,7.7,8.3,17.1,16.8,16.8,93.0,96.5,97.1,66.0,66.3,64.9,0.0,0.0,0.0,999.9,999.9,999.9,0,8.6,10.3
16585596,0723,74.2,81.4,82.7,57.2,47.9,49.5,870.0,899.2,901.7,10.0,13.2,12.6,5.6,7.7,8.4,14.0,16.8,16.2,102.0,96.5,96.9,73.9,66.3,65.2,0.0,0.0,0.0,999.9,999.9,999.9,0,8.5,10.3
16585596,0723,86.8,81.4,82.3,36.2,48.0,49.5,872.7,899.1,901.7,9.9,13.2,12.4,9.8,7.7,8.2,12.0,16.8,16.1,102.0,96.5,97.1,57.9,66.4,65.3,0.0,0.0,0.0,999.9,999.9,999.9,0,8.4,10.3
16585596,0723,88.8,81.4,82.3,45.2,47.9,49.1,870.4,899.1,901.7,10.0,13.2,12.4,6.4,7.7,8.1,11.1,16.7,16.1,102.0,96.6,97.1,73.9,66.4,65.2,0.0,0.0,0.0,999.9,999.9,999.9,0,8.4,10.3
16585596,0723,88.1,81.5,82.3,50.9,47.9,48.6,871.0,898.4,897.4,10.0,13.2,12.4,5.3,7.7,8.0,17.1,16.6,16.2,87.1,96.6,97.0,62.1,66.4,65.6,0.0,0.0,0.0,999.9,999.9,999.9,18,8.3,10.3
16585596,0723,82.8,81.5,82.7,45.2,47.9,48.6,869.7,898.4,897.3,10.0,13.2,12.4,6.6,7.7,7.7,8.9,16.6,16.3,98.1,96.6,96.8,66.9,66.3,65.3,0.0,0.0,0.0,999.9,999.9,999.9,18,8.3,10.3
16585596,0723,89.2,81.5,82.7,48.9,47.9,48.5,873.1,898.4,897.3,10.0,13.2,12.4,5.3,7.7,7.7,24.1,16.6,16.2,98.1,96.6,96.9,73.9,66.3,65.1,0.0,0.0,0.0,999.9,999.9,999.9,18,8.4,10.9
16585596,0723,80.9,81.5,82.8,49.3,47.9,48.5,873.1,898.4,897.2,10.0,13.2,12.4,5.3,7.7,7.7,8.9,16.6,16.2,102.0,96.6,97.3,75.9,66.3,65.8,0.15,0.0,0.0,999.9,999.9,999.9,18,8.5,10.9
16585596,0723,80.9,81.5,82.6,45.0,47.9,48.3,999.9,898.4,893.0,10.0,13.2,12.4,10.6,7.6,7.6,17.1,16.6,16.1,95.0,96.6,97.2,66.9,66.3,66.4,0.0,0.0,0.0,999.9,999.9,999.9,18,8.6,9.9
16585596,0723,89.6,81.5,82.4,57.5,47.9,47.8,999.9,898.4,897.2,10.0,13.2,12.4,6.5,7.7,7.7,12.0,16.6,16.1,102.9,96.7,96.9,66.9,66.4,66.5,0.0,0.0,0.0,999.9,999.9,999.9,18,8.7,9.9
16585596,0723,83.0,81.5,82.8,46.5,48.0,48.1,868.1,899.1,901.5,10.0,13.2,11.4,6.3,7.7,7.6,15.0,16.6,15.9,104.0,96.7,97.4,62.2,66.3,66.7,0.0,0.0,0.0,999.9,999.9,999.9,0,8.8,10.5
16585596,0723,76.4,81.6,82.9,52.0,48.0,48.3,869.7,899.1,897.1,9.9,13.2,11.4,6.3,7.6,7.7,24.3,16.6,15.8,95.0,96.8,97.5,73.9,66.3,66.6,0.14,0.0,0.0,999.9,999.9,999.9,18,8.7,10.0
16585596,0723,77.1,81.5,82.8,50.9,48.0,48.4,872.7,899.1,897.0,10.0,13.2,11.4,5.3,7.6,7.6,14.0,16.6,16.0,102.0,96.7,97.3,61.0,66.3,66.8,0.0,0.0,0.0,999.9,999.9,999.9,0,8.8,10.6
16585596,0723,76.7,81.4,82.6,49.2,48.0,48.9,999.9,899.1,897.0,10.0,13.2,11.4,8.1,7.6,7.6,20.0,16.6,15.6,102.9,96.8,97.5,64.9,66.3,66.5,0.0,0.0,0.0,999.9,999.9,999.9,0,8.7,10.6
16585596,0723,80.9,81.4,82.5,57.6,48.0,48.7,872.4,899.8,901.3,10.0,13.2,11.4,5.3,7.6,7.7,14.0,16.6,15.9,93.9,96.8,97.6,63.0,66.3,66.6,0.0,0.0,0.0,999.9,999.9,999.9,0,8.7,10.0
16585596,0723,76.7,81.4,82.9,49.2,48.0,49.1,869.0,899.8,897.0,22.3,13.2,11.4,8.7,7.6,7.7,34.0,16.6,15.7,95.0,96.8,97.6,75.0,66.2,66.3,0.0,0.0,0.0,999.9,999.9,999.9,0,8.6,10.0
16585596,0723,85.4,81.4,82.5,45.2,48.0,49.0,999.9,899.1,896.9,41.0,13.3,11.8,9.5,7.6,7.6,34.0,16.7,16.4,102.0,96.8,97.5,62.1,66.3,66.8,0.17,0.0,0.0,999.9,999.9,999.9,2,8.5,9.4
16585596,0723,76.4,81.4,82.7,55.6,48.1,48.9,869.6,899.8,901.1,10.0,13.4,12.9,11.6,7.6,7.6,10.1,16.8,17.2,93.9,96.8,97.7,72.0,66.3,66.5,0.0,0.0,0.0,999.9,999.9,999.9,0,8.4,9.5
16585596,0723,81.1,81.4,82.6,41.6,48.1,49.3,870.4,899.1,901.1,9.7,13.4,12.5,8.2,7.7,7.8,13.0,16.8,17.1,93.0,96.8,97.6,66.2,66.3,66.9,0.0,0.0,0.0,999.9,999.9,999.9,0,8.3,9.5
16585596,0723,82.3,81.4,82.6,54.6,48.2,49.1,872.4,899.1,901.0,30.7,13.4,12.5,9.8,7.6,7.8,18.1,16.8,16.4,93.0,96.8,97.6,70.0,66.3,67.1,0.0,0.0,0.0,999.9,999.9,999.9,18,8.2,8.9
16585596,0723,86.6,81.4,82.4,47.1,48.2,49.6,871.0,899.1,901.1,9.8,13.5,13.2,6.2,7.7,7.8,17.1,16.8,16.6,99.0,96.8,97.3,66.2,66.3,67.3,0.01,0.0,0.0,999.9,999.9,999.9,0,8.3,8.9
16585596,0723,87.8,81.4,82.3,41.4,48.2,49.2,873.6,899.1,901.1,10.0,13.5,12.8,10.2,7.7,7.7,10.1,16.9,16.8,93.0,96.8,97.5,75.0,66.2,67.3,0.0,0.0,0.0,999.9,999.9,999.9,18,8.2,8.9
16585596,0723,88.8,81.4,82.5,58.4,48.2,49.1,870.5,899.1,896.9,22.3,13.5,12.8,5.6,7.7,7.8,11.1,16.9,16.6,89.1,96.8,97.2,71.1,66.3,67.5,0.0,0.0,0.0,999.9,999.9,999.9,0,8.3,9.5
16585596,0723,87.8,81.4,82.9,45.0,48.2,49.3,999.9,899.1,897.0,22.3,13.6,12.8,9.5,7.7,7.6,18.1,16.9,16.3,100.0,96.8,97.0,66.9,66.3,67.5,0.11,0.0,0.0,999.9,999.9,999.9,48,8.3,8.9
16585596,0723,78.3,81.5,82.9,50.2,48.2,49.1,872.7,899.8,901.2,14.9,13.7,13.2,9.5,7.7,7.6,15.9,16.9,16.4,99.0,96.8,97.7,70.0,66.3,67.7,0.0,0.0,0.0,999.9,999.9,999.9,18,8.6,10.5
16585596,0723,78.3,81.4,82.6,44.6,48.2,49.2,872.7,899.8,897.0,9.9,13.5,13.2,6.2,7.7,7.7,15.9,16.9,16.6,90.0,96.9,97.5,64.9,66.3,68.1,0.0,0.0,0.0,999.9,999.9,999.9,16,8.7,10.5
16585596,0723,77.5,81.4,82.5,45.2,48.2,49.1,869.7,899.8,896.9,9.8,13.5,13.1,6.3,7.7,7.6,26.0,16.8,16.7,104.0,96.8,97.4,66.2,66.3,68.2,0.0,0.0,0.0,999.9,999.9,999.9,48,8.8,11.0
16585596,0723,88.1,81.4,82.2,40.5,48.2,49.1,999.9,899.8,896.8,10.0,13.5,13.1,5.3,7.6,7.6,11.1,16.8,17.1,93.9,96.8,97.7,70.0,66.3,68.2,0.03,0.0,0.0,999.9,999.9,999.9,0,9.0,12.0
16585596,0723,76.7,81.4,82.4,41.2,48.3,48.9,999.9,900.5,896.8,41.0,13.5,13.1,6.3,7.6,7.6,15.9,16.8,16.4,91.9,96.8,97.5,71.1,66.3,68.4,0.0,0.0,0.0,999.9,999.9,999.9,0,9.0,11.4
16585596,0723,86.8,81.4,82.4,44.6,48.2,48.7,870.5,900.5,901.2,9.9,13.7,14.1,4.7,7.6,7.5,11.1,16.8,16.5,95.0,96.7,97.2,62.1,66.3,68.4,0.01,0.0,0.0,999.9,999.9,999.9,0,8.9,9.8
16585596,0723,82.7,81.5,82.6,47.2,48.3,48.2,873.1,900.5,901.2,10.0,13.6,14.1,3.7,7.6,7.4,15.0,16.7,16.4,93.9,96.8,97.1,70.0,66.3,67.9,0.0,0.0,0.0,999.9,999.9,999.9,18,8.9,9.8
16585596,0723,82.8,81.5,82.6,47.1,48.2,48.1,868.1,899.8,901.2,10.0,13.6,14.1,6.2,7.6,7.1,10.1,16.6,16.3,99.0,96.7,97.1,73.9,66.3,68.1,0.0,0.0,0.0,999.9,999.9,999.9,16,9.0,10.4
16585596,0723,83.0,81.5,82.8,48.9,48.2,47.8,873.0,899.1,901.2,13.5,13.6,14.1,10.4,7.6,7.2,17.1,16.6,16.2,104.0,96.7,97.0,66.2,66.4,68.1,0.02,0.0,0.0,999.9,999.9,999.9,0,9.1,10.9
16585596,0723,82.8,81.5,82.7,54.6,48.2,48.2,875.8,899.1,901.2,9.9,13.7,14.2,5.3,7.6,7.2,26.0,16.6,16.3,95.0,96.8,97.1,66.9,66.4,68.3,0.0,0.0,0.0,999.9,999.9,999.9,0,9.1,10.9
16585596,0723,85.4,81.5,82.5,57.6,48.2,48.5,873.5,899.1,901.4,9.9,13.7,14.2,5.6,7.6,7.1,19.0,16.7,16.8,95.0,96.8,96.8,57.9,66.4,68.1,0.0,0.0,0.0,999.9,999.9,999.9,18,9.0,10.9
16585596,0723,83.0,81.5,82.4,55.9,48.2,48.7,873.1,899.1,901.5,13.5,13.7,14.2,6.6,7.6,7.1,19.0,16.7,16.9,93.0,96.8,97.1,71.1,66.3,68.0,0.0,0.0,0.0,999.9,999.9,999.9,18,9.1,10.9
16585596,0723,78.4,81.6,82.4,45.2,48.3,49.1,999.9,899.1,901.6,9.9,13.7,14.3,6.9,7.6,7.1,11.1,16.8,17.2,100.0,96.8,96.9,68.0,66.4,68.1,0.15,0.0,0.0,999.9,999.9,999.9,18,9.2,10.9
16585596,0723,85.2,81.5,82.1,46.5,48.3,49.0,871.0,899.8,905.8,9.9,13.7,14.3,6.2,7.6,7.2,15.0,16.7,16.8,93.9,96.8,97.0,73.9,66.5,67.9,0.0,0.0,0.0,999.9,999.9,999.9,0,9.2,10.9
16585596,0723,69.7,81.6,82.2,54.6,48.2,48.9,872.4,899.8,905.7,9.9,13.7,14.3,10.4,7.6,7.2,8.9,16.6,17.0,99.0,96.8,96.7,57.0,66.5,67.9,0.0,0.0,0.0,999.9,999.9,999.9,0,9.1,10.3
16585596,0723,88.8,81.5,81.8,34.9,48.3,49.2,873.6,899.1,901.5,10.0,13.7,14.3,11.6,7.6,7.2,14.0,16.5,16.7,99.0,96.8,96.8,75.9,66.4,67.5,0.0,0.0,0.0,999.9,999.9,999.9,2,9.1,9.7
16585596,0723,77.5,81.5,81.8,50.2,48.2,48.4,871.5,899.1,897.3,9.9,13.7,14.3,6.6,7.6,7.4,11.1,16.5,16.8,95.0,96.9,96.7,66.2,66.5,67.8,0.0,0.0,0.0,999.9,999.9,999.9,0,9.1,9.2
16585596,0723,86.8,81.5,81.6,55.6,48.2,48.6,866.4,898.4,897.4,9.7,13.7,14.3,9.8,7.6,7.4,15.0,16.5,16.7,90.0,96.8,96.4,72.0,66.5,68.0,0.0,0.0,0.0,999.9,999.9,999.9,18,9.1,9.2
16585596,0723,88.1,81.5,82.0,41.2,48.3,48.7,873.0,898.4,897.3,9.7,13.6,14.3,6.6,7.6,7.5,10.1,16.5,16.4,102.0,96.8,96.2,70.0,66.5,67.9,0.0,0.0,0.0,999.9,999.9,999.9,0,9.2,9.2
16585596,0723,83.0,81.5,82.3,54.1,48.3,48.4,866.4,897.7,897.3,9.7,13.6,14.3,5.1,7.6,7.6,20.0,16.5,16.2,93.0,96.8,96.2,61.0,66.5,68.2,0.0,0.0,0.0,999.9,999.9,999.9,0,9.2,9.2
16585596,0723,88.1,81.5,82.6,39.9,48.3,48.5,870.5,897.7,892.8,9.7,13.6,14.3,8.8,7.6,7.5,19.0,16.5,16.2,104.0,96.7,95.9,64.9,66.4,68.1,0.02,0.0,0.0,999.9,999.9,999.9,18,9.2,9.2
16585596,0723,82.7,81.6,82.8,48.9,48.2,47.9,873.1,897.7,892.8,30.7,13.6,14.3,5.3,7.6,7.6,24.3,16.6,16.4,99.0,96.8,96.3,70.0,66.4,68.1,0.15,0.0,0.0,999.9,999.9,999.9,2,9.2,9.8
16585596,0723,77.5,81.6,83.0,39.9,48.3,47.9,871.0,896.9,892.9,10.0,13.7,14.6,10.1,7.6,7.5,24.1,16.6,16.1,93.9,96.8,96.4,62.1,66.4,68.0,0.01,0.0,0.0,999.9,999.9,999.9,18,9.2,9.9
16585596,0723,87.8,81.5,82.7,39.9,48.3,47.7,871.0,896.2,888.6,14.9,13.7,13.5,5.6,7.6,7.5,14.0,16.6,15.7,93.9,96.8,96.1,71.1,66.4,68.0,0.0,0.0,0.0,999.9,999.9,999.9,0,9.2,10.4
16585596,0723,77.5,81.6,83.1,34.9,48.2,47.2,869.7,896.2,888.7,39.8,13.7,13.7,5.6,7.6,7.3,15.0,16.6,15.9,89.1,96.8,96.1,71.1,66.4,67.9,0.0,0.0,0.0,999.9,999.9,999.9,18,9.1,10.4
16585596,0723,76.8,81.6,83.0,49.2,48.2,47.0,869.0,896.2,888.6,10.0,13.9,14.7,5.6,7.6,7.2,19.0,16.6,15.9,95.0,96.7,96.0,71.1,66.4,68.1,0.0,0.0,0.0,999.9,999.9,999.9,16,9.2,11.0
16585596,0723,79.9,81.5,82.8,57.5,48.1,46.8,999.9,896.2,888.5,10.0,13.9,14.0,6.9,7.6,7.1,10.1,16.6,16.0,102.9,96.7,96.1,66.9,66.5,68.1,0.0,0.0,0.0,999.9,999.9,999.9,0,9.2,10.9
16585596,0723,89.2,81.5,82.6,57.6,48.2,47.2,870.4,896.9,892.8,9.9,13.9,14.0,8.2,7.6,7.1,18.1,16.6,15.7,90.0,96.8,96.2,66.0,66.6,68.2,0.0,0.0,0.0,999.9,999.9,999.9,18,9.1,10.9
16585596,0723,78.3,81.6,82.6,55.6,48.3,47.7,999.9,896.9,892.7,9.8,13.7,14.0,8.8,7.6,7.0,13.0,16.6,16.0,99.0,96.7,96.1,71.1,66.6,67.8,0.0,0.0,0.0,999.9,999.9,999.9,18,9.2,10.9
16585596,0723,79.9,81.5,82.3,44.6,48.4,47.6,999.9,897.6,897.0,22.2,13.7,13.6,6.3,7.6,7.1,13.0,16.6,16.1,102.9,96.8,96.4,75.0,66.6,67.8,0.0,0.0,0.0,999.9,999.9,999.9,18,9.2,11.5
16585596,0723,77.1,81.5,82.0,41.6,48.3,47.6,873.6,898.3,897.0,10.0,13.8,13.6,4.9,7.6,7.0,20.0,16.6,15.9,102.9,96.8,96.5,63.0,66.7,68.1,0.0,0.0,0.0,999.9,999.9,999.9,0,9.1,10.5
16585596,0723,85.2,81.5,82.0,54.1,48.3,47.3,869.5,898.4,897.1,10.0,13.6,13.4,9.6,7.6,6.9,19.0,16.6,16.0,99.0,96.9,96.6,75.0,66.6,67.9,0.33,0.0,0.0,999.9,999.9,999.9,0,9.0,9.9
16585596,0723,85.2,81.6,82.2,57.2,48.3,47.6,871.0,897.7,896.9,10.0,13.6,13.4,10.2,7.6,7.0,20.0,16.6,16.1,99.0,96.9,96.9,57.0,66.7,68.2,0.0,0.0,0.0,999.9,999.9,999.9,0,8.9,9.4
16585596,0723,79.9,81.5,82.5,58.4,48.3,48.0,999.9,897.7,897.0,13.5,13.6,13.4,8.8,7.6,7.1,31.1,16.6,15.9,98.1,96.9,96.8,71.1,66.7,67.9,0.33,0.0,0.0,999.9,999.9,999.9,0,8.9,7.8
16585596,0723,81.1,81.5,82.2,39.9,48.5,48.6,869.0,898.4,897.0,22.2,13.6,13.6,9.3,7.7,7.2,15.9,16.6,16.6,87.1,96.9,96.9,71.1,66.6,68.0,0.0,0.0,0.0,999.9,999.9,999.9,0,8.8,7.8
16585596,0723,89.2,81.5,82.3,57.6,48.4,48.6,869.5,897.6,892.6,22.3,13.7,12.9,10.6,7.7,7.3,10.1,16.6,16.6,98.1,96.9,96.8,68.0,66.7,68.0,0.0,0.0,0.0,999.9,999.9,999.9,0,8.8,7.8
16585596,0723,62.0,81.5,82.4,54.6,48.5,49.0,869.5,897.6,892.6,10.0,13.7,13.3,8.1,7.7,7.5,15.9,16.6,16.6,99.0,96.9,96.9,62.1,66.7,68.1,0.0,0.0,0.0,999.9,999.9,999.9,0,8.8,7.8
16585596,0723,78.3,81.4,81.7,48.9,48.6,49.3,872.4,897.6,892.5,9.9,13.7,13.3,10.1,7.7,7.7,18.1,16.6,16.6,102.9,96.9,97.0,54.0,66.7,67.9,0.0,0.0,0.0,999.9,999.9,999.9,0,8.7,7.2
16585596,0723,80.9,81.4,81.6,47.1,48.6,49.3,873.5,897.6,892.6,10.0,13.7,13.3,8.2,7.7,7.8,31.1,16.6,16.9,93.0,96.9,97.2,70.0,66.6,67.2,0.0,0.0,0.0,999.9,999.9,999.9,0,8.7,6.7
16585596,0723,81.1,81.4,81.5,46.5,48.6,49.3,999.9,896.9,892.6,10.0,13.7,13.2,9.8,7.7,7.7,15.9,16.7,17.3,99.0,96.9,96.8,61.0,66.6,67.3,0.02,0.0,0.0,999.9,999.9,999.9,0,8.7,6.7
16585596,0723,80.7,81.4,81.5,57.6,48.6,49.0,869.0,897.6,896.8,9.9,13.7,13.2,8.2,7.7,7.9,19.0,16.7,17.0,95.0,96.9,96.9,73.0,66.5,67.2,0.02,0.0,0.0,999.9,999.9,999.9,0,8.6,6.7
16585596,0723,88.1,81.4,81.3,55.6,48.6,49.0,999.9,897.6,896.6,9.9,13.7,13.2,6.5,7.7,8.0,24.1,16.7,17.0,95.0,96.9,96.9,66.2,66.5,67.7,0.0,0.0,0.0,999.9,999.9,999.9,0,8.6,6.1
16585596,0723,82.7,81.4,81.5,37.5,48.6,49.0,869.0,898.3,900.8,10.0,13.7,13.1,10.2,7.7,8.0,15.0,16.7,17.2,95.0,97.0,97.0,66.2,66.5,67.5,0.0,0.0,0.0,999.9,999.9,999.9,0,8.6,5.5
16585596,0723,87.8,81.5,81.6,50.2,48.7,48.7,868.1,898.3,896.5,10.0,13.7,13.1,10.2,7.7,8.1,22.0,16.8,17.3,91.9,96.9,96.8,54.0,66.5,67.4,0.0,0.0,0.0,999.9,999.9,999.9,18,8.6,4.9
16585596,0723,85.2,81.5,81.7,57.6,48.7,48.8,866.4,898.3,896.4,30.7,13.7,13.1,9.5,7.7,8.2,26.0,16.8,17.5,104.0,96.9,96.8,73.0,66.4,66.8,0.11,0.0,0.0,999.9,999.9,999.9,18,8.7,5.5
16585596,0723,83.0,81.6,82.2,45.2,48.7,48.9,871.4,897.6,896.2,13.5,13.8,13.8,6.2,7.7,8.2,15.9,16.8,18.1,89.1,97.0,96.9,66.0,66.4,67.3,0.0,0.0,0.0,999.9,999.9,999.9,18,8.8,6.1
16585596,0723,82.8,81.6,82.0,50.2,48.7,49.3,868.1,896.9,896.1,10.0,13.6,13.9,8.7,7.7,8.0,24.1,16.8,18.2,99.0,96.9,96.6,66.0,66.4,67.0,0.0,0.0,0.0,999.9,999.9,999.9,18,8.8,6.6
16585596,0723,88.1,81.6,82.2,57.2,48.7,49.3,868.1,896.9,896.0,10.0,13.6,13.9,8.2,7.7,8.1,18.1,16.7,18.6,99.0,97.0,96.7,62.1,66.4,67.0,0.0,0.0,0.0,999.9,999.9,999.9,0,8.8,7.2
16585596,0723,87.8,81.6,82.2,33.1,48.8,49.3,872.4,896.9,896.1,9.9,13.6,13.9,10.1,7.7,8.0,24.3,16.7,18.7,93.9,97.0,97.0,62.1,66.4,66.6,0.02,0.0,0.0,999.9,999.9,999.9,0,8.8,6.6
16585596,0723,74.2,81.8,82.2,45.2,48.6,49.1,869.5,896.9,896.0,9.9,13.5,13.9,6.6,7.7,8.1,24.3,16.7,19.2,104.0,96.9,96.8,62.1,66.3,66.4,0.0,0.0,0.0,999.9,999.9,999.9,0,8.7,6.6
16585596,0723,74.2,81.7,81.9,45.0,48.6,48.8,869.6,896.9,896.1,9.9,13.3,14.0,8.2,7.7,8.2,22.0,16.8,19.3,89.1,96.9,97.1,62.1,66.3,66.4,0.0,0.0,0.0,999.9,999.9,999.9,0,8.4,6.6
16585596,0723,77.1,81.7,81.5,54.6,48.5,48.9,999.9,896.1,896.1,22.2,13.3,14.0,8.8,7.7,8.2,34.0,16.9,19.4,93.0,96.9,96.6,59.0,66.3,66.3,0.0,0.0,0.0,999.9,999.9,999.9,18,8.4,6.0
16585596,0723,86.6,81.7,81.3,34.9,48.6,49.1,869.6,896.9,900.3,30.7,13.4,13.7,9.3,7.7,8.3,13.0,16.9,19.7,93.9,96.9,96.4,64.9,66.3,65.9,0.0,0.0,0.0,999.9,999.9,999.9,0,8.5,6.5
16585596,0723,87.8,81.6,81.6,40.5,48.6,49.0,999.9,896.8,900.3,10.0,13.5,14.4,10.2,7.7,8.2,11.1,16.8,19.4,90.0,96.8,96.4,75.9,66.4,66.0,0.0,0.0,0.0,999.9,999.9,999.9,48,8.2,5.9
16585596,0723,87.8,81.7,81.6,45.2,48.5,49.0,872.4,897.6,904.6,10.0,13.5,14.2,6.4,7.7,8.4,24.1,16.8,19.3,93.9,96.8,96.3,64.9,66.4,66.2,0.0,0.0,0.0,999.9,999.9,999.9,18,8.5,7.5
16585596,0723,85.4,81.7,81.9,39.9,48.4,49.3,999.9,897.6,904.7,9.9,13.5,13.2,8.2,7.8,8.4,13.0,16.9,19.6,93.9,96.7,96.5,71.1,66.4,66.0,0.33,0.0,0.0,999.9,999.9,999.9,18,8.5,7.5
16585596,0723,76.4,81.8,82.2,36.2,48.4,49.0,999.9,898.3,909.0,10.0,13.5,13.2,4.9,7.8,8.5,18.1,16.8,19.4,89.1,96.7,96.4,66.0,66.4,66.0,0.0,0.0,0.0,999.9,999.9,999.9,0,8.5,7.6
16585596,0723,86.8,81.7,82.1,44.1,48.4,48.3,999.9,899.0,909.0,39.8,13.5,13.2,4.7,7.8,8.4,13.0,16.8,19.6,93.9,96.7,96.0,71.1,66.4,66.0,0.0,0.0,0.0,999.9,999.9,999.9,0,8.5,7.6
16585596,0723,89.2,81.8,82.0,49.2,48.3,47.9,999.9,899.7,913.4,10.0,13.7,14.2,8.7,7.8,8.3,8.9,16.8,19.5,93.9,96.7,96.1,62.2,66.4,66.1,0.17,0.0,0.0,999.9,999.9,999.9,18,8.4,7.0
16585596,0723,76.4,81.8,82.4,41.2,48.3,47.7,869.7,900.5,913.4,10.0,13.6,14.2,8.2,7.8,8.3,24.1,16.8,19.3,93.9,96.6,95.9,70.0,66.4,65.8,0.0,0.0,0.0,999.9,999.9,999.9,0,8.4,7.0
16585596,0723,74.2,81.8,82.3,45.2,48.2,47.5,871.5,900.5,909.0,9.7,13.6,13.8,11.6,7.8,8.4,10.1,16.8,19.7,93.0,96.7,95.6,66.0,66.4,65.7,0.0,0.0,0.0,999.9,999.9,999.9,18,8.3,6.4
16585596,0723,88.1,81.8,82.2,54.6,48.1,47.7,999.9,900.4,908.9,30.7,13.6,13.8,9.9,7.8,8.6,22.0,16.8,19.4,95.0,96.6,95.3,63.0,66.4,65.8,0.0,0.0,0.0,999.9,999.9,999.9,0,8.3,7.0
16585596,0723,88.1,81.8,82.3,40.5,48.3,47.7,870.4,901.2,913.3,10.0,13.7,14.5,6.9,7.8,8.6,19.0,16.8,19.5,95.0,96.6,95.2,61.0,66.4,65.4,0.0,0.0,0.0,999.9,999.9,999.9,0,8.2,7.0
16585596,0723,82.8,82.0,82.4,47.1,48.2,47.1,869.5,901.2,913.3,10.0,13.8,14.5,5.6,7.8,8.5,18.1,16.9,19.4,99.0,96.6,95.0,62.1,66.3,65.5,0.0,0.0,0.0,999.9,999.9,999.9,18,8.2,7.0
16585596,0723,85.2,82.0,82.5,45.0,48.2,46.7,999.9,901.1,908.9,10.0,13.8,14.4,6.9,7.8,8.4,18.1,16.9,19.0,95.0,96.6,95.1,70.0,66.3,65.2,0.0,0.0,0.0,999.9,999.9,999.9,16,8.3,7.6
16585596,0723,83.0,82.0,82.6,57.2,48.2,46.9,875.8,901.9,913.3,10.0,13.8,14.0,5.3,7.8,8.3,11.1,16.9,19.1,95.0,96.6,95.3,68.0,66.3,65.2,0.0,0.0,0.0,999.9,999.9,999.9,0,8.4,8.1
16585596,0723,79.3,82.0,82.4,57.6,48.2,46.9,872.7,901.9,913.5,41.0,13.6,13.6,9.5,7.8,8.1,11.1,16.9,19.1,99.0,96.5,95.2,62.1,66.3,65.2,0.0,0.0,0.0,999.9,999.9,999.9,2,8.4,8.1
16585596,0723,62.0,81.9,83.0,57.6,48.3,47.0,870.5,901.9,913.6,22.2,13.8,14.6,5.6,7.8,8.2,10.1,16.8,19.0,102.0,96.5,95.2,61.0,66.2,65.2,0.01,0.0,0.0,999.9,999.9,999.9,0,8.4,8.2
16585596,0723,82.8,81.9,82.4,47.1,48.3,47.3,873.5,901.2,913.5,9.9,13.8,15.0,6.9,7.8,8.0,18.1,16.8,18.7,91.9,96.6,95.2,62.2,66.2,65.4,0.0,0.0,0.0,999.9,999.9,999.9,18,8.4,8.2
16585596,0723,85.4,81.9,82.5,34.9,48.3,47.3,999.9,901.2,913.5,9.7,13.8,15.0,10.4,7.8,8.0,31.1,16.8,18.3,93.0,96.5,95.1,70.0,66.2,65.1,0.0,0.0,0.0,999.9,999.9,999.9,0,8.4,8.8
16585596,0723,83.0,82.0,82.6,57.2,48.2,46.9,872.7,901.9,913.5,10.0,13.8,15.0,6.2,7.9,8.0,14.0,16.9,18.8,102.0,96.5,94.9,75.0,66.2,65.4,0.0,0.0,0.0,999.9,999.9,999.9,0,8.4,8.8
16585596,0723,82.7,82.0,82.7,54.5,48.2,46.9,872.4,901.9,913.7,41.0,13.8,15.0,9.9,7.9,8.0,13.0,17.0,18.6,88.7,96.5,95.2,64.9,66.3,65.5,0.0,0.0,0.0,999.9,999.9,999.9,16,8.4,8.8
16585596,0723,85.4,82.0,82.5,54.5,48.3,46.9,873.5,902.0,909.4,10.0,13.9,16.0,9.5,7.9,8.1,19.0,16.9,18.2,99.0,96.4,95.0,61.0,66.3,65.5,0.0,0.0,0.0,999.9,999.9,999.9,18,8.4,9.3
16585596,0723,79.9,82.0,82.6,58.4,48.4,47.4,871.5,902.0,909.6,41.0,13.8,16.0,11.6,7.9,8.0,18.1,17.0,18.4,93.0,96.5,95.1,62.1,66.2,65.3,0.33,0.0,0.0,999.9,999.9,999.9,18,8.4,9.9
16585596,0723,78.3,81.9,82.4,47.1,48.5,47.7,873.6,902.0,909.7,9.9,14.0,17.1,8.2,7.9,8.1,12.0,16.9,18.2,100.0,96.5,95.1,73.0,66.2,65.6,0.02,0.0,0.0,999.9,999.9,999.9,18,8.4,9.9
16585596,0723,85.4,81.9,82.1,41.2,48.4,47.3,872.4,901.3,909.9,9.9,14.0,16.4,5.1,7.9,8.0,15.9,16.9,17.8,102.9,96.5,95.0,59.0,66.2,65.6,0.11,0.0,0.0,999.9,999.9,999.9,0,8.5,9.9
16585596,0723,76.4,81.9,82.2,37.5,48.3,47.2,999.9,901.3,910.0,9.9,14.0,16.2,5.1,7.9,8.0,10.1,16.8,17.8,95.0,96.5,95.5,73.9,66.2,65.3,0.0,0.0,0.0,999.9,999.9,999.9,0,8.5,9.3
16585596,0723,62.0,81.9,82.0,54.1,48.3,46.8,866.4,902.0,914.3,22.3,14.0,16.2,10.6,7.9,7.9,31.1,16.7,17.3,93.0,96.5,95.3,66.9,66.2,65.6,0.14,0.0,0.0,999.9,999.9,999.9,2,8.5,8.7
16585596,0723,80.9,81.8,81.1,45.2,48.3,46.7,873.0,902.0,914.3,9.9,14.1,16.6,6.4,7.9,8.0,13.0,16.8,17.7,79.0,96.5,95.1,68.0,66.2,65.8,0.03,0.0,0.0,999.9,999.9,999.9,48,8.5,8.8
16585596,0723,88.1,81.7,80.9,55.6,48.3,47.1,872.4,901.3,914.3,10.0,14.1,16.6,6.5,7.9,7.8,20.0,16.8,17.4,102.9,96.4,94.6,57.9,66.2,66.0,0.0,0.0,0.0,999.9,999.9,999.9,18,8.8,10.4
16585596,0723,82.7,81.8,81.4,44.6,48.3,47.4,870.0,901.3,914.4,9.9,14.1,16.7,6.2,7.9,7.8,13.0,16.9,17.2,102.0,96.4,94.6,73.9,66.2,65.8,0.0,0.0,0.0,999.9,999.9,999.9,18,8.6,11.0
16585596,0723,77.5,81.8,81.6,54.1,48.3,47.4,875.8,901.3,914.4,13.5,14.1,16.7,8.2,7.9,7.8,13.0,16.9,16.9,98.1,96.5,95.0,75.0,66.3,66.2,0.0,0.0,0.0,999.9,999.9,999.9,18,8.7,11.6
16585596,0723,85.2,81.8,81.7,55.6,48.4,47.4,999.9,901.3,910.3,13.5,14.1,16.4,7.8,7.9,7.8,18.1,16.8,16.2,93.9,96.5,95.2,73.9,66.3,66.7,0.0,0.0,0.0,999.9,999.9,999.9,18,8.8,11.6
16585596,0723,81.1,81.7,81.6,57.2,48.3,48.1,872.7,902.0,914.6,30.7,14.1,15.8,6.6,7.9,7.7,14.0,16.8,16.4,99.0,96.5,95.2,62.1,66.4,67.0,0.15,0.0,0.0,999.9,999.9,999.9,0,8.9,12.2
16585596,0723,74.2,81.8,81.4,50.9,48.4,48.6,870.4,902.0,910.4,9.8,14.0,16.5,4.9,7.8,7.6,22.0,16.8,16.5,93.0,96.5,95.5,68.0,66.3,66.6,0.0,0.0,0.0,999.9,999.9,999.9,18,8.9,10.6
16585596,0723,76.4,81.7,80.9,54.1,48.4,48.8,870.0,902.0,910.3,10.0,14.0,16.5,5.3,7.8,7.5,13.0,16.9,16.4,98.1,96.5,95.5,72.0,66.3,66.7,0.0,0.0,0.0,999.9,999.9,999.9,18,9.0,10.6
16585596,0723,79.9,81.8,80.6,52.0,48.4,49.3,873.6,902.0,906.0,10.0,14.0,16.5,6.2,7.8,7.4,10.1,16.9,16.4,90.0,96.5,95.6,70.0,66.3,66.7,0.0,0.0,0.0,999.9,999.9,999.9,18,9.0,10.6
16585596,0723,85.4,81.8,80.7,50.9,48.4,49.8,873.0,901.3,901.8,9.8,14.0,16.5,6.6,7.8,7.5,15.9,16.9,16.1,89.1,96.4,95.6,66.9,66.3,66.8,0.0,0.0,0.0,999.9,999.9,999.9,18,9.1,11.2
16585596,0723,82.8,81.8,80.7,50.2,48.5,50.1,999.9,901.4,897.5,10.0,13.9,15.5,5.3,7.8,7.5,10.1,16.9,16.2,87.1,96.4,95.5,61.0,66.3,66.7,0.0,0.0,0.0,999.9,999.9,999.9,0,9.2,11.8
16585596,0723,86.6,81.8,80.5,50.9,48.5,50.1,871.0,902.1,897.5,10.0,13.8,15.5,6.9,7.8,7.4,22.0,16.9,16.3,93.0,96.4,95.3,66.0,66.3,66.7,0.11,0.0,0.0,999.9,999.9,999.9,0,9.2,11.2
16585596,0723,80.3,81.8,80.8,41.4,48.5,50.4,869.7,902.0,897.6,10.0,13.8,15.5,9.8,7.8,7.4,15.9,16.9,16.2,95.0,96.4,95.2,61.0,66.3,66.5,0.0,0.0,0.0,999.9,999.9,999.9,0,9.2,11.2
16585596,0723,78.3,81.8,81.0,44.6,48.4,50.3,869.5,901.3,897.5,10.0,13.8,15.5,9.5,7.8,7.3,10.1,16.9,16.4,93.9,96.4,95.3,73.0,66.3,66.4,0.0,0.0,0.0,999.9,999.9,999.9,0,9.1,10.6
16585596,0723,86.8,81.8,80.7,41.2,48.4,50.0,868.1,901.3,893.2,22.2,13.8,14.8,9.6,7.8,7.3,15.0,16.9,16.0,99.0,96.4,95.3,73.9,66.3,66.7,0.02,0.0,0.0,999.9,999.9,999.9,18,9.0,10.6
16585596,0723,88.1,81.8,80.7,47.1,48.4,50.0,999.9,900.6,893.1,9.9,13.9,15.2,8.8,7.8,7.4,19.0,16.9,15.9,102.9,96.4,95.4,62.1,66.4,67.1,0.0,0.0,0.0,999.9,999.9,999.9,18,9.1,11.2
16585596,0723,77.1,81.9,80.8,47.2,48.4,50.0,869.7,900.6,897.5,39.8,13.9,15.2,5.6,7.8,7.5,22.0,17.0,15.9,99.0,96.4,95.5,66.0,66.4,67.1,0.0,0.0,0.0,999.9,999.9,999.9,18,9.1,11.2
16585596,0723,81.1,81.8,80.6,52.0,48.3,50.1,873.5,899.8,893.1,9.9,14.1,16.2,6.5,7.8,7.5,19.0,17.0,16.0,98.1,96.4,95.7,66.9,66.4,67.0,0.0,0.0,0.0,999.9,999.9,999.9,18,9.2,11.3
16585596,0723,76.8,81.9,80.5,41.2,48.3,49.9,999.9,899.8,893.0,10.0,13.9,16.2,9.9,7.8,7.5,24.1,17.0,16.3,79.0,96.4,95.8,66.9,66.4,67.0,0.0,0.0,0.0,999.9,999.9,999.9,18,9.3,11.9
16585596,0723,83.0,81.8,80.4,45.2,48.3,49.3,869.5,900.6,897.3,9.9,13.9,15.2,9.5,7.8,7.5,13.0,17.0,16.7,79.0,96.4,95.1,70.0,66.4,67.1,0.11,0.0,0.0,999.9,999.9,999.9,0,9.4,12.4
16585596,0723,80.3,81.9,81.1,44.1,48.2,48.9,869.5,899.8,897.2,22.3,13.9,14.7,6.4,7.8,7.7,13.0,17.0,16.8,99.0,96.3,94.3,62.1,66.4,67.4,0.0,0.0,0.0,999.9,999.9,999.9,18,9.4,12.4
16585596,0723,85.4,81.9,81.0,34.9,48.2,48.8,999.9,899.1,897.1,22.2,14.0,15.2,9.6,7.8,7.6,24.3,17.0,16.7,102.9,96.3,94.6,66.9,66.3,67.4,0.0,0.0,0.0,999.9,999.9,999.9,48,9.4,12.4
16585596,0723,88.8,81.9,81.0,41.2,48.2,48.8,868.1,899.8,897.1,10.0,14.0,15.6,4.9,7.9,7.6,15.0,17.1,16.4,102.9,96.3,94.9,75.9,66.4,67.3,0.15,0.0,0.0,999.9,999.9,999.9,0,9.7,14.0
16585596,0723,80.7,81.9,81.2,36.2,48.2,48.3,869.5,899.8,897.0,10.0,14.0,15.6,10.2,7.9,7.6,11.1,17.1,16.5,104.0,96.4,94.9,71.1,66.4,67.3,0.02,0.0,0.0,999.9,999.9,999.9,18,9.7,14.0
16585596,0723,69.7,81.9,81.2,48.9,48.1,47.7,870.0,899.8,896.9,10.0,14.0,14.5,6.2,7.9,7.6,24.1,17.1,16.4,95.0,96.4,95.4,75.9,66.5,67.5,0.33,0.0,0.0,999.9,999.9,999.9,0,9.8,14.1
16585596,0723,69.7,81.9,80.6,52.0,48.1,47.5,871.0,899.8,896.7,9.9,14.0,14.5,5.6,7.8,7.5,34.0,17.1,16.6,93.0,96.4,95.3,62.1,66.6,68.0,0.0,0.0,0.1,999.9,999.9,999.9,0,9.8,13.5
16585596,0723,82.8,81.8,80.3,57.2,48.1,47.3,872.7,899.7,896.7,10.0,14.0,13.5,10.4,7.8,7.3,10.1,17.3,17.1,93.0,96.4,95.3,70.0,66.5,68.0,0.0,0.0,0.0,999.9,999.9,999.9,18,9.7,12.9
16585596,0723,88.8,81.8,80.4,49.3,48.2,47.6,872.7,899.0,896.7,9.8,14.0,13.5,9.8,7.8,7.3,15.0,17.2,17.0,102.0,96.3,95.1,66.0,66.5,67.9,0.11,0.0,0.0,999.9,999.9,999.9,18,9.7,12.9
16585596,0723,76.7,81.9,80.6,57.2,48.3,47.9,872.4,899.0,896.7,13.5,13.9,13.5,5.6,7.8,7.5,24.3,17.2,17.0,90.0,96.4,95.0,62.1,66.5,68.2,0.0,0.0,0.0,999.9,999.9,999.9,18,9.8,13.5
16585596,0723,82.7,81.9,80.6,50.2,48.4,48.5,868.1,898.3,892.5,10.0,14.0,13.6,8.7,7.8,7.5,11.1,17.2,17.5,104.0,96.3,94.9,54.0,66.4,67.8,0.11,0.0,0.0,999.9,999.9,999.9,0,9.8,14.1
16585596,0723,82.3,81.9,81.3,50.2,48.3,48.4,870.4,898.3,892.5,9.8,14.0,13.2,6.2,7.9,7.4,31.1,17.1,16.8,95.0,96.4,95.2,61.0,66.4,67.4,0.0,0.0,0.0,999.9,999.9,999.9,0,9.7,14.0
16585596,0723,89.6,81.8,81.3,47.1,48.3,48.6,999.9,898.3,892.4,10.0,13.9,13.2,8.8,7.8,7.4,22.0,17.2,17.4,102.0,96.3,95.8,66.0,66.4,67.1,0.0,0.0,0.0,999.9,999.9,999.9,0,9.7,12.4
16585596,0723,76.7,81.9,81.4,36.2,48.4,48.3,999.9,899.0,896.7,14.9,13.9,13.2,9.5,7.8,7.5,31.1,17.3,17.5,88.7,96.4,95.7,66.9,66.4,67.4,0.0,0.0,0.0,999.9,999.9,999.9,18,9.7,11.8
16585596,0723,83.0,81.9,81.2,47.2,48.3,48.0,873.6,899.7,901.0,9.9,13.9,13.4,5.3,7.8,7.6,19.0,17.3,18.1,93.9,96.3,95.3,73.9,66.4,67.2,0.0,0.0,0.0,999.9,999.9,999.9,48,9.8,11.8
16585596,0723,82.3,81.9,81.3,44.6,48.3,47.8,872.9,899.8,900.9,10.0,13.9,13.3,3.7,7.8,7.5,14.0,17.3,18.3,99.0,96.3,95.2,63.0,66.5,67.1,0.01,0.0,0.0,999.9,999.9,999.9,0,10.0,12.8
16585596,0723,78.4,81.9,81.2,33.1,48.3,47.4,872.7,899.8,896.7,9.7,13.9,13.1,10.4,7.8,7.4,24.3,17.3,18.1,102.0,96.3,95.3,54.0,66.5,66.8,0.0,0.0,0.0,999.9,999.9,999.9,18,9.9,12.2
16585596,0723,81.8,81.9,81.2,47.2,48.3,46.6,869.5,899.1,896.7,10.0,13.7,12.4,9.8,7.8,7.5,15.9,17.3,18.5,102.9,96.3,95.4,72.0,66.4,66.5,0.0,0.0,0.0,999.9,999.9,999.9,0,10.0,12.8
16585596,0723,69.7,81.9,81.4,54.6,48.2,46.5,869.7,899.1,896.7,22.3,13.7,12.4,6.4,7.8,7.7,18.1,17.3,18.3,99.0,96.4,95.8,64.9,66.5,66.6,0.0,0.0,0.0,999.9,999.9,999.9,18,9.9,12.2
16585596,0723,81.8,81.9,81.2,58.4,48.2,46.5,870.0,898.3,896.7,10.0,13.6,12.9,10.4,7.8,7.7,12.0,17.3,18.5,102.9,96.5,95.8,73.9,66.5,66.4,0.0,0.0,0.0,999.9,999.9,999.9,18,9.9,12.2
16585596,0723,78.4,81.9,81.3,34.9,48.3,46.7,869.7,898.3,896.5,9.8,13.6,12.9,9.3,7.8,7.9,12.0,17.3,18.5,99.0,96.5,96.2,64.9,66.6,66.5,0.0,0.0,0.0,999.9,999.9,999.9,0,9.9,12.2
16585596,0723,80.3,81.8,81.0,57.2,48.3,46.2,999.9,898.3,896.4,13.5,13.6,12.9,6.9,7.8,8.0,15.0,17.3,18.4,87.1,96.5,96.5,57.0,66.6,66.4,0.0,0.0,0.0,999.9,999.9,999.9,18,9.9,11.6
16585596,0723,79.9,81.8,80.9,47.1,48.3,46.4,999.9,899.1,896.4,22.3,13.6,13.0,5.6,7.8,8.0,13.0,17.2,18.6,90.0,96.4,96.5,71.1,66.5,66.3,0.11,0.0,0.0,999.9,999.9,999.9,0,10.0,12.2
16585596,0723,69.7,81.8,80.7,41.6,48.3,46.3,872.9,899.8,900.7,10.0,13.7,13.4,5.3,7.8,8.0,19.0,17.2,18.3,100.0,96.4,96.4,71.1,66.5,66.5,0.0,0.0,0.0,999.9,999.9,999.9,0,9.9,12.2
16585596,0723,82.7,81.8,80.4,57.2,48.3,46.3,873.0,899.8,900.8,9.9,13.7,13.4,6.9,7.8,7.8,15.9,17.2,18.4,102.0,96.4,96.6,63.0,66.6,66.8,0.11,0.0,0.0,999.9,999.9,999.9,0,9.8,12.2
16585596,0723,89.2,81.8,80.5,44.1,48.3,46.7,868.1,899.8,901.0,22.2,13.7,13.4,9.8,7.8,7.7,15.0,17.2,18.6,100.0,96.4,96.9,59.0,66.6,66.5,0.0,0.0,0.0,999.9,999.9,999.9,0,9.8,12.2
16585596,0723,81.1,81.8,80.6,37.5,48.4,46.8,872.4,899.8,901.0,41.0,13.7,13.4,6.2,7.8,7.7,12.0,17.2,18.6,90.0,96.4,96.9,64.9,66.5,66.0,0.0,0.0,0.0,999.9,999.9,999.9,0,9.7,11.6
16585596,0723,80.3,81.8,80.3,57.2,48.3,46.5,875.8,899.8,896.7,10.0,13.9,14.4,8.2,7.8,7.6,11.1,17.2,18.3,79.0,96.4,96.5,73.9,66.5,66.1,0.0,0.0,0.0,999.9,999.9,999.9,0,9.7,11.0
16585596,0723,80.9,81.8,80.5,36.2,48.4,46.8,866.4,899.8,896.9,9.7,13.9,13.4,3.7,7.8,7.7,18.1,17.2,18.0,104.0,96.3,95.8,62.1,66.6,66.3,0.02,0.0,0.0,999.9,999.9,999.9,18,9.6,10.4
16585596,0723,77.5,81.8,80.5,45.2,48.3,46.3,870.0,899.8,896.7,10.0,13.9,13.4,10.1,7.7,7.6,11.1,17.2,17.9,93.0,96.3,96.0,62.1,66.6,66.2,0.0,0.0,0.0,999.9,999.9,999.9,18,9.7,10.4
16585596,0723,80.9,81.8,80.5,36.2,48.3,46.4,872.4,899.8,892.3,10.0,13.9,13.4,6.2,7.8,7.6,24.1,17.1,17.5,104.0,96.3,96.5,75.0,66.6,66.0,0.0,0.0,0.0,999.9,999.9,999.9,0,9.8,10.4
16585596,0723,77.1,81.8,80.4,57.5,48.2,46.1,999.9,899.8,892.4,10.0,13.8,13.4,3.7,7.7,7.5,10.1,17.1,17.9,93.0,96.3,97.3,62.1,66.6,66.2,0.01,0.0,0.0,999.9,999.9,999.9,18,9.8,10.4
16585596,0723,82.7,81.7,80.3,57.6,48.2,46.6,872.4,900.5,896.8,10.0,13.8,13.0,9.8,7.7,7.4,24.1,17.1,17.8,104.0,96.3,97.1,61.0,66.6,66.2,0.0,0.0,0.0,999.9,999.9,999.9,0,9.9,10.4
16585596,0723,82.8,81.7,80.2,55.6,48.2,47.3,869.6,899.8,892.5,10.0,13.8,12.6,10.1,7.7,7.5,15.9,17.2,17.8,98.1,96.3,97.1,71.1,66.6,66.0,0.03,0.0,0.0,999.9,999.9,999.9,0,9.9,8.8
16585596,0723,83.0,81.7,80.0,52.0,48.2,47.8,870.0,899.8,892.6,10.0,13.8,12.6,5.6,7.7,7.6,13.0,17.2,17.8,95.0,96.3,97.0,59.0,66.6,65.8,0.0,0.0,0.0,999.9,999.9,999.9,0,9.8,8.8
16585596,0723,77.5,81.7,80.1,48.9,48.2,48.4,871.0,899.8,892.6,22.2,13.8,12.6,10.4,7.6,7.5,12.0,17.2,17.9,93.9,96.3,96.7,57.9,66.5,65.4,0.14,0.0,0.0,999.9,999.9,999.9,0,9.8,8.2
16585596,0723,78.3,81.7,80.3,45.2,48.2,48.4,869.5,899.7,892.6,10.0,13.9,13.0,5.1,7.7,7.6,13.0,17.1,17.4,99.0,96.4,96.7,54.0,66.5,64.8,0.0,0.0,0.0,999.9,999.9,999.9,18,9.7,8.2
16585596,0723,82.3,81.6,80.6,45.0,48.2,48.1,999.9,899.0,892.6,10.0,13.9,13.0,7.8,7.7,7.6,15.9,17.1,16.7,99.0,96.3,96.8,70.0,66.5,64.6,0.0,0.0,0.0,999.9,999.9,999.9,16,9.6,8.8
16585596,0723,62.0,81.6,80.6,41.2,48.1,47.7,873.6,899.7,896.8,9.9,13.9,13.0,6.4,7.7,7.5,24.3,17.1,16.9,90.0,96.3,97.0,62.1,66.6,64.6,0.17,0.0,0.0,999.9,999.9,999.9,0,9.5,8.7
16585596,0723,77.1,81.5,79.7,57.6,48.1,47.4,869.6,899.7,896.9,10.0,13.7,13.0,5.6,7.7,7.4,13.0,17.1,17.2,79.0,96.3,96.7,61.0,66.6,64.4,0.0,0.0,0.0,999.9,999.9,999.9,18,9.5,8.1
16585596,0723,79.9,81.5,79.7,34.9,48.2,47.5,999.9,899.0,896.8,9.7,13.7,12.9,9.3,7.7,7.4,11.1,17.1,16.9,95.0,96.2,96.3,66.2,66.6,64.4,0.0,0.0,0.0,999.9,999.9,999.9,18,9.6,8.1
16585596,0723,89.6,81.5,79.6,55.6,48.1,47.0,869.5,899.7,901.1,10.0,13.7,12.9,6.5,7.7,7.4,26.0,17.1,16.9,95.0,96.1,96.0,62.1,66.5,64.8,0.11,0.0,0.0,999.9,999.9,999.9,18,9.7,8.7
16585596,0723,78.3,81.5,79.9,50.2,48.2,47.1,869.5,899.7,901.1,10.0,13.7,12.9,8.1,7.7,7.4,11.1,17.1,16.7,88.7,96.1,96.0,64.9,66.5,64.8,0.0,0.0,0.0,999.9,999.9,999.9,0,9.8,9.3
16585596,0723,78.4,81.5,79.5,55.9,48.2,47.2,869.0,899.7,896.8,14.9,13.7,12.9,10.2,7.7,7.4,26.0,17.1,16.3,93.0,96.1,95.5,71.1,66.5,64.8,0.01,0.0,0.0,999.9,999.9,999.9,0,9.7,9.3
16585596,0723,78.4,81.6,79.6,45.2,48.2,47.9,873.0,899.0,892.4,9.8,13.8,12.9,7.8,7.7,7.4,24.3,17.1,16.2,99.0,96.1,95.7,63.0,66.5,64.9,0.0,0.0,0.0,999.9,999.9,999.9,0,9.7,8.7
16585596,0723,83.0,81.5,79.4,40.5,48.2,47.8,999.9,899.0,892.4,10.0,13.8,12.9,10.4,7.7,7.5,34.0,17.2,16.3,98.1,96.1,95.9,66.9,66.5,64.6,0.0,0.0,0.0,999.9,999.9,999.9,0,9.6,7.1
16585596,0723,69.7,81.6,79.4,44.6,48.1,47.7,869.7,899.7,896.6,9.9,13.8,12.9,5.6,7.7,7.7,18.1,17.3,17.0,93.0,96.1,95.8,66.0,66.5,64.7,0.0,0.0,0.0,999.9,999.9,999.9,0,9.6,7.1
16585596,0723,87.8,81.5,79.1,52.0,48.1,48.1,999.9,899.7,896.5,9.9,13.7,12.9,9.8,7.7,7.6,19.0,17.3,16.8,89.1,96.1,95.5,70.0,66.5,65.1,0.0,0.0,0.0,999.9,999.9,999.9,18,9.6,6.5
16585596,0723,86.8,81.5,79.3,41.4,48.2,48.2,871.0,900.4,900.9,39.8,13.7,12.9,9.3,7.7,7.6,18.1,17.3,16.9,104.0,96.1,95.1,61.0,66.6,65.0,0.0,0.0,0.0,999.9,999.9,999.9,48,9.6,7.1
16585596,0723,89.6,81.5,79.9,36.2,48.2,47.8,869.5,900.4,900.9,9.9,13.9,13.5,9.8,7.7,7.7,34.0,17.3,16.9,98.1,96.1,95.2,71.1,66.6,64.9,0.0,0.0,0.0,999.9,999.9,999.9,18,9.7,8.1
16585596,0723,74.2,81.5,80.2,57.5,48.1,47.1,872.4,900.4,900.9,22.3,13.8,13.5,8.7,7.7,7.7,12.0,17.4,17.6,93.9,96.1,95.1,73.0,66.6,64.8,0.0,0.0,0.0,999.9,999.9,999.9,0,9.8,8.1
16585596,0723,85.4,81.5,80.0,50.2,48.1,47.8,872.4,899.7,901.0,10.0,13.9,13.9,8.8,7.7,7.6,11.1,17.4,17.6,93.9,96.0,94.9,70.0,66.6,65.1,0.0,0.0,0.0,999.9,999.9,999.9,18,9.8,8.1
16585596,0723,81.1,81.5,80.2,54.1,48.1,47.6,871.0,899.7,896.7,9.8,13.8,13.8,7.8,7.7,7.7,18.1,17.3,17.5,104.0,96.0,95.1,71.1,66.6,65.5,0.0,0.0,0.0,999.9,999.9,999.9,18,9.8,8.1
16585596,0723,79.9,81.5,80.2,54.1,48.1,47.8,872.7,899.7,892.4,9.7,13.8,13.4,10.2,7.7,7.8,10.1,17.4,17.7,95.0,96.2,95.6,59.0,66.7,65.5,0.0,0.0,0.0,999.9,999.9,999.9,0,9.9,8.7
16585596,0723,76.8,81.5,80.6,47.1,48.2,48.2,869.7,899.0,892.4,9.9,13.8,13.4,9.6,7.7,7.9,12.0,17.4,17.4,99.0,96.1,95.4,71.1,66.7,65.1,0.01,0.0,0.0,999.9,999.9,999.9,0,9.8,8.7
16585596,0723,76.8,81.4,80.4,48.9,48.2,47.9,870.4,898.9,892.3,9.7,13.8,13.4,6.4,7.7,8.0,15.0,17.3,17.3,99.0,96.2,95.3,71.1,66.7,65.4,0.03,0.0,0.0,999.9,999.9,999.9,18,9.8,8.7
16585596,0723,88.8,81.4,80.0,41.6,48.2,48.0,869.7,898.9,892.4,9.9,13.8,12.9,6.2,7.7,7.9,19.0,17.4,17.3,93.0,96.2,95.3,57.0,66.8,65.8,0.01,0.0,0.0,999.9,999.9,999.9,0,9.8,9.3
16585596,0723,82.7,81.4,80.2,39.9,48.2,48.2,870.0,898.2,892.3,9.9,13.8,11.9,5.3,7.7,7.9,13.0,17.3,17.5,102.0,96.1,95.4,66.0,66.7,65.5,0.0,0.0,0.0,999.9,999.9,999.9,18,9.7,9.3
16585596,0723,89.2,81.4,80.3,58.4,48.1,47.6,873.6,898.2,892.1,30.7,13.8,11.9,10.4,7.7,7.8,19.0,17.3,17.6,99.0,96.1,96.2,75.9,66.7,65.3,0.0,0.0,0.0,999.9,999.9,999.9,18,9.6,9.9
16585596,0723,82.8,81.5,80.6,52.0,48.1,48.3,873.0,898.2,892.4,10.0,13.9,12.6,6.2,7.7,8.0,17.1,17.3,17.6,99.0,96.1,96.0,73.9,66.7,65.7,0.14,0.0,0.0,999.9,999.9,999.9,18,9.7,9.9
16585596,0723,87.8,81.5,80.8,50.2,48.1,48.6,869.5,898.2,892.5,9.9,13.9,12.6,6.3,7.7,7.9,31.1,17.3,17.8,90.0,96.2,96.2,57.9,66.7,66.1,0.0,0.0,0.0,999.9,999.9,999.9,0,9.8,9.9
16585596,0723,83.0,81.6,81.0,55.6,48.1,49.0,873.5,898.2,892.4,9.9,13.9,12.6,10.4,7.7,7.9,15.0,17.4,18.0,102.0,96.1,95.7,54.0,66.6,65.5,0.0,0.0,0.0,999.9,999.9,999.9,18,9.8,9.9
16585596,0723,80.9,81.5,81.2,49.3,48.2,49.0,875.8,898.2,888.1,10.0,13.9,12.6,5.3,7.7,8.1,8.9,17.4,18.2,99.0,96.1,96.0,62.1,66.6,65.3,0.0,0.0,0.0,999.9,999.9,999.9,0,9.9,9.9
16585596,0723,82.8,81.5,81.1,45.0,48.2,48.7,873.5,898.3,888.3,9.7,13.9,12.6,4.9,7.7,8.0,13.0,17.4,17.7,90.0,96.1,95.9,71.1,66.6,65.3,0.02,0.0,0.0,999.9,999.9,999.9,0,9.9,9.9
16585596,0723,89.2,81.5,81.1,44.1,48.2,48.3,873.1,898.3,888.4,10.0,13.9,12.6,6.2,7.7,7.8,24.1,17.4,17.6,93.0,96.1,95.6,73.9,66.6,65.3,0.0,0.0,0.0,999.9,999.9,999.9,0,9.8,9.9
16585596,0723,78.4,81.5,81.3,41.2,48.2,48.1,873.5,898.3,888.5,10.0,13.9,12.6,8.8,7.7,7.8,34.0,17.5,17.9,95.0,96.1,95.5,66.0,66.6,65.8,0.0,0.0,0.0,999.9,999.9,999.9,0,9.7,9.9
16585596,0723,85.2,81.4,81.4,52.0,48.1,47.8,873.6,898.3,888.6,9.7,13.9,12.2,9.6,7.7,7.8,17.1,17.5,18.7,99.0,96.1,95.6,66.0,66.6,66.1,0.0,0.0,0.0,999.9,999.9,999.9,18,9.6,9.9
16585596,0723,80.9,81.5,81.6,41.6,48.1,48.0,871.5,898.3,888.7,10.0,13.9,12.2,5.3,7.7,7.9,14.0,17.6,18.8,95.0,96.1,95.6,66.9,66.5,66.5,0.0,0.0,0.0,999.9,999.9,999.9,18,9.6,9.9
16585596,0723,79.9,81.5,81.5,39.9,48.1,47.9,869.5,897.6,884.4,14.9,13.9,12.2,6.5,7.7,7.8,31.1,17.6,18.8,89.1,96.1,95.4,71.1,66.5,66.4,0.17,0.0,0.0,999.9,999.9,999.9,0,9.6,10.0
16585596,0723,89.6,81.4,82.1,47.1,48.0,47.9,873.1,896.9,884.3,10.0,13.9,12.3,6.5,7.7,7.8,34.0,17.7,19.0,90.0,96.0,95.4,71.1,66.6,66.7,0.0,0.0,0.0,999.9,999.9,999.9,0,9.5,10.0
16585596,0723,76.7,81.4,82.6,49.3,48.0,47.5,999.9,896.9,884.4,9.9,13.9,12.3,9.3,7.7,7.9,10.1,17.8,19.7,100.0,95.9,95.8,71.1,66.6,67.0,0.0,0.0,0.0,999.9,999.9,999.9,0,9.5,9.4
16585596,0723,86.8,81.5,82.5,36.2,48.0,48.0,869.5,897.6,884.4,10.0,13.9,12.3,6.4,7.7,7.9,15.0,17.7,19.6,98.1,95.9,95.9,62.2,66.6,67.2,0.0,0.0,0.0,999.9,999.9,999.9,0,9.4,8.8
16585596,0723,88.1,81.5,82.4,55.6,47.9,47.4,999.9,897.6,884.4,10.0,13.9,12.3,6.3,7.7,7.9,18.1,17.7,19.3,99.0,95.9,96.0,71.1,66.6,67.2,0.0,0.0,0.0,999.9,999.9,999.9,18,9.4,8.2
16585596,0723,76.7,81.6,82.7,37.5,48.0,47.6,873.0,897.6,888.8,10.0,13.9,12.3,9.8,7.7,7.8,18.1,17.7,19.5,95.0,95.9,96.4,72.0,66.6,67.4,0.0,0.0,0.0,999.9,999.9,999.9,0,9.5,8.8
16585596,0723,83.0,81.5,82.6,33.1,47.9,46.9,999.9,897.6,888.9,10.0,13.9,12.2,10.1,7.7,7.8,12.0,17.7,19.3,95.0,95.9,96.4,71.1,66.7,67.4,0.15,0.0,0.0,999.9,999.9,999.9,18,9.5,8.8
16585596,0723,78.3,81.6,82.8,40.5,47.8,46.5,872.7,898.3,893.1,20.3,13.8,12.2,6.2,7.7,7.9,15.9,17.6,18.8,87.1,95.9,96.3,54.0,66.7,67.7,0.15,0.0,0.0,999.9,999.9,999.9,18,9.6,9.4
16585596,0723,74.2,81.5,82.6,55.9,47.7,46.5,871.5,897.6,888.9,22.3,13.7,12.5,4.7,7.7,7.7,18.1,17.5,18.2,95.0,95.8,95.9,57.9,66.6,67.3,0.0,0.0,0.0,999.9,999.9,999.9,0,9.6,10.0
16585596,0723,82.8,81.5,82.8,52.0,47.7,46.9,999.9,897.6,888.9,14.9,13.8,12.9,4.9,7.7,7.7,10.1,17.5,18.2,87.1,95.8,96.0,57.9,66.5,67.0,0.0,0.0,0.0,999.9,999.9,999.9,18,9.6,10.0
16585596,0723,89.6,81.5,82.6,54.6,47.8,46.9,875.8,898.4,888.9,9.8,13.8,13.1,10.4,7.7,7.5,10.1,17.5,17.9,93.9,95.8,95.9,71.1,66.5,66.6,0.0,0.0,0.0,999.9,999.9,999.9,0,9.7,10.0
16585596,0723,79.9,81.6,82.7,54.1,47.8,47.4,869.5,898.4,889.1,10.0,13.7,12.1,6.2,7.7,7.6,15.9,17.5,17.7,90.0,95.8,95.6,71.1,66.5,66.9,0.0,0.0,0.0,999.9,999.9,999.9,0,9.6,8.4
16585596,0723,80.7,81.5,82.4,54.1,47.8,48.0,870.4,898.4,889.1,10.0,13.7,12.1,8.8,7.7,7.5,13.0,17.5,17.1,93.0,95.7,95.3,66.0,66.5,66.9,0.0,0.0,0.0,999.9,999.9,999.9,0,9.6,7.8
16585596,0723,76.4,81.5,82.6,37.5,47.9,47.8,999.9,898.3,889.0,9.7,13.7,11.7,10.2,7.7,7.5,24.1,17.5,17.1,95.0,95.7,95.3,62.2,66.5,66.7,0.15,0.0,0.0,999.9,999.9,999.9,0,9.5,7.8
16585596,0723,81.1,81.4,82.3,41.2,47.8,47.4,869.5,899.1,893.3,9.7,13.6,11.7,3.7,7.7,7.5,10.1,17.5,17.5,102.0,95.8,95.3,71.1,66.4,66.4,0.02,0.0,0.0,999.9,999.9,999.9,48,9.5,7.2
16585596,0723,69.7,81.4,82.3,45.0,47.8,47.0,872.4,898.3,893.2,9.9,13.6,11.7,8.1,7.6,7.4,11.1,17.5,17.3,99.0,95.8,95.3,68.0,66.5,66.4,0.15,0.0,0.0,999.9,999.9,999.9,0,9.5,8.2
16585596,0723,77.5,81.3,82.0,47.1,47.7,46.7,869.5,898.3,893.2,10.0,13.5,11.7,9.8,7.6,7.3,15.9,17.5,17.3,99.0,95.8,95.4,57.9,66.4,66.7,0.11,0.0,0.0,999.9,999.9,999.9,0,9.4,8.2
16585596,0723,82.3,81.3,82.0,41.4,47.8,46.7,869.5,898.3,893.2,41.0,13.5,11.7,6.2,7.7,7.3,18.1,17.5,17.4,102.9,95.8,95.4,66.0,66.4,66.3,0.0,0.0,0.0,999.9,999.9,999.9,18,9.4,8.2
16585596,0723,76.4,81.4,82.2,48.9,47.7,46.4,869.5,898.3,893.2,41.0,13.7,12.7,8.1,7.7,7.3,11.1,17.4,17.5,104.0,95.8,95.5,54.0,66.4,66.1,0.0,0.0,0.0,999.9,999.9,999.9,18,9.2,8.2
16585596,0723,82.8,81.3,81.8,50.9,47.8,46.7,873.1,897.6,893.2,9.8,13.9,13.8,5.6,7.7,7.4,34.0,17.4,17.3,104.0,95.9,95.9,61.0,66.3,66.0,0.0,0.0,0.0,999.9,999.9,999.9,0,9.3,8.8
16585596,0723,69.7,81.3,81.8,45.2,47.8,47.0,873.6,896.9,893.3,10.0,13.7,13.8,5.3,7.7,7.4,14.0,17.5,18.0,79.0,95.9,96.0,59.0,66.3,65.9,0.11,0.0,0.0,999.9,999.9,999.9,0,9.3,8.2
16585596,0723,82.3,81.2,81.1,45.2,47.8,46.6,869.5,896.9,893.3,10.0,13.7,13.1,10.2,7.7,7.2,8.9,17.5,17.8,93.9,95.9,95.3,64.9,66.2,65.3,0.0,0.0,0.0,999.9,999.9,999.9,18,9.3,7.6
16585596,0723,87.8,81.2,81.1,49.3,47.8,46.4,873.0,896.9,893.2,41.0,13.7,13.1,8.1,7.7,7.3,31.1,17.5,17.5,90.0,95.9,95.1,54.0,66.2,65.0,0.0,0.0,0.0,999.9,999.9,999.9,16,9.3,7.6
16585596,0723,81.1,81.3,81.1,49.3,47.8,46.3,870.5,896.9,893.3,9.9,13.9,14.1,9.9,7.7,7.4,17.1,17.6,17.5,90.0,95.8,95.1,71.1,66.1,64.9,0.03,0.0,0.0,999.9,999.9,999.9,0,9.3,8.1
16585596,0723,87.8,81.3,81.0,49.3,47.8,46.1,873.6,896.9,893.2,10.0,13.9,14.1,9.5,7.7,7.4,26.0,17.6,17.6,88.7,95.7,94.7,64.9,66.1,65.4,0.01,0.0,0.0,999.9,999.9,999.9,18,9.3,7.5
16585596,0723,62.0,81.3,81.3,34.9,47.8,46.1,869.7,896.9,893.1,10.0,13.9,14.1,4.7,7.7,7.5,11.1,17.6,18.2,98.1,95.7,94.4,63.0,66.1,65.5,0.11,0.0,0.0,999.9,999.9,999.9,0,9.4,8.1
16585596,0723,81.1,81.2,80.6,55.6,47.7,45.8,999.9,896.9,893.0,10.0,13.9,14.1,9.6,7.7,7.5,34.0,17.6,18.1,87.1,95.7,94.7,62.2,66.2,65.3,0.0,0.0,0.0,999.9,999.9,999.9,0,9.3,8.1
16585596,0723,77.1,81.1,80.3,57.2,47.7,46.2,872.4,897.6,897.2,9.8,13.8,14.1,11.6,7.8,7.6,10.1,17.7,18.4,102.0,95.7,94.5,62.1,66.1,64.9,0.33,0.0,0.0,999.9,999.9,999.9,0,9.2,8.1
16585596,0723,62.0,81.1,80.2,52.0,47.8,46.7,873.0,896.9,897.2,22.3,13.8,14.1,6.4,7.8,7.7,10.1,17.7,17.6,93.9,95.7,94.7,54.0,66.1,64.7,0.15,0.0,0.0,999.9,999.9,999.9,18,9.1,8.1
16585596,0723,80.7,81.0,79.5,55.9,47.8,46.7,871.5,896.9,897.2,10.0,13.9,14.5,8.2,7.8,7.6,34.0,17.6,17.4,102.9,95.7,94.5,57.0,66.0,64.3,0.0,0.0,0.1,999.9,999.9,999.9,0,9.2,8.1
16585596,0723,85.4,81.1,79.5,44.6,47.8,47.2,999.9,896.9,897.2,10.0,13.9,14.5,10.2,7.8,7.7,10.1,17.8,18.1,95.0,95.7,94.8,70.0,66.0,64.0,0.0,0.0,0.1,999.9,999.9,999.9,0,9.2,7.5
16585596,0723,81.1,81.1,79.7,57.5,47.8,47.4,870.5,897.6,901.5,9.8,13.9,14.4,10.2,7.8,7.8,11.1,17.8,17.4,102.9,95.7,95.0,66.0,65.9,64.0,0.0,0.0,0.0,999.9,999.9,999.9,16,9.2,7.5
16585596,0723,77.5,81.1,79.4,36.2,47.9,47.7,872.4,897.6,901.4,9.9,13.9,14.4,11.6,7.8,8.0,20.0,17.8,16.6,99.0,95.7,95.4,64.9,65.9,63.8,0.0,0.0,0.0,999.9,999.9,999.9,18,9.3,8.1
16585596,0723,78.4,81.0,79.4,57.6,47.8,47.3,873.0,897.6,897.2,10.0,13.9,14.4,10.4,7.8,8.0,11.1,17.8,16.9,93.0,95.8,95.4,75.9,65.9,63.6,0.0,0.0,0.0,999.9,999.9,999.9,0,9.3,8.7
16585596,0723,81.8,81.0,79.1,50.9,47.9,48.0,872.7,897.6,897.3,9.8,13.9,14.4,5.6,7.8,8.2,13.0,17.8,16.8,100.0,95.7,95.2,66.9,65.9,64.0,0.0,0.0,0.0,999.9,999.9,999.9,2,9.3,8.7
16585596,0723,76.7,81.0,78.9,45.0,47.9,47.8,871.0,897.6,893.0,9.9,13.9,14.4,8.1,7.8,8.1,24.3,17.8,16.6,102.9,95.8,95.3,57.0,66.0,63.9,0.0,0.0,0.0,999.9,999.9,999.9,0,9.3,8.1
16585596,0723,80.9,80.9,78.9,57.5,47.9,48.1,869.6,897.6,893.0,10.0,13.9,14.4,10.2,7.8,8.1,20.0,17.8,16.9,90.0,95.8,95.5,59.0,65.9,63.4,0.0,0.0,0.0,999.9,999.9,999.9,18,9.2,8.1
16585596,0723,86.6,80.9,78.8,41.2,47.9,48.9,872.4,897.6,888.6,10.0,13.8,14.4,6.4,7.8,8.1,15.9,17.8,17.1,90.0,95.7,95.3,62.1,65.8,63.0,0.0,0.0,0.0,999.9,999.9,999.9,18,9.3,8.1
16585596,0723,82.3,80.9,79.1,49.2,47.9,48.9,873.5,897.6,888.6,9.9,13.8,14.0,11.6,7.8,8.1,13.0,17.7,17.1,90.0,95.7,95.4,75.9,65.8,63.3,0.0,0.0,0.0,999.9,999.9,999.9,18,9.3,8.1
16585596,0723,85.2,80.9,79.4,54.1,48.0,48.7,869.5,897.6,888.7,9.9,13.8,13.6,6.2,7.9,8.3,20.0,17.7,16.9,79.0,95.7,95.3,59.0,65.9,63.9,0.01,0.0,0.0,999.9,999.9,999.9,18,9.4,8.7
16585596,0723,79.3,80.9,79.5,34.9,48.1,48.8,869.5,897.6,884.3,10.0,13.6,13.4,6.6,7.9,8.4,22.0,17.7,17.3,99.0,95.6,95.0,70.0,65.8,63.9,0.0,0.0,0.0,999.9,999.9,999.9,0,9.4,8.7
16585596,0723,89.2,81.0,79.1,50.2,48.0,48.1,869.5,897.6,884.1,10.0,13.6,13.4,5.3,7.9,8.2,19.0,17.7,17.7,93.0,95.6,95.2,66.0,65.8,63.9,0.0,0.0,0.0,999.9,999.9,999.9,0,9.3,8.7
16585596,0723,62.0,81.0,79.4,41.4,48.0,48.0,875.8,896.9,884.1,10.0,13.6,13.4,6.9,7.9,8.2,19.0,17.8,17.8,98.1,95.6,95.3,68.0,65.8,63.7,0.0,0.0,0.0,999.9,999.9,999.9,0,9.3,8.7
16585596,0723,76.8,80.9,78.8,44.1,47.9,47.5,871.5,896.9,884.3,10.0,13.6,13.4,8.8,7.8,8.1,22.0,17.8,18.0,102.9,95.6,95.4,57.0,65.8,63.8,0.0,0.0,0.0,999.9,999.9,999.9,18,9.2,8.7
16585596,0723,79.3,80.9,78.8,45.2,47.8,47.8,870.4,896.2,880.0,13.5,13.6,13.5,9.8,7.8,8.1,11.1,17.9,17.9,93.0,95.6,95.7,71.1,65.7,63.6,0.0,0.0,0.0,999.9,999.9,999.9,0,9.2,9.3
16585596,0723,78.4,80.9,78.8,49.3,47.8,47.9,999.9,895.5,880.1,41.0,13.5,13.6,10.2,7.9,8.3,18.1,17.8,17.9,93.0,95.6,95.4,70.0,65.7,63.6,0.0,0.0,0.0,999.9,999.9,999.9,0,9.1,7.7
16585596,0723,80.7,80.9,79.1,54.1,47.9,48.0,999.9,896.2,884.3,10.0,13.7,14.6,5.1,7.9,8.4,13.0,17.8,18.2,99.0,95.5,95.2,62.2,65.7,63.7,0.15,0.0,0.0,999.9,999.9,999.9,0,9.1,7.7
16585596,0723,89.6,80.8,79.2,36.2,47.9,48.3,870.0,896.9,888.7,10.0,13.7,14.6,11.6,7.9,8.2,22.0,17.8,18.1,102.0,95.5,95.2,71.1,65.7,63.8,0.0,0.0,0.0,999.9,999.9,999.9,0,9.1,7.7
16585596,0723,80.9,80.9,79.4,57.2,47.7,48.1,999.9,896.9,888.7,14.9,13.7,13.6,7.8,7.9,8.4,15.9,17.8,18.2,98.1,95.6,95.2,70.0,65.8,64.0,0.0,0.0,0.0,999.9,999.9,999.9,0,9.1,7.1
16585596,0723,76.4,80.9,79.5,45.2,47.7,48.4,869.5,896.9,893.0,10.0,13.7,12.7,4.9,7.9,8.4,31.1,17.7,18.4,102.9,95.6,95.0,54.0,65.7,64.5,0.0,0.0,0.0,999.9,999.9,999.9,0,9.1,6.5
16585596,0723,89.2,80.8,79.3,45.0,47.8,48.2,871.5,896.9,892.9,13.5,13.7,12.7,10.4,7.8,8.4,13.0,17.8,18.3,91.9,95.6,94.9,62.2,65.7,64.3,0.0,0.0,0.0,999.9,999.9,999.9,0,9.1,6.5
16585596,0723,79.3,80.8,80.0,37.5,47.7,48.2,999.9,896.9,892.8,30.7,13.6,12.8,8.1,7.8,8.5,19.0,17.8,18.2,79.0,95.6,95.4,62.1,65.6,64.4,0.0,0.0,0.0,999.9,999.9,999.9,18,9.1,6.5
16585596,0723,83.0,80.9,79.9,44.6,47.6,47.9,871.5,897.7,897.2,10.0,13.7,13.5,9.8,7.8,8.5,14.0,17.8,18.6,93.9,95.5,94.9,68.0,65.6,64.3,0.0,0.0,0.0,999.9,999.9,999.9,0,9.2,6.5
16585596,0723,78.4,81.0,79.7,44.6,47.6,47.8,869.5,897.7,897.1,14.9,13.7,12.5,6.6,7.8,8.5,15.0,17.8,18.0,90.0,95.4,95.0,66.9,65.7,64.8,0.0,0.0,0.0,999.9,999.9,999.9,0,9.2,6.0
16585596,0723,88.1,80.9,79.6,54.6,47.6,47.6,999.9,897.6,897.1,10.0,13.8,12.7,8.2,7.8,8.4,19.0,17.7,17.9,98.1,95.4,95.0,62.1,65.7,64.6,0.0,0.0,0.0,999.9,999.9,999.9,0,9.2,6.0
16585596,0723,86.8,81.0,79.6,47.1,47.6,47.8,873.0,897.6,901.3,30.7,13.8,12.7,10.1,7.8,8.4,15.9,17.7,17.7,79.0,95.4,95.3,75.9,65.7,64.5,0.0,0.0,0.0,999.9,999.9,999.9,0,9.2,5.4
16585596,0723,79.9,81.0,80.5,45.2,47.6,48.2,872.9,897.7,901.4,10.0,13.9,13.3,6.5,7.8,8.6,15.0,17.7,17.9,102.9,95.3,94.7,66.0,65.7,65.0,0.0,0.0,0.0,999.9,999.9,999.9,0,9.2,5.4
16585596,0723,77.1,81.0,80.4,34.9,47.5,47.8,999.9,897.0,897.2,10.0,13.9,13.3,4.7,7.8,8.4,15.9,17.7,17.2,88.7,95.4,95.2,61.0,65.7,65.1,0.03,0.0,0.0,999.9,999.9,999.9,48,9.2,5.4
16585596,0723,81.1,80.9,80.4,37.5,47.5,47.1,872.4,897.7,901.4,9.7,13.9,13.4,11.6,7.8,8.2,11.1,17.7,17.4,79.0,95.3,94.8,70.0,65.7,65.0,0.11,0.0,0.0,999.9,999.9,999.9,0,9.4,7.0
16585596,0723,81.1,80.9,81.1,34.9,47.4,46.6,873.0,897.7,901.4,22.2,13.9,12.9,9.9,7.8,8.4,18.1,17.6,17.5,79.0,95.3,94.3,73.9,65.8,65.6,0.0,0.0,0.0,999.9,999.9,999.9,18,9.3,6.4
16585596,0723,78.4,80.9,81.1,47.2,47.3,45.9,869.6,897.7,901.5,22.3,13.8,13.3,6.4,7.8,8.4,12.0,17.6,16.9,90.0,95.1,93.5,62.1,65.8,66.1,0.0,0.0,0.0,999.9,999.9,999.9,18,9.3,7.0
16585596,0723,86.6,80.9,80.8,54.1,47.3,46.0,873.0,897.7,897.1,9.7,13.9,13.8,5.3,7.8,8.3,19.0,17.6,17.0,95.0,95.1,93.3,66.0,65.7,65.9,0.0,0.0,0.0,999.9,999.9,999.9,0,9.3,7.6
16585596,0723,81.1,80.9,81.0,49.3,47.3,45.9,999.9,897.8,897.2,10.0,13.9,13.7,9.3,7.8,8.2,18.1,17.5,17.2,98.1,95.1,93.0,64.9,65.7,65.9,0.0,0.0,0.0,999.9,999.9,999.9,0,9.2,7.1
16585596,0723,89.6,80.8,81.2,33.1,47.3,46.3,872.4,898.5,901.5,9.9,13.9,13.8,10.6,7.8,8.1,13.0,17.5,17.2,93.9,95.1,93.0,72.0,65.8,65.9,0.14,0.0,0.0,999.9,999.9,999.9,0,9.2,6.5
16585596,0723,82.8,80.8,81.5,34.9,47.3,45.5,869.7,898.5,901.4,10.0,13.9,13.7,6.9,7.8,8.1,12.0,17.5,17.2,100.0,95.1,93.0,63.0,65.8,65.7,0.0,0.0,0.0,999.9,999.9,999.9,0,9.2,6.5
16585596,0723,80.9,80.9,81.6,57.6,47.2,45.0,873.0,898.5,901.3,10.0,13.9,13.8,10.1,7.8,8.1,24.3,17.4,17.2,88.7,95.1,93.0,66.0,65.8,65.6,0.0,0.0,0.0,999.9,999.9,999.9,0,9.2,6.4
16585596,0723,79.9,80.9,81.7,45.2,47.3,45.4,869.6,898.5,901.4,14.9,13.9,13.8,6.6,7.8,8.2,20.0,17.4,17.2,102.0,95.1,92.6,66.9,65.8,65.9,0.0,0.0,0.0,999.9,999.9,999.9,18,9.2,6.4
16585596,0723,87.8,80.9,81.7,45.2,47.2,45.0,872.4,897.8,901.4,10.0,13.8,13.9,7.8,7.8,8.1,14.0,17.3,17.2,102.0,95.1,93.0,64.9,65.9,66.2,0.0,0.0,0.0,999.9,999.9,999.9,0,9.2,6.4
16585596,0723,81.8,81.0,81.7,58.4,47.3,45.1,870.5,897.8,901.4,10.0,13.7,13.9,7.8,7.8,8.1,10.1,17.3,17.2,95.0,95.2,93.4,63.0,65.9,66.3,0.0,0.0,0.0,999.9,999.9,999.9,0,9.2,5.8
16585596,0723,87.8,80.9,81.7,50.9,47.4,45.4,873.1,897.1,901.3,10.0,13.7,13.9,10.2,7.8,8.0,18.1,17.3,17.1,93.0,95.2,93.5,62.1,65.8,65.8,0.11,0.0,0.0,999.9,999.9,999.9,0,9.0,5.2
16585596,0723,80.3,80.9,81.8,44.1,47.4,45.3,999.9,897.1,901.4,13.5,13.7,13.9,6.5,7.8,8.1,24.3,17.3,17.0,95.0,95.2,94.0,66.0,65.8,65.9,0.01,0.0,0.0,999.9,999.9,999.9,18,8.9,4.6
16585596,0723,85.2,80.9,81.8,58.4,47.4,45.6,872.4,897.1,905.8,22.2,13.7,14.0,6.2,7.8,8.1,18.1,17.4,17.1,95.0,95.2,93.9,70.0,65.8,65.8,0.0,0.0,0.0,999.9,999.9,999.9,0,8.9,5.2
16585596,0723,80.9,80.9,81.7,36.2,47.6,45.9,872.4,896.4,905.9,10.0,13.8,14.5,9.8,7.8,8.2,26.0,17.4,17.0,95.0,95.2,93.9,71.1,65.8,65.9,0.0,0.0,0.0,999.9,999.9,999.9,48,8.9,5.2
16585596,0723,87.8,80.9,82.3,55.9,47.5,45.7,869.5,895.7,905.8,9.9,13.6,14.5,6.2,7.8,8.3,10.1,17.4,17.3,99.0,95.3,93.8,75.0,65.8,66.0,0.14,0.0,0.0,999.9,999.9,999.9,18,9.1,6.8
16585596,0723,89.2,80.9,82.7,44.1,47.6,46.1,870.5,895.0,905.7,14.9,13.6,14.4,9.8,7.8,8.2,11.1,17.4,16.9,93.0,95.3,93.7,73.9,65.9,66.7,0.14,0.0,0.0,999.9,999.9,999.9,0,9.1,6.8
16585596,0723,77.1,81.0,83.0,50.9,47.6,46.1,999.9,895.0,905.7,10.0,13.7,14.5,9.9,7.8,8.2,15.0,17.4,16.9,79.0,95.3,93.7,66.9,65.9,66.7,0.0,0.0,0.0,999.9,999.9,999.9,0,9.1,6.8
16585596,0723,76.7,81.0,83.0,55.6,47.6,46.1,868.1,895.7,905.7,10.0,13.7,13.5,10.6,7.8,8.2,13.0,17.4,16.8,99.0,95.2,93.2,63.0,65.9,66.6,0.0,0.0,0.0,999.9,999.9,999.9,0,9.0,6.8
16585596,0723,76.7,80.9,82.8,54.6,47.6,46.2,869.6,894.9,901.3,9.8,13.6,13.5,6.6,7.8,8.3,18.1,17.3,16.8,95.0,95.2,93.2,66.0,65.9,66.7,0.11,0.0,0.0,999.9,999.9,999.9,0,9.0,6.8
16585596,0723,82.3,80.9,82.4,45.2,47.7,46.8,873.0,894.9,901.3,10.0,13.6,13.5,8.7,7.8,8.2,26.0,17.3,16.6,91.9,95.2,93.0,66.2,65.9,66.5,0.0,0.0,0.0,999.9,999.9,999.9,0,9.0,6.8
16585596,0723,78.3,80.9,82.4,55.6,47.7,46.4,873.6,895.0,897.0,9.9,13.6,13.3,6.6,7.8,8.2,8.9,17.4,17.0,93.9,95.2,92.8,63.0,65.9,66.4,0.0,0.0,0.0,999.9,999.9,999.9,0,8.9,6.8
16585596,0723,62.0,80.8,82.5,47.2,47.7,46.7,999.9,894.3,897.2,13.5,13.5,13.3,6.3,7.8,8.3,11.1,17.3,16.2,91.9,95.2,92.5,54.0,65.9,66.7,0.0,0.0,0.0,999.9,999.9,999.9,18,8.9,6.8
16585596,0723,77.1,80.7,81.6,50.2,47.7,46.8,869.5,894.9,901.5,10.0,13.6,13.3,5.3,7.8,8.1,24.1,17.3,16.2,102.0,95.2,92.5,73.9,65.8,66.4,0.17,0.0,0.0,999.9,999.9,999.9,18,9.0,7.4
16585596,0723,79.3,80.7,81.5,54.1,47.6,47.2,875.8,894.9,897.1,30.7,13.4,12.6,10.2,7.8,8.0,34.0,17.4,16.3,102.0,95.2,93.3,68.0,65.9,66.8,0.33,0.0,0.0,999.9,999.9,999.9,18,9.0,7.4
16585596,0723,82.7,80.8,81.4,33.1,47.6,47.6,870.4,895.0,897.3,9.8,13.4,13.3,6.2,7.8,8.0,11.1,17.5,17.0,98.1,95.2,93.5,73.9,65.9,66.8,0.11,0.0,0.0,999.9,999.9,999.9,0,9.1,8.0
16585596,0723,83.0,80.8,81.5,58.4,47.6,47.2,871.0,894.9,897.3,39.8,13.4,13.1,4.9,7.8,8.0,22.0,17.5,16.9,93.0,95.2,93.8,62.1,66.0,67.0,0.0,0.0,0.0,999.9,999.9,999.9,0,9.0,8.0
16585596,0723,85.4,80.8,81.4,44.1,47.7,47.3,872.4,894.2,893.0,9.8,13.6,14.1,6.2,7.8,7.9,13.0,17.5,17.0,99.0,95.2,93.6,66.0,65.9,67.0,0.0,0.0,0.0,999.9,999.9,999.9,0,9.0,8.0
16585596,0723,74.2,80.8,81.3,57.2,47.6,47.2,869.5,894.2,893.0,10.0,13.6,13.4,6.9,7.8,7.8,19.0,17.4,16.9,95.0,95.2,94.3,59.0,65.9,66.7,0.0,0.0,0.0,999.9,999.9,999.9,0,9.0,8.0
16585596,0723,88.8,80.7,81.1,55.9,47.6,47.6,999.9,894.2,892.9,13.5,13.4,13.4,6.6,7.8,7.8,10.1,17.5,17.0,98.1,95.2,94.0,66.0,65.9,66.5,0.0,0.0,0.0,999.9,999.9,999.9,18,9.0,8.0
16585596,0723,78.3,80.8,81.5,58.4,47.6,48.3,869.5,894.9,892.9,10.0,13.5,13.5,6.3,7.8,7.9,24.1,17.4,16.8,102.0,95.2,94.4,75.9,65.9,66.6,0.0,0.0,0.0,999.9,999.9,999.9,0,9.0,7.0
16585596,0723,77.5,80.8,81.4,40.5,47.6,49.0,875.8,894.9,892.8,20.3,13.3,13.5,10.2,7.7,7.7,12.0,17.5,17.3,99.0,95.3,95.1,75.9,66.0,66.8,0.0,0.0,0.0,999.9,999.9,999.9,0,8.9,7.0
16585596,0723,79.9,80.7,81.3,41.4,47.6,49.2,999.9,894.9,892.9,10.0,13.3,13.5,11.6,7.8,7.7,19.0,17.5,17.1,102.9,95.3,95.8,57.0,66.0,66.9,0.02,0.0,0.0,999.9,999.9,999.9,18,8.8,6.4
16585596,0723,81.1,80.7,81.4,57.6,47.6,49.0,873.5,895.6,897.2,39.8,13.3,13.1,10.2,7.8,7.9,12.0,17.5,17.3,95.0,95.3,96.2,75.0,66.0,66.7,0.0,0.0,0.0,999.9,999.9,999.9,48,8.9,6.4
16585596,0723,69.7,80.7,81.2,49.3,47.7,49.1,873.1,894.9,897.2,9.9,13.5,14.1,9.5,7.8,8.0,13.0,17.5,17.1,93.9,95.3,96.2,63.0,66.0,67.0,0.0,0.0,0.0,999.9,999.9,999.9,0,9.1,8.0
16585596,0723,80.3,80.8,80.8,50.9,47.7,49.1,873.6,894.9,893.0,9.9,13.4,14.1,9.6,7.8,8.0,19.0,17.4,16.9,93.9,95.3,96.1,64.9,66.0,67.0,0.0,0.0,0.0,999.9,999.9,999.9,0,9.1,8.0
16585596,0723,83.0,80.8,80.5,47.1,47.7,49.7,872.4,895.0,893.0,30.7,13.4,14.1,5.6,7.8,8.0,31.1,17.4,17.1,93.9,95.4,96.1,54.0,65.9,66.7,0.01,0.0,0.0,999.9,999.9,999.9,0,8.8,8.0
16585596,0723,80.9,80.8,80.5,44.1,47.7,50.1,873.5,895.0,893.1,10.0,13.6,14.8,6.5,7.8,8.0,19.0,17.5,17.7,93.0,95.3,95.9,61.0,65.9,66.4,0.0,0.0,0.0,999.9,999.9,999.9,18,8.7,8.0
16585596,0723,82.8,80.7,80.5,50.2,47.7,49.7,999.9,895.0,893.1,9.7,13.6,14.8,11.6,7.8,7.8,18.1,17.5,17.5,102.9,95.3,96.0,57.0,65.8,66.3,0.03,0.0,0.0,999.9,999.9,999.9,18,8.7,8.6
16585596,0723,85.4,80.8,80.6,54.6,47.6,49.8,870.0,895.7,897.5,22.2,13.5,14.6,10.2,7.8,8.0,13.0,17.5,17.5,93.0,95.3,96.0,71.1,65.7,65.9,0.14,0.0,0.0,999.9,999.9,999.9,0,8.7,8.6
16585596,0723,82.8,80.8,80.5,50.9,47.6,50.1,869.5,894.9,897.4,10.0,13.6,15.0,9.6,7.9,8.1,10.1,17.5,17.5,88.7,95.3,95.7,75.9,65.7,66.1,0.02,0.0,0.0,999.9,999.9,999.9,0,8.6,8.6
16585596,0723,62.0,80.8,80.6,57.2,47.6,49.9,869.5,894.9,897.4,9.8,13.5,15.0,7.8,7.9,8.2,8.9,17.5,17.5,99.0,95.2,95.5,70.0,65.8,66.6,0.0,0.0,0.0,999.9,999.9,999.9,0,8.6,8.6
16585596,0723,76.7,80.7,79.7,54.5,47.6,50.1,873.6,894.9,897.2,20.3,13.5,15.0,5.6,7.9,8.1,34.0,17.4,17.1,87.1,95.3,95.7,64.9,65.8,66.8,0.0,0.0,0.0,999.9,999.9,999.9,18,8.5,8.6
16585596,0723,76.7,80.7,79.6,44.6,47.6,50.4,869.6,894.9,893.0,9.7,13.5,15.2,9.8,7.9,8.0,11.1,17.5,17.5,89.1,95.2,95.5,71.1,65.8,66.8,0.03,0.0,0.0,999.9,999.9,999.9,0,8.5,8.6
16585596,0723,74.2,80.7,79.3,57.5,47.6,50.0,866.4,894.9,892.9,9.9,13.5,14.8,10.4,7.9,8.2,14.0,17.5,17.2,99.0,95.2,95.3,64.9,65.8,66.8,0.02,0.0,0.0,999.9,999.9,999.9,0,8.4,8.6
16585596,0723,86.6,80.6,79.1,47.1,47.6,50.7,872.4,894.9,892.7,39.8,13.5,14.8,5.6,7.9,8.2,8.9,17.5,16.8,102.0,95.2,95.4,70.0,65.8,66.6,0.0,0.0,0.0,999.9,999.9,999.9,0,8.3,7.0
16585596,0723,85.2,80.7,79.0,46.5,47.6,50.4,999.9,894.2,892.8,10.0,13.7,15.8,10.6,7.9,8.2,10.1,17.5,16.8,90.0,95.3,95.5,66.0,65.8,66.5,0.0,0.0,0.0,999.9,999.9,999.9,18,8.3,6.4
16585596,0723,80.9,80.7,78.9,48.9,47.6,50.5,871.0,894.9,897.2,10.0,13.7,15.6,9.3,8.0,8.2,13.0,17.5,16.8,98.1,95.3,95.4,54.0,65.8,66.2,0.0,0.0,0.0,999.9,999.9,999.9,0,8.4,7.0
16585596,0723,83.0,80.7,79.0,54.5,47.6,50.4,869.7,894.9,892.9,9.7,13.7,15.6,10.6,8.0,8.2,26.0,17.4,16.7,104.0,95.3,96.0,71.1,65.8,65.8,0.0,0.0,0.0,999.9,999.9,999.9,0,8.4,7.0
16585596,0723,81.1,80.7,79.2,33.1,47.7,50.4,999.9,894.9,892.9,9.7,13.7,15.6,5.3,8.0,8.2,13.0,17.5,17.1,93.9,95.4,96.2,71.1,65.8,66.0,0.14,0.0,0.0,999.9,999.9,999.9,18,8.4,7.0
16585596,0723,78.4,80.6,79.4,54.5,47.6,49.7,871.4,895.6,897.3,10.0,13.6,15.6,8.2,7.9,8.1,15.9,17.5,17.0,104.0,95.4,96.2,66.9,65.8,66.2,0.0,0.0,0.0,999.9,999.9,999.9,16,8.4,7.6
16585596,0723,82.3,80.6,79.2,44.6,47.7,50.0,871.0,894.9,897.2,10.0,13.6,15.6,4.7,7.9,8.1,24.3,17.5,16.6,102.9,95.4,96.6,75.0,65.8,66.2,0.0,0.0,0.0,999.9,999.9,999.9,18,8.4,8.1
16585596,0723,86.6,80.6,79.4,33.1,47.7,49.6,869.0,894.9,897.1,9.9,13.5,15.6,4.7,7.9,8.0,19.0,17.5,17.1,93.0,95.4,96.9,61.0,65.8,66.6,0.0,0.0,0.0,999.9,999.9,999.9,0,8.4,8.7
16585596,0723,69.7,80.7,80.2,57.2,47.6,49.1,873.6,894.9,892.8,9.9,13.5,15.5,6.5,7.9,8.0,19.0,17.5,17.4,91.9,95.4,96.9,72.0,65.8,66.9,0.0,0.0,0.0,999.9,999.9,999.9,0,8.3,8.1
16585596,0723,83.0,80.6,80.0,45.2,47.7,49.4,873.0,894.2,892.9,10.0,13.5,15.5,10.4,7.9,8.0,13.0,17.5,17.2,100.0,95.4,96.6,66.9,65.8,66.8,0.0,0.0,0.0,999.9,999.9,999.9,0,8.2,7.5
16585596,0723,88.8,80.6,80.1,36.2,47.7,49.1,999.9,894.2,892.8,10.0,13.5,14.8,10.2,7.9,8.0,12.0,17.5,16.5,91.9,95.5,96.5,66.0,65.8,66.8,0.0,0.0,0.0,999.9,999.9,999.9,0,8.2,6.9
16585596,0723,82.7,80.7,80.3,45.2,47.6,49.2,999.9,894.9,897.1,9.7,13.4,14.8,10.1,7.9,8.2,14.0,17.5,16.6,93.9,95.5,96.3,70.0,65.8,66.5,0.03,0.0,0.0,999.9,999.9,999.9,18,8.1,6.9
16585596,0723,76.4,80.6,80.3,54.6,47.7,48.7,866.4,894.9,901.4,10.0,13.3,13.8,10.6,7.9,8.3,13.0,17.4,16.3,93.0,95.4,96.3,71.1,65.9,66.8,0.14,0.0,0.0,999.9,999.9,999.9,0,8.0,7.5
16585596,0723,79.3,80.6,80.0,49.2,47.7,49.1,869.7,894.9,901.2,9.7,13.3,13.8,4.9,8.0,8.5,24.3,17.4,16.3,88.7,95.4,96.1,73.9,65.8,66.9,0.0,0.0,0.0,999.9,999.9,999.9,18,8.0,7.5
16585596,0723,80.3,80.6,80.1,45.2,47.8,48.8,869.5,894.9,901.2,10.0,13.3,13.8,9.8,7.9,8.4,10.1,17.5,16.5,88.7,95.3,95.9,61.0,65.8,67.4,0.0,0.0,0.0,999.9,999.9,999.9,18,8.0,8.1
16585596,0723,78.3,80.6,79.9,57.5,47.8,48.5,869.5,894.9,896.9,22.2,13.3,13.7,6.6,8.0,8.5,18.1,17.4,16.5,93.0,95.3,95.6,71.1,65.8,67.3,0.0,0.0,0.0,999.9,999.9,999.9,0,8.1,8.1
16585596,0723,78.3,80.7,79.9,49.2,47.8,48.4,873.0,894.9,896.9,10.0,13.4,14.1,10.6,8.0,8.5,13.0,17.3,16.3,102.0,95.3,95.3,64.9,65.8,67.1,0.0,0.0,0.0,999.9,999.9,999.9,0,8.1,8.1
16585596,0723,81.1,80.7,79.9,50.9,47.8,48.7,869.5,894.9,896.8,10.0,13.4,13.7,10.6,8.0,8.6,17.1,17.3,16.3,102.0,95.3,95.4,57.0,65.8,66.7,0.02,0.0,0.0,999.9,999.9,999.9,0,8.0,8.1
16585596,0723,76.8,80.6,79.9,36.2,47.8,49.0,872.4,894.9,892.4,10.0,13.4,13.7,10.2,8.0,8.5,13.0,17.4,16.2,90.0,95.3,95.4,73.9,65.7,66.7,0.0,0.0,0.0,999.9,999.9,999.9,18,7.9,7.5
16585596,0723,82.7,80.6,79.8,49.3,47.7,48.3,868.1,894.9,892.4,10.0,13.4,12.8,8.2,8.0,8.5,8.9,17.3,16.3,102.0,95.3,95.2,59.0,65.8,66.7,0.0,0.0,0.0,999.9,999.9,999.9,18,7.9,6.5
16585596,0723,62.0,80.6,80.2,46.5,47.7,48.3,873.5,894.9,892.2,9.7,13.4,12.8,9.3,8.0,8.5,24.1,17.3,16.1,93.0,95.3,95.5,68.0,65.8,66.6,0.0,0.0,0.0,999.9,999.9,999.9,0,8.0,7.1
16585596,0723,89.6,80.5,79.6,33.1,47.6,48.2,999.9,894.9,892.2,10.0,13.4,12.8,8.1,8.0,8.5,26.0,17.2,16.3,93.9,95.3,95.5,57.0,65.9,66.7,0.0,0.0,0.0,999.9,999.9,999.9,0,8.0,7.1
16585596,0723,86.6,80.5,79.8,58.4,47.6,47.7,871.4,894.9,896.5,9.9,13.4,12.1,8.1,8.0,8.6,18.1,17.3,16.1,95.0,95.3,95.5,57.0,65.8,66.8,0.14,0.0,0.0,999.9,999.9,999.9,0,8.0,7.1
16585596,0723,82.7,80.6,80.0,44.6,47.7,48.2,868.1,894.2,896.4,22.2,13.3,12.1,9.9,8.0,8.6,19.0,17.2,16.1,90.0,95.3,95.5,66.2,65.8,66.6,0.0,0.0,0.0,999.9,999.9,999.9,0,7.9,6.5
16585596,0723,85.4,80.6,80.0,41.2,47.7,48.0,999.9,894.2,892.0,9.7,13.4,12.5,3.7,8.0,8.5,31.1,17.2,16.1,98.1,95.3,95.1,71.1,65.7,66.9,0.11,0.0,0.0,999.9,999.9,999.9,0,7.6,5.9
16585596,0723,69.7,80.6,80.0,41.6,47.7,47.6,869.6,894.9,896.3,10.0,13.4,12.1,8.1,8.0,8.3,26.0,17.3,16.7,93.0,95.3,95.3,61.0,65.8,66.9,0.0,0.0,0.0,999.9,999.9,999.9,0,7.6,5.9
16585596,0723,82.7,80.5,79.6,47.1,47.7,47.2,868.1,894.9,896.3,22.3,13.4,12.1,5.3,8.0,8.3,17.1,17.3,17.3,98.1,95.2,95.4,70.0,65.8,66.4,0.0,0.0,0.0,999.9,999.9,999.9,18,7.5,5.9
16585596,0723,86.8,80.5,80.3,50.9,47.7,46.9,875.8,894.9,896.3,41.0,13.5,12.5,10.2,8.0,8.2,19.0,17.3,17.5,99.0,95.2,95.4,66.2,65.8,66.4,0.0,0.0,0.0,999.9,999.9,999.9,0,7.6,6.5
16585596,0723,77.5,80.6,80.6,44.6,47.7,46.8,872.4,894.9,896.4,30.7,13.6,13.2,6.2,8.0,8.4,11.1,17.3,17.0,99.0,95.2,95.8,72.0,65.8,66.5,0.0,0.0,0.0,999.9,999.9,999.9,18,7.5,5.9
16585596,0723,76.8,80.6,80.6,37.5,47.6,46.8,999.9,894.9,896.5,10.0,13.7,13.9,11.6,8.0,8.2,22.0,17.3,17.0,104.0,95.2,96.1,54.0,65.8,66.5,0.0,0.0,0.0,999.9,999.9,999.9,18,7.5,6.5
16585596,0723,81.8,80.6,80.7,34.9,47.6,46.1,869.6,895.6,900.9,10.0,13.7,13.9,6.2,8.0,8.3,11.1,17.4,17.3,102.9,95.2,96.3,73.9,65.7,66.1,0.0,0.0,0.0,999.9,999.9,999.9,16,7.6,7.1
16585596,0723,79.9,80.6,80.6,47.2,47.5,45.7,869.5,894.9,900.8,9.7,13.7,12.9,8.2,8.0,8.3,14.0,17.3,17.4,90.0,95.3,96.3,68.0,65.8,66.3,0.0,0.0,0.0,999.9,999.9,999.9,18,7.6,7.7
16585596,0723,89.6,80.6,80.4,36.2,47.5,45.7,999.9,894.2,896.5,10.0,13.6,12.9,6.3,8.0,8.2,24.1,17.3,17.5,90.0,95.3,96.3,73.0,65.8,66.3,0.02,0.0,0.0,999.9,999.9,999.9,0,7.7,7.7
16585596,0723,81.1,80.7,80.7,57.6,47.5,45.3,871.5,894.9,900.8,9.8,13.6,12.9,10.2,8.0,8.1,15.0,17.4,17.9,99.0,95.2,96.0,73.0,65.8,67.0,0.0,0.0,0.0,999.9,999.9,999.9,0,7.7,7.7
16585596,0723,85.2,80.7,80.6,48.9,47.5,45.4,870.0,894.9,900.8,39.8,13.6,12.9,5.3,8.0,8.1,8.9,17.4,17.5,93.9,95.2,95.9,66.0,65.9,67.0,0.0,0.0,0.0,999.9,999.9,999.9,0,7.7,7.7
16585596,0723,82.8,80.7,80.7,44.6,47.5,45.9,872.4,894.9,896.5,10.0,13.7,13.9,8.2,8.0,8.1,15.9,17.3,17.4,90.0,95.2,95.9,66.0,65.9,66.9,0.0,0.0,0.0,999.9,999.9,999.9,18,7.7,7.1
16585596,0723,76.7,80.7,80.9,33.1,47.5,45.6,869.5,894.9,896.5,39.8,13.5,13.9,10.1,8.0,8.1,14.0,17.4,17.4,99.0,95.2,95.4,64.9,65.9,66.8,0.02,0.0,0.0,999.9,999.9,999.9,16,7.8,7.1
16585596,0723,85.2,80.7,80.7,34.9,47.4,45.2,869.5,894.8,896.5,10.0,13.7,14.9,4.7,8.0,8.3,11.1,17.4,17.0,99.0,95.3,95.3,54.0,65.9,66.5,0.0,0.0,0.0,999.9,999.9,999.9,0,7.9,7.1
16585596,0723,85.2,80.7,80.6,58.4,47.4,45.3,869.5,894.9,896.5,10.0,13.7,14.9,10.2,8.0,8.3,18.1,17.3,16.8,99.0,95.3,95.5,75.9,65.8,66.3,0.33,0.0,0.0,999.9,999.9,999.9,0,7.8,7.1
16585596,0723,62.0,80.7,81.2,44.6,47.5,45.3,870.0,894.9,896.4,10.0,13.7,14.9,6.6,8.0,8.4,15.9,17.4,16.7,95.0,95.3,95.7,71.1,65.9,66.4,0.0,0.0,0.0,999.9,999.9,999.9,18,7.7,7.1
16585596,0723,76.4,80.6,80.5,48.9,47.5,45.3,868.1,894.8,896.3,9.9,13.7,14.9,5.6,8.0,8.3,15.9,17.3,16.8,99.0,95.2,95.5,66.0,65.9,66.5,0.02,0.0,0.0,999.9,999.9,999.9,0,7.8,7.7
16585596,0723,62.0,80.6,80.1,45.2,47.5,45.7,873.5,894.1,891.9,9.9,13.7,14.9,10.4,8.0,8.1,13.0,17.4,17.0,98.1,95.3,95.8,57.0,65.9,66.5,0.0,0.0,0.0,999.9,999.9,999.9,0,7.7,7.7
16585596,0723,82.7,80.5,79.4,44.6,47.4,45.7,873.1,894.1,887.7,10.0,13.7,14.9,10.4,8.0,8.1,13.0,17.3,16.9,99.0,95.2,95.9,71.1,65.9,66.1,0.0,0.0,0.0,999.9,999.9,999.9,0,7.7,7.1
16585596,0723,81.1,80.5,79.6,40.5,47.3,45.4,869.5,894.1,887.9,10.0,13.7,14.9,6.9,8.0,8.1,13.0,17.3,16.9,100.0,95.2,96.1,64.9,65.9,66.1,0.0,0.0,0.0,999.9,999.9,999.9,18,7.7,7.1
16585596,0723,77.1,80.5,79.6,54.6,47.3,45.1,873.0,894.1,887.9,39.8,13.7,14.9,5.1,8.1,8.2,14.0,17.3,16.6,91.9,95.3,96.5,54.0,65.9,65.8,0.0,0.0,0.0,999.9,999.9,999.9,0,7.8,7.1
16585596,0723,80.3,80.5,79.5,36.2,47.3,45.4,872.9,894.2,888.0,9.7,13.8,15.9,8.1,8.0,8.0,13.0,17.3,16.7,93.0,95.3,96.6,61.0,65.9,65.6,0.0,0.0,0.0,999.9,999.9,999.9,18,7.8,6.5
16585596,0723,79.9,80.5,79.6,45.2,47.3,44.7,871.5,894.2,888.1,10.0,13.8,15.5,5.3,8.0,8.1,24.1,17.3,16.5,91.9,95.2,96.6,62.1,65.9,65.2,0.0,0.0,0.0,999.9,999.9,999.9,18,7.8,7.1
16585596,0723,80.9,80.5,79.6,37.5,47.3,44.6,873.5,893.5,888.1,9.9,13.8,15.5,6.3,8.0,7.9,15.9,17.3,16.9,93.9,95.2,96.3,61.0,65.9,65.1,0.01,0.0,0.0,999.9,999.9,999.9,48,7.8,7.7
16585596,0723,77.5,80.6,79.6,57.6,47.2,44.1,873.6,893.5,888.2,9.9,13.8,15.5,6.9,8.0,7.8,19.0,17.3,16.8,93.9,95.2,96.0,64.9,65.9,65.3,0.0,0.0,0.0,999.9,999.9,999.9,0,8.1,9.3
16585596,0723,77.1,80.6,79.7,41.6,47.2,44.9,999.9,893.5,888.2,9.9,13.8,15.5,10.1,8.0,7.7,17.1,17.3,17.0,102.0,95.3,96.1,66.9,65.9,65.0,0.11,0.0,0.0,999.9,999.9,999.9,0,8.0,8.7
16585596,0723,79.3,80.6,79.5,44.1,47.3,44.6,872.4,893.5,892.6,22.3,13.8,15.5,6.9,8.0,7.7,8.9,17.4,17.3,87.1,95.3,96.1,71.1,65.9,65.2,0.0,0.0,0.0,999.9,999.9,999.9,0,7.9,8.1
16585596,0723,77.1,80.5,80.1,45.0,47.2,44.5,866.4,893.5,892.6,9.9,13.9,15.9,6.2,8.0,7.6,19.0,17.3,16.8,98.1,95.3,95.9,66.0,65.9,65.3,0.0,0.0,0.0,999.9,999.9,999.9,0,7.8,8.1
16585596,0723,88.8,80.5,79.6,41.6,47.2,44.9,872.4,893.5,888.1,22.2,13.9,15.9,6.9,8.0,7.6,15.0,17.3,16.6,88.7,95.3,96.1,66.9,66.0,65.6,0.0,0.0,0.0,999.9,999.9,999.9,0,7.8,8.1
16585596,0723,76.4,80.6,79.7,57.6,47.1,44.3,873.6,893.5,888.2,10.0,13.9,16.3,9.6,8.0,7.5,19.0,17.2,16.5,88.7,95.3,95.9,62.1,65.9,66.0,0.02,0.0,0.0,999.9,999.9,999.9,18,7.8,8.1
16585596,0723,86.6,80.6,79.5,52.0,47.2,44.8,866.4,893.5,888.4,9.8,13.9,15.9,6.4,8.0,7.5,18.1,17.2,16.5,99.0,95.3,95.8,62.2,65.9,65.8,0.0,0.0,0.0,999.9,999.9,999.9,18,7.9,8.7
16585596,0723,83.0,80.6,79.5,58.4,47.2,45.1,869.7,892.8,883.9,10.0,13.9,15.9,6.5,8.0,7.6,24.3,17.1,16.0,95.0,95.3,95.8,66.0,65.9,65.5,0.33,0.0,0.0,999.9,999.9,999.9,18,8.0,9.3
16585596,0723,82.7,80.7,80.0,34.9,47.3,45.7,873.6,892.8,883.9,9.7,13.9,15.9,3.7,8.0,7.6,34.0,17.2,16.0,95.0,95.3,95.9,66.0,65.9,65.7,0.0,0.0,0.0,999.9,999.9,999.9,18,8.1,9.9
16585596,0723,88.8,80.6,80.0,41.2,47.2,45.3,873.5,892.1,884.1,39.8,13.9,15.5,8.7,8.0,7.5,13.0,17.2,16.6,102.0,95.3,95.8,66.0,65.9,65.6,0.11,0.0,0.0,999.9,999.9,999.9,18,8.1,9.9
16585596,0723,81.1,80.6,80.0,52.0,47.2,45.0,871.5,892.1,884.0,10.0,13.9,15.4,10.2,8.0,7.5,15.9,17.2,16.4,98.1,95.3,95.9,66.0,65.9,65.6,0.0,0.0,0.0,999.9,999.9,999.9,0,7.9,10.5
16585596,0723,78.4,80.6,80.2,45.0,47.3,45.2,869.7,892.1,884.0,30.7,13.9,14.7,9.5,8.0,7.6,13.0,17.1,16.5,90.0,95.3,95.9,71.1,65.9,65.4,0.0,0.0,0.0,999.9,999.9,999.9,0,7.8,9.9
16585596,0723,81.1,80.6,80.2,55.6,47.2,45.5,873.6,892.1,879.6,9.9,13.9,15.4,9.8,8.0,7.5,13.0,17.1,16.2,95.0,95.3,95.4,71.1,65.9,65.9,0.01,0.0,0.0,999.9,999.9,999.9,0,7.8,9.3
16585596,0723,87.8,80.6,80.2,54.6,47.3,46.2,869.5,892.1,879.8,10.0,13.9,15.4,10.1,8.0,7.6,8.9,17.1,16.3,93.9,95.3,95.1,73.9,65.9,65.8,0.0,0.0,0.0,999.9,999.9,999.9,16,7.7,8.7
16585596,0723,85.2,80.6,80.5,54.6,47.3,46.4,870.4,892.1,879.8,9.9,13.9,15.4,6.9,8.0,7.7,22.0,17.1,16.1,104.0,95.2,95.3,73.9,65.9,66.0,0.02,0.0,0.0,999.9,999.9,999.9,0,7.7,8.7
16585596,0723,69.7,80.7,80.3,44.6,47.3,47.0,871.0,892.1,875.5,9.7,13.9,15.4,10.1,8.0,7.7,18.1,17.1,16.0,93.0,95.3,95.7,59.0,66.0,66.1,0.0,0.0,0.0,999.9,999.9,999.9,18,7.7,8.7
16585596,0723,81.1,80.6,79.9,50.9,47.3,46.6,869.5,892.1,875.4,10.0,13.9,15.4,10.1,8.0,7.7,15.0,17.2,16.1,99.0,95.2,95.5,61.0,65.9,65.6,0.0,0.0,0.0,999.9,999.9,999.9,0,7.8,9.3
16585596,0723,79.3,80.6,79.8,39.9,47.3,46.7,999.9,892.1,875.4,9.9,13.9,14.4,6.2,8.0,7.9,15.0,17.2,16.3,93.0,95.2,95.7,57.9,65.8,65.4,0.0,0.0,0.0,999.9,999.9,999.9,0,7.7,9.3
16585596,0723,78.3,80.6,79.7,37.5,47.3,46.5,873.0,892.8,879.7,10.0,13.9,14.4,6.9,8.0,7.8,11.1,17.2,16.3,104.0,95.2,95.8,71.1,65.9,65.2,0.0,0.0,0.0,999.9,999.9,999.9,48,7.7,8.7
16585596,0723,62.0,80.6,79.7,55.9,47.2,46.6,872.4,892.8,879.8,10.0,13.9,13.4,3.7,8.0,7.7,14.0,17.1,16.2,87.1,95.3,96.0,75.0,65.9,65.4,0.0,0.0,0.0,999.9,999.9,999.9,2,7.8,9.7
16585596,0723,81.1,80.4,79.0,44.6,47.2,47.3,869.7,892.8,879.9,10.0,13.8,13.4,5.6,8.0,7.7,15.0,17.1,16.3,93.0,95.2,95.6,71.1,65.9,66.1,0.0,0.0,0.0,999.9,999.9,999.9,0,7.8,9.8
16585596,0723,82.7,80.4,78.8,36.2,47.2,46.9,869.5,892.8,879.9,9.8,13.8,13.4,6.6,8.0,7.5,26.0,17.1,16.2,93.0,95.2,95.4,57.0,65.9,65.9,0.03,0.0,0.0,999.9,999.9,999.9,18,7.7,9.8
16585596,0723,78.3,80.4,79.5,41.6,47.1,46.6,999.9,892.8,879.9,9.8,13.8,13.4,8.1,8.0,7.5,8.9,17.1,16.5,91.9,95.2,95.3,71.1,65.9,65.4,0.0,0.0,0.0,999.9,999.9,999.9,18,7.8,9.8
16585596,0723,86.6,80.4,79.6,37.5,47.0,46.4,868.1,893.5,884.3,10.0,13.8,13.4,10.2,8.0,7.6,12.0,17.0,16.3,95.0,95.1,95.1,62.1,66.0,65.6,0.0,0.0,0.0,999.9,999.9,999.9,18,7.8,10.4
16585596,0723,81.1,80.4,80.4,57.2,47.0,46.1,870.0,893.4,884.1,10.0,13.8,13.4,10.2,8.0,7.6,12.0,17.1,16.3,93.0,95.1,95.0,62.1,66.0,65.8,0.0,0.0,0.0,999.9,999.9,999.9,0,7.9,11.0
16585596,0723,79.9,80.4,80.3,49.2,47.0,46.5,869.5,893.4,884.0,10.0,13.8,13.4,11.6,8.0,7.6,17.1,17.1,16.2,98.1,95.1,94.8,64.9,65.9,65.5,0.0,0.0,0.0,999.9,999.9,999.9,2,7.9,11.0
16585596,0723,86.8,80.3,80.3,49.3,47.1,46.8,999.9,893.4,884.0,10.0,13.8,13.4,6.2,8.0,7.7,26.0,17.0,16.4,90.0,95.1,94.7,71.1,65.9,65.5,0.0,0.0,0.0,999.9,999.9,999.9,0,7.9,10.5
16585596,0723,76.4,80.4,80.6,36.2,47.1,46.6,872.4,894.1,888.2,9.9,13.8,12.4,10.6,8.0,7.8,22.0,17.0,16.8,89.1,95.1,94.6,73.0,65.9,66.1,0.0,0.0,0.0,999.9,999.9,999.9,18,7.9,10.5
16585596,0723,82.3,80.3,80.5,50.2,47.0,46.6,872.4,894.1,888.2,41.0,13.8,12.4,9.6,8.0,7.9,8.9,17.0,17.1,87.1,95.1,94.5,66.0,65.9,66.5,0.0,0.0,0.0,999.9,999.9,999.9,2,7.9,10.5
16585596,0723,88.1,80.3,80.6,41.6,47.1,46.8,999.9,894.1,888.2,9.9,14.0,13.5,10.1,8.1,8.0,14.0,17.0,16.6,95.0,95.0,94.4,71.1,65.9,66.6,0.0,0.0,0.0,999.9,999.9,999.9,0,7.8,9.9
16585596,0723,76.4,80.4,80.8,34.9,47.1,46.9,873.1,894.8,892.4,10.0,14.0,13.5,6.9,8.1,8.1,11.1,16.9,16.5,79.0,95.0,94.4,62.1,65.9,66.9,0.0,0.0,0.0,999.9,999.9,999.9,0,7.8,8.3
16585596,0723,82.7,80.3,80.8,50.9,47.0,46.2,872.4,894.8,892.4,9.7,14.0,13.5,5.3,8.1,8.1,20.0,16.7,16.2,95.0,95.0,93.9,73.9,65.9,66.8,0.03,0.0,0.0,999.9,999.9,999.9,0,7.8,8.3
16585596,0723,85.4,80.3,81.0,50.2,47.0,46.5,870.4,894.1,888.2,10.0,14.0,13.5,6.9,8.1,8.0,13.0,16.8,16.3,93.0,95.0,93.7,66.0,65.9,67.1,0.03,0.0,0.0,999.9,999.9,999.9,18,7.8,8.3
16585596,0723,81.8,80.3,81.2,46.5,47.1,46.7,869.0,894.1,888.1,10.0,14.0,13.1,9.6,8.1,8.0,8.9,16.8,16.5,79.0,94.9,93.9,66.9,65.9,66.9,0.14,0.0,0.0,999.9,999.9,999.9,18,7.9,8.9
16585596,0723,85.2,80.3,81.3,36.2,47.0,46.7,875.8,893.4,888.2,10.0,14.0,13.1,5.1,8.1,8.1,24.3,16.7,16.1,99.0,94.8,93.2,68.0,65.9,66.9,0.0,0.0,0.0,999.9,999.9,999.9,18,7.9,9.5
16585596,0723,85.2,80.3,81.2,47.1,47.0,46.6,870.4,893.4,888.3,10.0,14.0,12.6,9.8,8.1,8.0,34.0,16.8,16.5,79.0,94.8,93.6,61.0,65.9,67.0,0.03,0.0,0.0,999.9,999.9,999.9,18,8.0,10.1
16585596,0723,86.8,80.4,81.5,50.9,47.1,46.2,866.4,892.7,888.2,10.0,14.0,12.6,8.7,8.0,8.0,11.1,16.9,17.0,79.0,94.8,93.2,57.9,65.8,66.9,0.0,0.0,0.0,999.9,999.9,999.9,0,8.0,10.1
16585596,0723,85.2,80.4,81.5,47.1,47.2,46.2,869.5,892.6,888.2,10.0,13.9,12.7,5.6,8.1,8.1,10.1,16.9,16.7,99.0,94.7,92.6,62.1,65.8,66.8,0.0,0.0,0.0,999.9,999.9,999.9,16,7.9,9.5
16585596,0723,81.8,80.5,81.6,57.6,47.1,45.8,869.6,892.6,888.2,9.7,13.9,12.7,5.6,8.1,8.1,18.1,16.8,16.2,104.0,94.7,92.7,71.1,65.8,66.6,0.02,0.0,0.0,999.9,999.9,999.9,0,8.0,9.5
16585596,0723,89.6,80.5,81.6,50.2,47.2,46.6,873.5,891.9,888.1,10.0,13.8,12.7,10.2,8.1,8.1,15.9,16.9,15.7,102.9,94.8,93.0,71.1,65.9,66.8,0.0,0.0,0.0,999.9,999.9,999.9,18,7.9,8.9
16585596,0723,89.2,80.5,81.6,45.2,47.1,46.9,872.7,891.9,888.1,14.9,13.8,11.7,8.2,8.1,8.2,18.1,16.9,15.8,93.0,94.9,93.0,66.9,65.9,67.0,0.03,0.0,0.0,999.9,999.9,999.9,0,8.0,8.9
16585596,0723,80.3,80.5,81.8,36.2,47.1,46.6,873.5,891.9,888.1,14.9,13.9,11.8,3.7,8.1,8.1,14.0,16.9,15.9,93.9,94.9,92.9,61.0,65.9,67.0,0.0,0.0,0.0,999.9,999.9,999.9,0,8.0,8.9
16585596,0723,62.0,80.5,81.9,47.2,47.0,46.3,873.6,891.9,888.2,9.9,13.9,11.3,8.2,8.1,7.9,15.9,16.9,15.9,93.0,94.9,93.0,62.1,65.9,66.7,0.17,0.0,0.0,999.9,999.9,999.9,0,8.0,8.9
16585596,0723,76.4,80.4,81.3,46.5,47.0,46.1,869.0,891.2,888.2,10.0,13.9,11.3,5.6,8.0,7.9,13.0,16.9,16.0,90.0,94.9,92.9,72.0,65.9,66.4,0.03,0.0,0.0,999.9,999.9,999.9,16,8.0,8.9
16585596,0723,79.9,80.4,80.9,47.2,47.1,45.8,869.5,891.2,888.2,9.8,13.9,11.3,9.8,8.1,7.7,18.1,16.9,16.2,102.9,94.8,92.8,71.1,65.9,66.3,0.0,0.0,0.0,999.9,999.9,999.9,0,7.8,8.9
16585596,0723,80.7,80.5,80.7,50.9,47.1,45.5,871.4,891.2,888.2,9.9,13.9,11.3,5.3,8.1,7.8,15.0,16.9,16.0,98.1,94.8,92.8,66.0,65.9,66.2,0.11,0.0,0.0,999.9,999.9,999.9,0,7.8,8.9
16585596,0723,80.3,80.5,81.1,58.4,47.1,45.8,999.9,891.2,888.2,9.9,13.9,11.3,9.3,8.0,7.7,11.1,16.9,15.9,93.0,94.8,92.9,62.1,65.9,66.5,0.0,0.0,0.0,999.9,999.9,999.9,0,7.8,8.3
16585596,0723,86.6,80.5,81.1,45.0,47.2,46.0,871.0,891.9,892.5,9.7,13.7,11.3,8.1,8.1,7.6,31.1,16.9,15.8,102.0,94.8,92.7,71.1,65.9,66.5,0.0,0.0,0.0,999.9,999.9,999.9,0,7.7,8.3
16585596,0723,74.2,80.5,81.3,58.4,47.2,46.2,869.5,892.0,888.2,10.0,13.5,11.3,9.6,8.1,7.7,19.0,17.0,16.3,88.7,94.8,93.0,66.0,66.0,66.9,0.0,0.0,0.0,999.9,999.9,999.9,0,7.6,8.3
16585596,0723,82.8,80.5,81.2,40.5,47.2,46.9,869.5,891.9,888.1,10.0,13.5,11.3,6.6,8.1,7.8,13.0,16.9,16.6,99.0,94.7,92.5,62.1,66.0,66.8,0.0,0.0,0.0,999.9,999.9,999.9,18,7.6,6.7
16585596,0723,79.9,80.5,81.9,49.3,47.2,46.4,871.5,891.9,888.0,10.0,13.5,11.3,8.1,8.1,7.9,15.9,16.9,16.6,104.0,94.8,92.9,54.0,66.1,66.3,0.0,0.0,0.0,999.9,999.9,999.9,0,7.7,7.2
16585596,0723,81.8,80.5,81.8,46.5,47.2,46.5,999.9,891.9,888.1,10.0,13.5,11.3,6.5,8.1,8.0,15.0,16.9,16.6,104.0,94.8,93.3,62.1,66.0,65.8,0.0,0.0,0.0,999.9,999.9,999.9,0,7.6,7.2
16585596,0723,81.1,80.5,81.8,34.9,47.2,46.9,868.1,892.6,892.4,10.0,13.4,11.3,11.6,8.1,8.0,13.0,16.9,16.2,93.9,94.9,93.7,62.1,66.0,65.9,0.01,0.0,0.0,999.9,999.9,999.9,18,7.5,6.6
16585596,0723,62.0,80.5,81.9,44.6,47.1,46.6,871.0,892.6,888.0,10.0,13.4,11.3,9.8,8.1,8.1,19.0,16.8,16.4,102.0,94.9,93.7,64.9,66.0,65.6,0.0,0.0,0.0,999.9,999.9,999.9,16,7.6,6.6
16585596,0723,76.4,80.4,81.1,50.9,47.1,46.9,873.0,892.6,888.1,10.0,13.4,11.3,6.2,8.1,8.1,24.3,16.8,16.6,102.9,95.0,94.0,70.0,66.0,65.7,0.0,0.0,0.0,999.9,999.9,999.9,0,7.6,6.5
16585596,0723,77.1,80.4,80.9,37.5,47.2,46.7,999.9,892.6,888.2,10.0,13.4,11.3,10.4,8.1,7.9,8.9,16.9,17.0,104.0,95.1,94.3,61.0,66.0,66.0,0.0,0.0,0.0,999.9,999.9,999.9,0,7.6,6.5
16585596,0723,80.9,80.4,80.8,57.5,47.1,46.3,871.0,892.6,892.6,10.0,13.4,11.3,10.2,8.1,7.9,15.9,16.7,16.7,98.1,95.1,94.5,66.0,66.0,65.9,0.0,0.0,0.0,999.9,999.9,999.9,0,7.6,6.5
16585596,0723,76.4,80.4,80.6,54.6,47.1,46.5,873.5,892.6,888.3,10.0,13.4,11.3,9.9,8.1,8.0,17.1,16.8,16.4,95.0,95.1,94.8,70.0,66.0,65.7,0.0,0.0,0.0,999.9,999.9,999.9,18,7.6,6.5
16585596,0723,81.8,80.5,80.6,57.6,47.1,47.2,873.6,892.6,888.3,10.0,13.3,11.3,9.5,8.1,8.0,10.1,16.8,16.2,93.9,95.1,95.0,73.0,66.1,65.6,0.0,0.0,0.0,999.9,999.9,999.9,0,7.6,6.5
16585596,0723,78.3,80.5,80.6,52.0,47.1,47.4,875.8,892.6,888.4,9.8,13.3,10.3,4.7,8.1,8.0,12.0,16.7,16.3,102.0,95.1,95.2,64.9,66.2,65.8,0.0,0.0,0.0,999.9,999.9,999.9,18,7.6,6.4
16585596,0723,79.3,80.5,80.3,57.5,47.1,47.8,872.4,891.9,884.2,9.9,13.3,10.3,3.7,8.1,7.8,11.1,16.7,16.2,104.0,95.1,95.4,63.0,66.2,65.6,0.0,0.0,0.0,999.9,999.9,999.9,0,7.7,7.0
16585596,0723,85.4,80.5,80.4,44.6,47.1,48.5,873.0,891.9,884.2,10.0,13.3,10.3,10.6,8.0,7.7,17.1,16.7,16.2,99.0,95.1,96.2,73.9,66.2,65.6,0.0,0.0,0.0,999.9,999.9,999.9,0,7.6,7.0
16585596,0723,81.1,80.5,80.5,44.6,47.2,48.3,870.4,891.9,884.2,9.7,13.3,10.3,6.6,8.0,7.9,19.0,16.7,16.1,95.0,95.1,96.4,73.9,66.2,65.6,0.0,0.0,0.0,999.9,999.9,999.9,0,7.5,7.0
16585596,0723,85.4,80.5,80.3,55.9,47.1,48.1,866.4,891.9,884.2,10.0,13.3,10.3,8.7,8.0,7.9,19.0,16.7,16.3,104.0,95.1,96.4,61.0,66.2,65.9,0.0,0.0,0.0,999.9,999.9,999.9,0,7.5,6.4
16585596,0723,78.3,80.5,80.4,54.6,47.1,48.4,873.0,891.9,884.1,20.3,13.3,10.3,4.9,8.0,7.9,24.1,16.7,16.6,79.0,95.2,97.3,68.0,66.2,65.7,0.0,0.0,0.0,999.9,999.9,999.9,48,7.5,5.8
16585596,0723,74.2,80.6,80.2,57.6,47.2,49.0,872.4,891.9,884.1,9.8,13.4,10.6,9.3,8.0,7.9,13.0,16.7,16.6,90.0,95.0,96.6,54.0,66.2,65.7,0.0,0.0,0.0,999.9,999.9,999.9,18,7.8,6.8
16585596,0723,82.7,80.5,79.8,45.2,47.2,49.4,871.4,891.9,884.1,10.0,13.4,10.6,6.6,8.0,7.8,13.0,16.7,15.9,95.0,95.0,97.0,57.0,66.2,65.5,0.33,0.0,0.0,999.9,999.9,999.9,18,7.8,6.8
16585596,0723,69.7,80.5,79.7,48.9,47.2,49.2,868.1,891.9,884.3,20.3,13.4,10.6,10.6,8.0,7.8,12.0,16.7,16.0,89.1,95.1,97.5,71.1,66.2,65.5,0.0,0.0,0.0,999.9,999.9,999.9,0,7.8,7.4
16585596,0723,77.5,80.4,79.2,49.2,47.2,49.3,869.5,891.9,884.2,41.0,13.4,11.0,5.6,8.0,7.9,14.0,16.7,16.1,95.0,95.0,97.2,70.0,66.2,65.8,0.14,0.0,0.0,999.9,999.9,999.9,0,7.7,6.9
16585596,0723,77.5,80.4,79.0,49.2,47.2,49.0,869.6,891.9,884.2,10.0,13.6,12.0,5.6,8.0,7.9,31.1,16.6,15.9,93.0,95.1,96.9,63.0,66.2,65.7,0.0,0.0,0.0,999.9,999.9,999.9,18,7.6,6.9
16585596,0723,78.4,80.4,78.6,50.2,47.3,48.9,870.5,891.9,884.1,10.0,13.6,12.0,3.7,8.0,7.8,15.9,16.7,16.4,95.0,95.1,96.5,75.0,66.2,65.4,0.0,0.0,0.0,999.9,999.9,999.9,0,7.7,6.9
16585596,0723,76.7,80.3,78.3,54.6,47.3,49.1,869.6,891.9,884.0,9.7,13.6,11.8,8.7,8.0,7.6,11.1,16.7,16.4,102.9,95.1,96.6,68.0,66.2,65.7,0.0,0.0,0.0,999.9,999.9,999.9,0,7.7,6.9
16585596,0723,76.8,80.4,78.2,46.5,47.3,49.7,871.4,891.9,883.9,41.0,13.6,11.7,10.4,8.0,7.8,13.0,16.6,16.3,95.0,95.1,96.9,64.9,66.2,65.9,0.0,0.0,0.0,999.9,999.9,999.9,0,7.7,6.9
16585596,0723,79.9,80.4,78.7,49.3,47.4,49.7,999.9,891.9,883.8,9.9,13.8,12.7,6.2,8.0,7.9,10.1,16.6,16.2,99.0,95.1,97.0,73.9,66.3,66.0,0.02,0.0,0.0,999.9,999.9,999.9,18,7.6,6.9
16585596,0723,78.3,80.4,78.8,47.1,47.4,49.8,873.5,892.6,888.2,9.8,13.7,12.7,4.7,8.0,7.9,13.0,16.6,16.1,93.9,95.1,97.3,64.9,66.3,66.1,0.02,0.0,0.0,999.9,999.9,999.9,48,7.7,6.9
16585596,0723,86.8,80.4,78.7,50.9,47.4,49.8,869.7,891.9,888.3,10.0,13.6,12.7,3.7,8.0,7.7,19.0,16.5,15.9,89.1,95.1,97.0,63.0,66.3,65.9,0.02,0.0,0.0,999.9,999.9,999.9,0,7.9,8.5
16585596,0723,89.2,80.4,78.9,55.6,47.4,49.8,866.4,891.2,888.3,14.9,13.6,12.7,7.8,7.9,7.7,18.1,16.6,16.0,93.9,95.1,96.7,75.0,66.3,65.8,0.11,0.0,0.0,999.9,999.9,999.9,0,7.9,8.5
16585596,0723,76.4,80.4,79.2,57.5,47.5,49.7,872.7,891.1,883.8,20.3,13.6,12.9,6.5,7.9,7.6,15.9,16.6,16.3,93.0,95.0,96.7,62.1,66.3,66.2,0.0,0.0,0.0,999.9,999.9,999.9,18,7.9,8.5
16585596,0723,86.6,80.4,78.9,45.2,47.5,50.1,869.7,890.4,883.9,9.9,13.6,13.2,10.6,7.9,7.6,19.0,16.6,15.8,90.0,95.0,96.4,61.0,66.2,65.9,0.14,0.0,0.0,999.9,999.9,999.9,18,8.0,9.1
16585596,0723,80.3,80.5,79.3,46.5,47.5,49.7,870.5,890.4,883.9,22.2,13.6,13.2,10.2,7.9,7.6,22.0,16.5,15.8,99.0,94.9,96.5,64.9,66.3,65.8,0.0,0.0,0.0,999.9,999.9,999.9,0,8.1,9.7
16585596,0723,81.8,80.4,79.2,54.6,47.5,49.9,873.6,890.4,883.9,22.3,13.7,13.6,10.6,7.9,7.7,12.0,16.5,16.1,99.0,95.0,96.5,54.0,66.3,65.9,0.14,0.0,0.0,999.9,999.9,999.9,0,8.1,9.1
16585596,0723,62.0,80.4,79.3,37.5,47.6,50.0,873.0,889.7,884.0,10.0,13.6,14.0,7.8,8.0,7.8,19.0,16.5,15.9,99.0,95.1,96.3,71.1,66.3,65.9,0.0,0.0,0.0,999.9,999.9,999.9,18,8.0,9.1
16585596,0723,81.8,80.3,78.6,54.5,47.5,49.7,999.9,889.7,879.8,10.0,13.6,14.0,6.5,8.0,7.8,10.1,16.5,16.1,93.9,95.1,96.1,73.0,66.3,66.2,0.0,0.0,0.0,999.9,999.9,999.9,0,8.1,9.7
16585596,0723,80.9,80.3,78.6,54.1,47.6,50.4,871.0,890.5,884.1,10.0,13.6,14.0,10.4,8.0,7.7,15.9,16.5,16.0,102.0,95.1,96.1,71.1,66.3,66.5,0.0,0.0,0.0,999.9,999.9,999.9,0,8.1,9.1
16585596,0723,83.0,80.3,79.3,40.5,47.6,50.7,866.4,889.7,884.1,10.0,13.6,14.0,6.6,8.0,7.7,24.1,16.5,15.9,93.0,95.2,96.1,61.0,66.4,66.7,0.0,0.0,0.0,999.9,999.9,999.9,18,8.1,8.6
16585596,0723,69.7,80.3,79.5,44.1,47.5,50.4,873.0,889.7,883.9,22.3,13.5,14.0,6.2,7.9,7.7,17.1,16.5,15.9,90.0,95.2,95.8,75.0,66.3,66.4,0.0,0.0,0.0,999.9,999.9,999.9,18,8.2,9.2
16585596,0723,78.3,80.2,79.2,57.6,47.5,50.6,872.7,889.7,879.7,9.9,13.5,14.4,11.6,7.9,7.6,31.1,16.5,16.1,99.0,95.2,95.3,70.0,66.3,66.9,0.0,0.0,0.0,999.9,999.9,999.9,0,8.3,9.8
16585596,0723,88.8,80.2,79.2,36.2,47.7,50.6,872.4,889.0,879.8,9.9,13.5,14.4,9.8,8.0,7.6,31.1,16.6,16.6,93.0,95.2,95.4,66.0,66.4,67.0,0.0,0.0,0.0,999.9,999.9,999.9,18,8.1,9.8
16585596,0723,88.8,80.3,79.6,47.2,47.7,50.0,999.9,889.0,879.7,10.0,13.5,14.4,6.4,8.0,7.6,14.0,16.7,17.1,95.0,95.3,95.3,62.1,66.3,66.9,0.0,0.0,0.0,999.9,999.9,999.9,0,8.2,9.8
16585596,0723,80.9,80.3,79.8,48.9,47.7,49.6,872.4,889.7,883.9,10.0,13.5,14.4,6.4,8.0,7.5,8.9,16.7,17.2,90.0,95.4,95.3,66.0,66.3,66.5,0.0,0.0,0.0,999.9,999.9,999.9,0,8.1,9.8
16585596,0723,81.8,80.3,79.9,41.4,47.7,49.5,866.4,889.7,883.8,9.7,13.4,14.4,6.3,8.0,7.6,19.0,16.7,17.1,99.0,95.4,94.9,71.1,66.3,66.6,0.02,0.0,0.0,999.9,999.9,999.9,0,8.0,9.2
16585596,0723,81.8,80.3,80.0,37.5,47.7,49.0,872.4,889.7,883.6,10.0,13.4,14.4,10.1,8.0,7.7,15.0,16.7,17.4,87.1,95.4,94.8,62.1,66.3,66.8,0.14,0.0,0.0,999.9,999.9,999.9,0,8.0,9.2
16585596,0723,81.1,80.3,79.8,34.9,47.6,48.8,875.8,889.0,883.6,9.9,13.4,14.4,5.3,8.0,7.6,24.3,16.7,17.3,93.9,95.3,94.4,62.1,66.3,66.4,0.0,0.0,0.0,999.9,999.9,999.9,18,8.0,9.2
16585596,0723,74.2,80.2,79.8,52.0,47.6,48.4,999.9,889.0,883.8,14.9,13.4,14.4,9.8,7.9,7.6,15.0,16.7,17.5,93.9,95.3,94.3,70.0,66.3,66.0,0.17,0.0,0.0,999.9,999.9,999.9,48,8.1,9.8
16585596,0723,82.7,80.2,79.5,40.5,47.7,48.3,873.5,889.7,888.2,9.9,13.4,14.6,10.2,7.9,7.6,15.9,16.8,17.4,87.1,95.3,94.0,68.0,66.3,66.3,0.0,0.0,0.0,999.9,999.9,999.9,0,8.3,11.4
16585596,0723,81.1,80.2,79.6,57.2,47.6,47.8,873.6,889.7,888.2,9.7,13.4,14.3,10.1,7.9,7.8,13.0,16.7,17.1,104.0,95.3,94.3,75.9,66.3,66.3,0.0,0.0,0.0,999.9,999.9,999.9,0,8.3,9.8
16585596,0723,83.0,80.2,79.8,54.5,47.7,47.8,873.6,889.7,888.3,10.0,13.4,14.2,4.9,8.0,7.8,18.1,16.7,17.1,102.0,95.3,94.7,63.0,66.4,67.1,0.02,0.0,0.0,999.9,999.9,999.9,0,8.2,9.2
16585596,0723,89.6,80.2,79.9,44.1,47.7,48.1,872.9,889.7,888.4,9.9,13.4,14.2,8.1,8.0,7.8,18.1,16.7,17.3,99.0,95.3,95.0,75.0,66.4,67.3,0.0,0.0,0.0,999.9,999.9,999.9,18,8.2,8.6
16585596,0723,74.2,80.2,80.5,36.2,47.6,48.0,999.9,889.8,888.5,22.2,13.4,13.9,3.7,8.0,7.7,10.1,16.7,17.5,102.0,95.3,95.3,71.1,66.4,67.4,0.11,0.0,0.0,999.9,999.9,999.9,16,8.3,9.2
16585596,0723,88.8,80.2,80.4,49.3,47.6,47.5,873.1,890.5,892.9,41.0,13.5,13.3,10.1,7.9,7.6,13.0,16.7,17.3,99.0,95.4,95.5,66.9,66.5,67.4,0.0,0.0,0.0,999.9,999.9,999.9,48,8.4,9.7
16585596,0723,87.8,80.2,80.8,45.2,47.6,47.5,999.9,889.8,893.0,30.7,13.6,14.3,10.2,7.9,7.8,10.1,16.6,16.7,99.0,95.4,95.7,61.0,66.5,67.6,0.0,0.0,0.0,999.9,999.9,999.9,0,8.6,10.7
16585596,0723,76.7,80.2,81.1,40.5,47.5,47.4,871.0,890.5,897.3,10.0,13.7,15.0,6.3,8.0,8.0,14.0,16.6,16.5,95.0,95.4,95.9,72.0,66.4,67.1,0.0,0.0,0.0,999.9,999.9,999.9,0,8.6,10.7
16585596,0723,86.6,80.2,81.1,44.6,47.5,46.9,869.0,890.5,897.3,10.0,13.7,15.0,5.3,7.9,7.9,12.0,16.5,16.6,88.7,95.4,95.6,73.9,66.4,67.2,0.17,0.0,0.0,999.9,999.9,999.9,18,8.3,10.7
16585596,0723,69.7,80.2,81.4,55.9,47.5,46.8,872.9,890.5,897.3,9.9,13.7,14.0,6.5,7.9,7.7,26.0,16.5,16.6,102.0,95.4,95.4,62.2,66.4,67.5,0.0,0.0,0.0,999.9,999.9,999.9,0,8.3,11.3
16585596,0723,81.1,80.1,81.1,45.2,47.5,47.1,999.9,890.5,893.0,9.9,13.6,14.0,11.6,7.9,7.8,15.0,16.6,17.1,102.9,95.4,95.5,66.9,66.4,67.2,0.0,0.0,0.0,999.9,999.9,999.9,0,8.3,10.7
16585596,0723,87.8,80.1,81.2,55.9,47.5,47.0,868.1,890.5,897.2,9.9,13.6,14.0,5.1,7.9,8.0,10.1,16.6,17.2,98.1,95.6,95.8,57.0,66.4,67.2,0.0,0.0,0.0,999.9,999.9,999.9,0,8.3,9.1
16585596,0723,81.8,80.2,81.2,50.9,47.5,47.2,999.9,890.5,897.2,10.0,13.6,14.0,4.7,7.9,8.0,10.1,16.6,16.9,98.1,95.6,96.1,73.9,66.3,67.0,0.0,0.0,0.0,999.9,999.9,999.9,48,8.3,9.1
16585596,0723,82.3,80.2,81.0,45.2,47.5,47.0,866.4,891.2,901.6,10.0,13.6,13.8,8.2,7.9,7.9,13.0,16.6,16.6,102.0,95.6,96.2,66.2,66.4,67.0,0.0,0.0,0.0,999.9,999.9,999.9,0,8.6,10.7
16585596,0723,69.7,80.2,81.2,50.2,47.5,46.6,870.5,891.2,901.4,9.8,13.6,13.5,3.7,7.9,8.0,8.9,16.5,16.5,102.0,95.6,96.5,62.1,66.4,67.1,0.0,0.0,0.0,999.9,999.9,999.9,18,8.6,10.1
16585596,0723,62.0,80.1,80.6,50.9,47.5,46.8,875.8,891.1,901.5,22.3,13.6,13.5,9.6,7.9,7.8,13.0,16.5,16.2,95.0,95.7,96.9,73.9,66.4,67.2,0.0,0.0,0.0,999.9,999.9,999.9,0,8.7,10.1
16585596,0723,81.8,80.1,80.0,55.9,47.5,46.9,872.4,890.5,901.6,9.9,13.7,13.5,10.6,7.9,7.7,10.1,16.5,15.9,104.0,95.7,96.8,75.9,66.5,67.5,0.17,0.0,0.0,999.9,999.9,999.9,0,8.6,10.1
16585596,0723,76.8,80.2,80.0,45.0,47.5,47.0,999.9,890.5,901.6,10.0,13.7,13.1,5.3,7.9,7.7,14.0,16.4,15.8,102.9,95.7,97.0,73.9,66.5,68.2,0.17,0.0,0.0,999.9,999.9,999.9,18,8.5,10.1
16585596,0723,85.2,80.2,80.5,47.2,47.5,47.2,873.5,891.2,905.8,22.3,13.6,13.1,10.1,7.9,7.7,15.0,16.3,15.7,98.1,95.7,97.1,54.0,66.5,68.3,0.0,0.0,0.0,999.9,999.9,999.9,18,8.5,10.1
16585596,0723,82.3,80.2,80.6,41.6,47.5,47.0,873.6,891.2,901.6,14.9,13.6,13.5,9.3,7.9,7.8,13.0,16.3,15.8,95.0,95.7,97.2,62.1,66.4,67.6,0.11,0.0,0.0,999.9,999.9,999.9,0,8.6,10.7
16585596,0723,80.7,80.2,80.6,33.1,47.5,46.5,873.0,891.2,901.7,10.0,13.5,13.6,10.2,7.9,7.7,10.1,16.3,15.7,95.0,95.7,97.0,71.1,66.4,67.3,0.02,0.0,0.0,999.9,999.9,999.9,18,8.6,10.7
16585596,0723,77.5,80.1,80.6,54.1,47.4,46.3,999.9,891.2,901.9,13.5,13.5,13.6,9.5,8.0,7.9,15.9,16.3,15.3,104.0,95.7,97.1,66.0,66.4,67.7,0.0,0.0,0.0,999.9,999.9,999.9,0,8.7,10.7
16585596,0723,77.1,80.2,80.8,55.9,47.4,46.6,869.5,891.9,906.1,10.0,13.5,13.3,8.7,8.0,8.0,31.1,16.2,15.2,98.1,95.7,97.5,66.9,66.5,67.4,0.17,0.0,0.0,999.9,999.9,999.9,18,8.7,10.1
16585596,0723,62.0,80.1,80.8,45.2,47.4,46.6,872.4,891.2,906.0,10.0,13.5,13.3,9.5,8.0,7.9,19.0,16.4,15.2,102.9,95.7,97.5,59.0,66.5,67.3,0.01,0.0,0.0,999.9,999.9,999.9,48,8.7,10.7
16585596,0723,78.3,80.0,79.9,52.0,47.3,46.9,872.4,891.2,906.0,10.0,13.5,13.3,11.6,8.0,7.9,20.0,16.3,14.8,102.9,95.7,97.8,64.9,66.4,67.0,0.0,0.0,0.0,999.9,999.9,999.9,0,8.9,11.7
16585596,0723,88.1,80.0,79.5,54.5,47.4,47.0,873.0,891.2,901.8,9.9,13.5,13.3,10.6,8.0,8.0,12.0,16.4,15.0,99.0,95.8,98.1,62.1,66.3,67.1,0.0,0.0,0.0,999.9,999.9,999.9,18,8.9,11.7
16585596,0723,76.4,80.1,79.8,33.1,47.4,47.2,872.7,890.5,901.8,10.0,13.5,13.3,4.9,8.0,8.2,24.1,16.3,15.1,95.0,95.7,98.4,75.9,66.4,67.0,0.0,0.0,0.0,999.9,999.9,999.9,0,8.9,12.3
16585596,0723,82.3,80.0,79.6,46.5,47.3,46.9,870.5,890.5,902.0,20.3,13.3,13.3,8.2,8.0,8.1,12.0,16.4,15.3,93.9,95.7,98.3,71.1,66.4,67.2,0.0,0.0,0.0,999.9,999.9,999.9,18,8.7,12.3
16585596,0723,76.7,80.1,79.6,41.4,47.3,47.2,999.9,890.5,902.0,9.9,13.3,13.7,3.7,8.0,8.1,22.0,16.4,15.2,91.9,95.7,98.5,64.9,66.4,67.5,0.0,0.0,0.0,999.9,999.9,999.9,18,8.8,12.9
16585596,0723,86.6,80.1,79.5,46.5,47.2,47.5,999.9,891.2,906.1,9.8,13.3,13.7,10.2,7.9,8.0,14.0,16.4,15.1,89.1,95.7,98.4,71.1,66.4,67.6,0.0,0.0,0.0,999.9,999.9,999.9,0,8.9,12.9
16585596,0723,76.4,80.1,79.9,54.5,47.2,47.3,869.5,891.9,906.1,10.0,13.2,13.5,9.6,8.0,8.0,13.0,16.3,15.1,90.0,95.7,98.3,66.0,66.5,67.6,0.0,0.0,0.0,999.9,999.9,999.9,18,8.9,11.3
16585596,0723,82.3,80.1,79.7,41.2,47.3,47.7,872.4,891.9,906.0,9.9,13.2,13.5,10.2,8.0,8.0,12.0,16.3,15.0,102.9,95.7,98.4,70.0,66.5,67.5,0.02,0.0,0.0,999.9,999.9,999.9,0,8.9,11.9
16585596,0723,80.7,80.1,79.7,57.6,47.2,47.2,873.5,891.1,905.9,10.0,13.2,13.5,9.6,8.0,8.0,11.1,16.3,15.0,99.0,95.7,98.3,68.0,66.6,67.3,0.0,0.0,0.0,999.9,999.9,999.9,0,8.8,11.9
16585596,0723,82.8,80.0,79.6,57.6,47.3,47.3,871.0,891.2,905.9,9.9,13.2,13.5,6.4,8.0,8.2,11.1,16.2,14.7,87.1,95.7,98.2,66.9,66.6,67.5,0.33,0.0,0.0,999.9,999.9,999.9,0,8.8,11.9
16585596,0723,80.3,80.0,79.4,37.5,47.3,47.8,999.9,891.2,905.8,10.0,13.2,13.5,10.2,7.9,8.1,19.0,16.3,14.5,100.0,95.7,97.8,64.9,66.5,67.2,0.03,0.0,0.0,999.9,999.9,999.9,0,8.8,11.3
16585596,0723,79.3,80.1,79.6,47.1,47.2,47.8,870.0,891.9,905.8,14.9,13.2,13.1,6.2,8.0,8.3,8.9,16.3,14.8,93.0,95.7,97.8,70.0,66.5,67.0,0.02,0.0,0.0,999.9,999.9,999.9,0,8.8,10.8
16585596,0723,86.6,80.2,79.3,41.2,47.1,47.7,869.6,891.9,905.7,22.3,13.1,12.3,9.6,8.0,8.2,15.9,16.2,14.7,79.0,95.8,97.6,64.9,66.5,67.1,0.15,0.0,0.0,999.9,999.9,999.9,18,8.7,9.2
16585596,0723,86.6,80.2,79.3,45.2,47.1,47.6,871.4,891.9,901.4,9.9,13.2,12.0,5.1,8.0,8.2,11.1,16.2,14.8,95.0,95.7,96.9,62.1,66.5,67.3,0.11,0.0,0.0,999.9,999.9,999.9,0,8.8,9.8
16585596,0723,79.9,80.3,79.6,45.2,47.1,47.8,875.8,891.9,901.4,9.8,13.2,12.0,8.7,7.9,8.1,10.1,16.2,14.8,90.0,95.7,96.9,70.0,66.5,66.9,0.0,0.0,0.0,999.9,999.9,999.9,16,8.8,9.8
16585596,0723,81.1,80.2,79.4,41.4,47.0,47.8,873.5,891.9,901.6,14.9,13.0,12.0,8.2,7.9,8.2,15.9,16.2,14.7,102.9,95.6,96.9,66.9,66.5,66.8,0.14,0.0,0.0,999.9,999.9,999.9,0,8.9,9.7
16585596,0723,82.7,80.2,79.7,44.6,47.0,47.3,999.9,891.2,901.7,10.0,13.1,12.1,6.2,7.9,8.3,11.1,16.2,14.3,87.1,95.7,97.0,66.0,66.5,67.0,0.11,0.0,0.0,999.9,999.9,999.9,18,8.8,9.7
16585596,0723,62.0,80.2,79.8,57.2,47.0,47.3,866.4,891.9,901.7,9.9,13.1,12.1,9.5,7.9,8.1,13.0,16.2,14.2,88.7,95.6,96.4,75.9,66.6,66.9,0.0,0.0,0.1,999.9,999.9,999.9,0,8.9,10.3
16585596,0723,89.2,80.1,78.9,45.2,47.0,47.3,875.8,891.9,901.6,10.0,13.1,12.1,6.2,7.9,8.3,13.0,16.1,14.3,87.1,95.5,96.1,73.9,66.6,67.6,0.0,0.0,0.1,999.9,999.9,999.9,18,8.9,10.3
16585596,0723,83.0,80.2,79.2,47.2,47.1,47.1,871.4,891.2,897.5,10.0,13.1,12.1,8.2,7.9,8.3,12.0,16.1,14.4,102.9,95.5,95.8,66.9,66.6,67.6,0.0,0.0,0.1,999.9,999.9,999.9,0,8.9,9.3
16585596,0723,81.8,80.2,79.2,33.1,47.0,47.2,875.8,891.2,897.6,9.9,13.1,12.1,4.7,7.9,8.3,22.0,16.1,14.4,100.0,95.5,95.8,68.0,66.6,67.6,0.0,0.0,0.1,999.9,999.9,999.9,18,8.8,9.3
16585596,0723,76.8,80.2,79.6,44.6,47.0,46.6,872.4,891.3,897.8,9.9,13.1,12.1,5.6,7.9,8.4,12.0,16.1,14.8,79.0,95.5,95.7,61.0,66.6,67.8,0.33,0.0,0.1,999.9,999.9,999.9,0,8.8,9.3
16585596,0723,81.8,80.1,80.1,37.5,47.0,46.4,869.5,891.3,897.7,22.3,13.1,11.7,10.2,7.9,8.2,34.0,16.1,14.8,89.1,95.4,95.2,62.1,66.6,67.3,0.0,0.0,0.1,999.9,999.9,999.9,0,8.8,9.3
16585596,0723,76.7,80.2,80.1,58.4,46.9,45.8,870.0,891.3,897.6,9.9,13.1,12.1,9.8,7.9,8.2,24.3,16.1,15.6,93.9,95.4,94.7,72.0,66.5,66.9,0.0,0.0,0.1,999.9,999.9,999.9,18,8.8,9.3
16585596,0723,82.3,80.2,80.1,41.2,47.0,46.2,873.5,891.2,893.3,10.0,13.1,12.1,4.7,7.9,8.4,34.0,16.2,15.9,90.0,95.4,94.4,61.0,66.5,66.8,0.0,0.0,0.1,999.9,999.9,999.9,0,8.9,9.3
16585596,0723,89.2,80.1,80.0,39.9,47.0,46.0,871.4,890.5,893.3,9.9,13.1,11.7,6.9,7.9,8.2,13.0,16.3,16.6,102.0,95.3,94.1,66.2,66.5,67.1,0.11,0.0,0.1,999.9,999.9,999.9,0,8.9,8.7
16585596,0723,89.6,80.2,80.2,54.5,47.0,46.0,872.4,889.8,893.2,10.0,13.1,11.6,7.8,7.9,8.1,15.9,16.3,16.6,102.9,95.4,94.3,57.0,66.5,67.2,0.0,0.0,0.1,999.9,999.9,999.9,0,8.8,8.7
16585596,0723,85.2,80.2,80.5,40.5,47.0,46.7,872.4,889.9,893.2,10.0,13.1,11.6,8.1,7.9,8.0,24.3,16.3,16.8,98.1,95.4,94.6,68.0,66.4,66.7,0.0,0.0,0.1,999.9,999.9,999.9,18,8.8,8.1
16585596,0723,82.7,80.3,80.8,49.2,46.9,46.3,869.5,889.9,888.9,9.9,13.1,11.4,11.6,7.9,8.0,15.9,16.3,17.0,99.0,95.5,94.4,66.2,66.4,66.8,0.0,0.0,0.1,999.9,999.9,999.9,0,8.8,8.7
16585596,0723,85.2,80.3,81.0,45.2,47.0,46.0,870.4,889.9,888.9,9.9,13.1,11.4,9.8,7.9,8.1,14.0,16.4,16.5,87.1,95.5,94.4,57.0,66.4,66.8,0.14,0.0,0.0,999.9,999.9,999.9,18,8.7,8.1
16585596,0723,81.1,80.3,81.8,57.5,46.9,46.0,999.9,889.9,888.9,9.9,13.1,11.4,6.2,7.9,8.1,18.1,16.4,16.4,102.9,95.5,93.9,61.0,66.3,66.7,0.0,0.0,0.0,999.9,999.9,999.9,16,8.8,7.1
16585596,0723,78.3,80.3,81.8,33.1,46.9,46.2,873.0,890.6,893.1,9.7,13.1,11.4,6.5,7.9,7.9,13.0,16.4,16.3,99.0,95.5,93.9,75.9,66.3,66.6,0.0,0.0,0.0,999.9,999.9,999.9,2,8.9,7.7
16585596,0723,76.8,80.3,81.5,54.5,46.8,45.5,869.0,890.6,893.1,10.0,13.1,11.4,5.3,7.9,7.8,12.0,16.4,16.3,102.0,95.5,93.9,72.0,66.4,67.0,0.0,0.0,0.0,999.9,999.9,999.9,18,8.9,7.1
16585596,0723,77.1,80.3,81.5,57.5,46.9,46.2,866.4,890.6,893.0,22.3,13.1,11.4,8.1,7.8,7.8,14.0,16.4,15.9,98.1,95.6,94.2,66.2,66.4,66.9,0.0,0.0,0.0,999.9,999.9,999.9,18,8.9,7.7
16585596,0723,77.5,80.3,81.4,37.5,47.0,46.6,870.0,890.6,892.9,9.9,13.1,11.5,6.2,7.8,7.8,14.0,16.4,16.0,93.9,95.5,94.3,61.0,66.4,66.7,0.0,0.0,0.0,999.9,999.9,999.9,18,8.9,7.7
16585596,0723,85.4,80.4,81.4,54.5,46.9,46.4,873.5,890.6,888.5,9.9,13.1,11.5,8.7,7.8,7.9,19.0,16.3,15.7,93.9,95.6,94.4,75.9,66.4,66.6,0.0,0.0,0.0,999.9,999.9,999.9,0,9.0,7.7
16585596,0723,86.8,80.4,81.3,37.5,47.1,46.7,873.0,889.8,884.3,9.9,13.1,11.5,10.2,7.8,7.8,10.1,16.3,15.9,102.0,95.6,94.5,70.0,66.5,66.8,0.01,0.0,0.0,999.9,999.9,999.9,18,9.0,7.7
16585596,0723,78.4,80.4,81.7,55.9,46.9,46.1,873.6,889.9,884.4,9.9,13.1,11.5,6.9,7.8,7.8,13.0,16.2,15.8,102.9,95.6,94.9,57.0,66.6,66.9,0.33,0.0,0.1,999.9,999.9,999.9,0,9.1,7.7
16585596,0723,74.2,80.3,81.6,55.6,47.0,46.6,873.6,889.9,884.5,13.5,13.1,11.5,8.7,7.8,7.7,8.9,16.2,15.8,100.0,95.7,94.9,66.0,66.5,66.5,0.0,0.0,0.1,999.9,999.9,999.9,0,9.1,7.7
16585596,0723,62.0,80.3,81.3,46.5,47.1,46.6,873.5,889.2,884.5,9.9,13.1,11.6,9.9,7.9,7.7,13.0,16.1,15.8,104.0,95.7,95.0,73.9,66.5,66.4,0.0,0.0,0.1,999.9,999.9,999.9,18,9.1,7.7
16585596,0723,82.3,80.2,80.7,54.6,47.1,46.2,870.0,889.2,884.5,9.9,13.1,11.6,8.8,7.9,7.8,11.1,16.0,15.8,93.0,95.7,95.5,64.9,66.6,66.6,0.0,0.0,0.0,999.9,999.9,999.9,2,9.2,8.3
16585596,0723,76.4,80.2,80.7,58.4,47.2,46.8,872.4,889.2,880.2,13.5,13.0,11.6,6.9,7.9,7.8,19.0,16.0,15.6,104.0,95.7,95.3,73.0,66.5,66.6,0.0,0.0,0.0,999.9,999.9,999.9,18,9.1,8.4
16585596,0723,81.1,80.2,80.6,54.5,47.2,47.1,999.9,889.2,880.3,10.0,12.9,11.6,10.2,7.9,7.8,13.0,16.0,15.9,79.0,95.7,95.7,66.0,66.6,66.7,0.02,0.0,0.0,999.9,999.9,999.9,18,9.2,9.0
16585596,0723,81.1,80.2,80.4,44.1,47.3,47.6,873.1,889.9,884.6,10.0,12.8,11.1,5.6,7.9,7.8,15.0,16.0,15.8,93.0,95.6,95.7,70.0,66.5,66.8,0.0,0.0,0.0,999.9,999.9,999.9,0,9.2,9.0
16585596,0723,62.0,80.2,80.3,45.2,47.3,47.6,999.9,889.2,884.7,10.0,12.8,11.2,3.7,7.9,7.8,14.0,15.9,15.9,95.0,95.6,95.6,71.1,66.6,67.0,0.0,0.0,0.0,999.9,999.9,999.9,16,9.1,9.0
16585596,0723,82.3,80.1,79.7,45.0,47.3,47.6,875.8,889.9,888.8,10.0,12.8,11.2,9.8,7.8,7.6,11.1,16.0,16.1,91.9,95.5,95.8,64.9,66.6,67.1,0.0,0.0,0.0,999.9,999.9,999.9,0,9.1,9.0
16585596,0723,76.4,80.1,79.7,39.9,47.3,47.7,871.5,890.0,888.9,9.8,12.8,11.0,6.5,7.8,7.7,26.0,15.9,15.9,102.9,95.5,95.4,63.0,66.6,67.0,0.0,0.0,0.0,999.9,999.9,999.9,0,9.0,9.0
16585596,0723,76.7,80.0,79.5,41.4,47.4,47.5,873.5,889.2,884.6,9.9,12.8,11.0,10.6,7.9,7.7,18.1,16.0,16.4,99.0,95.6,95.9,66.0,66.5,66.9,0.0,0.0,0.0,999.9,999.9,999.9,0,9.0,8.4
16585596,0723,80.9,80.0,80.0,58.4,47.3,47.0,873.6,889.3,884.9,10.0,12.8,11.0,3.7,7.9,7.7,8.9,16.0,16.6,102.9,95.6,96.3,57.9,66.5,66.6,0.0,0.0,0.0,999.9,999.9,999.9,0,9.0,8.4
16585596,0723,80.9,80.0,79.7,48.9,47.3,47.4,869.7,889.3,884.8,39.8,12.6,11.0,6.9,7.8,7.7,19.0,16.0,16.4,102.9,95.7,96.8,71.1,66.5,66.0,0.0,0.0,0.0,999.9,999.9,999.9,0,9.0,7.8
16585596,0723,89.6,80.0,79.6,49.3,47.3,47.5,869.0,889.3,884.7,20.3,12.8,12.0,9.3,7.8,7.6,15.0,16.0,16.7,91.9,95.7,96.8,73.9,66.5,66.2,0.01,0.0,0.0,999.9,999.9,999.9,18,8.9,7.8
16585596,0723,85.4,80.1,79.9,44.6,47.4,48.0,869.6,889.3,884.5,10.0,12.6,12.3,10.1,7.8,7.8,11.1,16.0,16.4,93.9,95.7,96.5,68.0,66.5,66.4,0.15,0.0,0.0,999.9,999.9,999.9,18,8.9,7.8
16585596,0723,79.3,80.1,80.2,49.2,47.5,48.0,873.5,889.3,884.4,9.8,12.6,12.3,9.8,7.9,7.9,15.9,16.0,16.4,104.0,95.7,97.0,71.1,66.6,66.6,0.0,0.0,0.0,999.9,999.9,999.9,0,9.0,8.4
16585596,0723,80.3,80.0,80.1,49.2,47.4,48.4,873.0,889.3,884.6,9.7,12.6,11.9,10.6,7.9,7.9,14.0,16.0,15.8,90.0,95.7,97.5,66.0,66.6,66.9,0.17,0.0,0.0,999.9,999.9,999.9,0,9.0,8.4
16585596,0723,69.7,80.1,80.2,41.6,47.5,48.1,868.1,889.3,884.7,10.0,12.6,11.9,6.9,7.9,7.9,18.1,16.0,15.4,99.0,95.7,97.4,72.0,66.6,66.7,0.0,0.0,0.0,999.9,999.9,999.9,0,8.9,7.8
16585596,0723,82.3,80.1,79.8,49.3,47.4,48.1,872.4,889.3,884.5,9.9,12.6,11.9,5.3,7.9,8.0,14.0,16.0,14.9,90.0,95.7,97.7,73.9,66.6,67.1,0.02,0.0,0.0,999.9,999.9,999.9,18,8.9,7.8
16585596,0723,76.4,80.2,79.6,45.0,47.4,48.4,873.6,889.3,884.5,39.8,12.6,11.9,9.3,7.9,8.0,11.1,16.0,14.9,93.9,95.6,97.3,71.1,66.7,67.3,0.0,0.0,0.0,999.9,999.9,999.9,18,9.0,8.4
16585596,0723,80.3,80.2,79.1,52.0,47.4,48.1,869.5,889.3,884.5,9.9,12.8,12.9,8.8,7.9,8.0,13.0,16.0,14.8,102.0,95.6,97.0,66.9,66.7,67.8,0.0,0.0,0.0,999.9,999.9,999.9,0,9.1,9.0
16585596,0723,86.8,80.2,79.0,54.6,47.5,48.5,872.4,889.3,884.4,10.0,12.8,12.9,10.4,7.9,8.0,18.1,16.0,14.4,100.0,95.6,97.1,70.0,66.7,67.8,0.0,0.0,0.0,999.9,999.9,999.9,0,9.0,8.4
16585596,0723,86.6,80.2,79.1,55.6,47.5,48.7,873.0,889.3,884.5,10.0,12.6,12.9,9.8,7.9,8.0,15.9,16.0,14.5,102.0,95.6,97.1,66.0,66.8,67.9,0.0,0.0,0.0,999.9,999.9,999.9,0,9.0,8.4
16585596,0723,86.8,80.2,79.1,34.9,47.6,49.0,873.5,889.3,884.6,9.8,12.6,12.9,5.1,7.9,8.0,13.0,16.0,14.6,98.1,95.7,97.6,71.1,66.8,68.2,0.0,0.0,0.0,999.9,999.9,999.9,0,8.9,7.8
16585596,0723,79.9,80.3,79.3,34.9,47.6,48.3,999.9,889.3,880.4,39.8,12.6,12.9,3.7,7.9,8.0,12.0,16.0,14.4,102.0,95.7,97.5,57.9,66.9,68.5,0.0,0.0,0.0,999.9,999.9,999.9,0,8.8,7.3
16585596,0723,79.9,80.3,79.4,57.6,47.5,48.3,871.0,890.0,884.6,10.0,12.8,13.9,5.6,7.9,7.9,14.0,15.9,14.3,99.0,95.8,97.6,57.9,66.8,67.9,0.01,0.0,0.0,999.9,999.9,999.9,0,8.5,7.2
16585596,0723,82.8,80.3,79.5,47.2,47.5,48.4,873.0,890.0,884.7,10.0,12.8,13.9,7.8,7.9,7.9,15.9,15.9,14.4,102.9,95.8,97.5,75.9,66.8,67.5,0.0,0.0,0.0,999.9,999.9,999.9,18,8.5,6.6
16585596,0723,77.1,80.3,79.7,40.5,47.6,48.1,873.6,889.3,884.9,10.0,12.8,13.5,8.2,7.9,7.9,15.9,15.9,14.5,99.0,95.8,97.6,66.0,66.9,67.8,0.0,0.0,0.0,999.9,999.9,999.9,16,8.6,6.6
16585596,0723,76.4,80.3,79.7,46.5,47.6,48.2,872.7,889.3,885.1,9.9,12.7,13.5,8.1,7.9,7.9,15.0,15.9,14.5,98.1,95.9,97.8,71.1,66.8,67.9,0.01,0.0,0.0,999.9,999.9,999.9,18,8.7,6.5
16585596,0723,69.7,80.3,79.4,57.6,47.6,47.9,871.5,889.3,885.0,10.0,12.7,13.5,6.2,7.9,7.9,22.0,15.9,14.4,90.0,95.9,97.9,62.1,66.9,67.8,0.0,0.0,0.0,999.9,999.9,999.9,0,8.8,7.1
16585596,0723,62.0,80.2,78.8,54.5,47.7,48.6,872.4,889.3,885.0,10.0,12.7,13.5,8.2,7.9,7.8,13.0,16.0,14.8,93.0,95.9,97.5,70.0,66.8,67.5,0.0,0.0,0.0,999.9,999.9,999.9,0,8.8,6.5
16585596,0723,88.1,80.1,78.3,40.5,47.6,48.6,869.5,889.3,884.9,14.9,12.7,13.5,5.3,7.9,7.8,11.1,15.9,14.8,102.0,95.9,97.2,73.0,66.9,68.0,0.11,0.0,0.0,999.9,999.9,999.9,0,8.7,6.5
16585596,0723,80.9,80.1,78.7,33.1,47.6,48.0,999.9,889.3,884.8,10.0,12.7,13.6,9.3,7.9,7.7,12.0,15.9,14.9,93.0,95.9,97.3,59.0,66.9,68.2,0.15,0.0,0.0,999.9,999.9,999.9,18,8.6,6.5
16585596,0723,74.2,80.1,79.3,57.2,47.4,47.6,873.0,890.1,889.0,10.0,12.7,13.6,6.6,7.9,7.7,15.9,15.8,14.8,98.1,95.9,96.9,66.2,66.9,67.7,0.0,0.0,0.0,999.9,999.9,999.9,18,8.6,6.5
16585596,0723,88.8,80.1,79.1,52.0,47.6,47.7,869.0,890.1,889.1,9.9,12.7,13.6,8.2,7.9,7.6,19.0,15.7,15.0,95.0,95.9,97.1,73.9,66.9,67.7,0.14,0.0,0.0,999.9,999.9,999.9,0,8.6,7.1
16585596,0723,78.4,80.1,79.5,55.6,47.6,47.5,871.5,890.0,889.0,22.2,12.5,13.4,9.5,7.9,7.7,19.0,15.8,15.0,93.0,95.9,96.8,71.1,66.9,67.8,0.0,0.0,0.0,999.9,999.9,999.9,18,8.5,6.5
16585596,0723,78.4,80.1,79.4,57.2,47.6,47.5,872.7,890.0,884.7,10.0,12.6,13.8,6.2,7.9,7.6,19.0,15.8,15.2,89.1,95.9,97.2,66.9,67.0,67.9,0.0,0.0,0.0,999.9,999.9,999.9,48,8.6,6.5
16585596,0723,74.2,80.1,79.3,36.2,47.7,48.0,866.4,890.0,884.7,22.3,12.5,13.8,10.4,7.9,7.6,15.9,15.8,15.3,95.0,95.8,97.1,73.9,66.9,67.8,0.0,0.0,0.0,999.9,999.9,999.9,2,8.9,8.1
16585596,0723,89.2,80.0,79.7,41.4,47.6,47.6,873.5,890.0,880.3,10.0,12.6,14.3,10.2,7.9,7.9,15.9,15.8,15.4,102.0,95.8,97.1,61.0,67.0,67.9,0.14,0.0,0.0,999.9,999.9,999.9,0,8.9,7.6
16585596,0723,77.1,80.0,79.9,50.9,47.5,47.5,872.7,890.0,880.2,10.0,12.6,14.3,3.7,7.9,7.9,19.0,15.9,15.6,93.9,95.9,97.5,61.0,66.9,67.8,0.11,0.0,0.0,999.9,999.9,999.9,18,8.8,7.6
16585596,0723,78.4,80.0,80.0,40.5,47.5,47.9,869.5,890.0,880.2,30.7,12.6,14.3,8.7,7.9,7.8,15.0,15.8,15.3,102.9,95.8,97.2,62.1,66.8,67.7,0.15,0.0,0.0,999.9,999.9,999.9,2,8.9,8.2
16585596,0723,80.7,80.0,80.0,52.0,47.5,47.9,999.9,890.0,880.1,10.0,12.7,15.0,6.3,7.9,7.7,18.1,15.8,15.2,93.9,95.9,97.3,62.1,66.8,67.6,0.01,0.0,0.0,999.9,999.9,999.9,0,8.8,8.3
16585596,0723,88.8,80.0,80.0,47.2,47.5,47.7,873.5,890.8,884.3,9.9,12.7,15.0,6.6,7.8,7.8,15.0,15.8,15.5,91.9,95.9,97.0,71.1,66.8,67.7,0.15,0.0,0.0,999.9,999.9,999.9,18,8.8,8.3
16585596,0723,69.7,80.1,80.3,40.5,47.5,47.6,999.9,890.1,884.4,9.9,12.7,14.0,10.2,7.8,7.8,18.1,15.8,15.4,102.9,95.9,96.6,62.2,66.9,67.7,0.0,0.0,0.0,999.9,999.9,999.9,18,8.9,8.9
16585596,0723,81.1,80.0,79.6,45.0,47.5,47.3,869.5,890.8,888.8,10.0,12.7,13.6,7.8,7.9,7.8,19.0,15.9,15.5,90.0,95.9,97.0,71.1,66.9,67.3,0.0,0.0,0.0,999.9,999.9,999.9,0,8.8,8.9
16585596,0723,81.8,80.1,79.5,50.9,47.5,47.3,999.9,890.7,888.8,10.0,12.7,13.6,10.1,7.9,7.8,15.0,15.9,15.8,102.0,95.9,96.9,64.9,66.8,67.5,0.15,0.0,0.0,999.9,999.9,999.9,0,8.7,8.3
16585596,0723,77.1,80.1,79.6,48.9,47.5,47.4,869.5,891.5,893.0,10.0,12.7,13.6,5.3,7.9,7.8,31.1,15.9,15.7,99.0,95.9,96.8,61.0,66.8,67.2,0.33,0.0,0.0,999.9,999.9,999.9,0,8.7,8.3
16585596,0723,89.6,80.1,79.5,46.5,47.6,47.4,870.4,891.5,892.9,10.0,12.7,13.6,4.9,7.9,7.6,22.0,15.9,16.3,102.9,96.0,97.1,57.9,66.8,67.1,0.03,0.0,0.0,999.9,999.9,999.9,0,8.6,8.3
16585596,0723,86.6,80.2,80.1,45.2,47.6,47.5,873.0,890.7,893.0,10.0,12.7,13.6,6.6,7.9,7.5,14.0,16.0,16.4,102.9,96.0,97.2,71.1,66.8,66.6,0.0,0.0,0.1,999.9,999.9,999.9,0,8.5,8.3
16585596,0723,85.2,80.2,80.3,41.6,47.7,47.4,873.0,890.8,893.0,10.0,12.7,13.6,5.3,7.9,7.6,10.1,16.0,16.4,90.0,96.1,97.7,68.0,66.8,66.5,0.0,0.0,0.0,999.9,999.9,999.9,18,8.4,7.7
16585596,0723,82.3,80.2,80.6,37.5,47.6,47.3,871.4,890.8,893.0,22.3,12.7,12.6,6.9,7.8,7.4,11.1,16.0,16.4,93.0,96.0,97.5,66.2,66.8,66.4,0.0,0.0,0.0,999.9,999.9,999.9,0,8.5,7.7
16585596,0723,81.1,80.2,80.6,57.2,47.5,46.8,873.1,890.8,893.0,30.7,12.7,13.1,5.3,7.8,7.4,20.0,16.0,16.3,93.0,96.0,97.2,64.9,66.8,66.4,0.0,0.0,0.0,999.9,999.9,999.9,18,8.5,7.7
16585596,0723,80.3,80.2,80.4,54.6,47.5,46.9,872.4,890.1,893.0,9.7,12.9,13.7,3.7,7.8,7.2,24.3,15.9,16.4,93.0,96.0,97.0,73.0,66.8,66.2,0.0,0.0,0.0,999.9,999.9,999.9,48,8.6,8.3
16585596,0723,85.4,80.2,80.2,47.2,47.7,46.8,872.4,890.1,893.0,10.0,12.9,13.7,11.6,7.8,7.0,19.0,16.0,16.7,88.7,96.1,96.7,70.0,66.8,66.5,0.17,0.0,0.0,999.9,999.9,999.9,18,8.8,9.9
16585596,0723,86.6,80.2,80.2,33.1,47.6,47.3,869.0,890.1,893.0,41.0,12.7,13.7,8.8,7.8,7.2,15.0,16.0,16.9,102.0,96.1,96.4,57.9,66.8,66.4,0.11,0.0,0.1,999.9,999.9,999.9,0,8.9,10.5
16585596,0723,88.1,80.2,80.4,46.5,47.6,47.2,869.5,889.4,888.6,10.0,12.9,13.8,8.2,7.8,7.4,14.0,16.0,17.0,88.7,96.1,96.4,68.0,66.8,66.4,0.11,0.0,0.1,999.9,999.9,999.9,0,8.9,10.5
16585596,0723,76.8,80.3,80.7,33.1,47.7,46.8,871.4,889.4,888.6,10.0,12.9,13.8,6.3,7.8,7.5,18.1,16.0,17.0,95.0,96.2,96.0,73.9,66.8,66.8,0.11,0.0,0.1,999.9,999.9,999.9,0,8.9,10.5
16585596,0723,76.7,80.2,80.5,49.2,47.6,46.4,999.9,889.3,888.5,10.0,12.9,13.8,6.2,7.8,7.4,18.1,16.0,17.1,95.0,96.2,95.8,75.9,66.8,66.7,0.0,0.0,0.1,999.9,999.9,999.9,0,8.9,9.9
16585596,0723,76.4,80.2,80.5,33.1,47.5,46.6,872.9,890.1,892.7,10.0,12.9,13.8,4.7,7.8,7.4,22.0,16.1,17.1,102.0,96.2,95.6,64.9,66.8,67.0,0.0,0.0,0.1,999.9,999.9,999.9,0,8.8,9.3
16585596,0723,87.8,80.2,80.5,55.6,47.5,46.2,872.4,890.1,892.7,14.9,12.9,13.8,4.9,7.7,7.2,19.0,16.1,17.4,95.0,96.3,95.8,72.0,66.8,66.8,0.0,0.0,0.1,999.9,999.9,999.9,18,8.7,8.7
16585596,0723,86.8,80.2,81.1,50.9,47.6,46.1,868.1,890.1,892.8,9.9,12.9,13.9,10.1,7.7,7.2,18.1,16.1,17.3,93.9,96.3,95.9,66.0,66.9,67.1,0.0,0.0,0.1,999.9,999.9,999.9,18,8.7,9.3
16585596,0723,82.8,80.2,81.9,50.9,47.6,46.0,999.9,890.1,892.6,10.0,12.9,13.9,5.3,7.7,7.3,10.1,16.0,17.4,102.9,96.4,96.0,72.0,66.9,67.0,0.0,0.0,0.1,999.9,999.9,999.9,18,8.7,9.9
16585596,0723,81.1,80.2,81.7,41.6,47.6,46.4,870.0,890.8,897.0,9.9,12.9,13.8,5.6,7.7,7.3,22.0,16.0,17.4,93.9,96.5,96.0,71.1,67.0,67.0,0.0,0.0,0.1,999.9,999.9,999.9,0,8.8,10.5
16585596,0723,82.3,80.1,81.7,55.6,47.6,46.6,875.8,890.8,892.6,10.0,12.9,13.8,6.3,7.7,7.1,15.9,16.1,17.7,79.0,96.5,96.0,62.1,67.0,67.4,0.03,0.0,0.1,999.9,999.9,999.9,0,8.7,9.9
16585596,0723,77.1,80.1,82.0,55.6,47.6,46.6,869.5,890.8,892.7,20.3,12.9,13.8,10.2,7.7,7.1,13.0,16.1,17.7,104.0,96.3,95.4,61.0,67.0,67.2,0.01,0.0,0.1,999.9,999.9,999.9,0,8.7,9.3
16585596,0723,76.7,80.1,81.6,41.6,47.6,46.7,999.9,890.8,892.8,10.0,12.9,14.1,7.8,7.7,7.2,14.0,16.0,17.5,102.9,96.3,95.7,73.9,66.9,66.8,0.0,0.0,0.1,999.9,999.9,999.9,18,8.6,9.3
16585596,0723,76.4,80.0,81.5,41.4,47.6,46.2,869.0,891.5,897.0,10.0,12.9,13.7,8.8,7.7,7.1,13.0,16.0,17.4,93.9,96.4,96.0,70.0,66.9,66.9,0.0,0.0,0.1,999.9,999.9,999.9,18,8.7,9.3
16585596,0723,88.8,80.0,81.5,44.1,47.6,45.7,869.7,891.5,896.9,9.7,12.9,13.7,11.6,7.8,7.2,13.0,16.0,17.2,93.9,96.4,96.2,62.1,67.0,67.0,0.11,0.0,0.1,999.9,999.9,999.9,0,8.8,8.3
16585596,0723,81.8,80.1,82.0,33.1,47.6,46.0,873.0,891.5,897.0,10.0,12.9,13.3,9.9,7.8,7.3,19.0,16.0,17.1,90.0,96.4,96.1,71.1,67.0,66.6,0.0,0.0,0.1,999.9,999.9,999.9,18,8.8,8.3
16585596,0723,80.7,80.2,81.7,45.2,47.5,45.7,875.8,891.5,897.0,20.3,12.9,13.3,5.1,7.8,7.3,13.0,16.0,17.2,88.7,96.4,95.7,66.2,67.0,67.0,0.02,0.0,0.1,999.9,999.9,999.9,0,8.8,8.9
16585596,0723,88.8,80.2,81.8,44.1,47.5,45.5,869.0,891.5,897.1,41.0,13.0,13.6,5.6,7.8,7.3,15.9,16.0,17.0,102.9,96.3,95.6,62.1,67.0,67.1,0.0,0.0,0.0,999.9,999.9,999.9,0,8.8,8.3
16585596,0723,88.1,80.2,82.2,41.6,47.5,45.6,873.5,891.5,897.1,10.0,13.1,14.0,6.6,7.8,7.2,17.1,16.0,17.0,99.0,96.3,95.6,72.0,66.9,67.1,0.0,0.0,0.0,999.9,999.9,999.9,0,8.8,8.2
16585596,0723,76.4,80.3,82.4,50.9,47.4,45.3,873.0,890.8,892.9,9.9,13.1,14.0,6.4,7.8,7.2,10.1,16.0,17.0,102.9,96.4,95.7,62.1,67.0,67.5,0.02,0.0,0.0,999.9,999.9,999.9,0,8.8,8.2
16585596,0723,82.8,80.2,82.0,50.2,47.4,45.4,869.5,890.8,892.9,10.0,13.1,14.0,8.1,7.8,7.2,17.1,15.9,16.8,99.0,96.4,96.1,61.0,66.9,67.2,0.0,0.0,0.0,999.9,999.9,999.9,0,8.8,7.6
16585596,0723,69.7,80.2,82.5,45.2,47.4,45.7,873.6,890.8,888.5,10.0,13.1,14.0,3.7,7.7,7.1,19.0,15.9,16.8,102.9,96.4,96.0,62.2,66.9,67.1,0.0,0.0,0.0,999.9,999.9,999.9,0,8.8,7.0
16585596,0723,76.4,80.2,82.1,46.5,47.4,45.7,871.5,890.8,888.6,10.0,13.1,14.0,6.6,7.7,7.0,20.0,15.9,16.8,90.0,96.4,96.4,59.0,66.9,66.8,0.0,0.0,0.0,999.9,999.9,999.9,0,8.7,7.0
16585596,0723,81.8,80.2,81.9,41.2,47.4,45.6,875.8,890.8,884.4,22.3,13.1,14.0,8.8,7.7,6.9,17.1,16.0,16.9,93.9,96.4,96.0,71.1,66.9,66.6,0.0,0.0,0.0,999.9,999.9,999.9,0,8.7,7.0
16585596,0723,76.7,80.2,82.0,36.2,47.3,45.3,870.5,890.2,884.6,22.3,13.2,14.4,5.3,7.7,7.0,15.0,16.0,16.5,100.0,96.3,95.8,54.0,67.0,67.0,0.0,0.0,0.0,999.9,999.9,999.9,0,8.7,7.0
16585596,0723,79.9,80.1,81.6,57.6,47.3,45.0,999.9,890.2,884.6,9.9,13.3,14.8,9.5,7.7,7.0,26.0,16.0,16.2,102.0,96.3,95.7,64.9,67.0,66.8,0.0,0.0,0.0,999.9,999.9,999.9,0,8.6,7.0
16585596,0723,89.2,80.2,81.4,54.1,47.4,45.4,871.5,890.9,888.8,9.9,13.3,14.8,5.3,7.7,7.1,18.1,16.0,16.6,93.0,96.3,95.7,73.0,67.0,66.6,0.15,0.0,0.0,999.9,999.9,999.9,0,8.5,7.0
16585596,0723,89.6,80.3,81.5,57.5,47.4,45.8,999.9,890.9,888.8,9.9,13.3,14.8,4.7,7.7,7.1,15.9,16.0,16.9,95.0,96.3,95.8,64.9,67.0,66.8,0.0,0.0,0.0,999.9,999.9,999.9,0,8.5,6.4
16585596,0723,78.4,80.4,81.8,58.4,47.5,46.5,999.9,890.9,893.0,9.7,13.3,14.4,9.8,7.7,7.0,15.9,16.0,17.1,104.0,96.2,95.9,71.1,67.0,66.7,0.17,0.0,0.0,999.9,999.9,999.9,0,8.5,6.4
16585596,0723,80.3,80.4,81.7,41.4,47.5,46.5,871.5,891.6,897.3,9.8,13.3,13.7,6.3,7.7,7.2,13.0,16.0,16.9,99.0,96.3,96.2,71.1,67.0,66.9,0.11,0.0,0.0,999.9,999.9,999.9,2,8.5,5.8
16585596,0723,82.7,80.4,81.7,46.5,47.5,46.1,873.1,891.6,897.2,10.0,13.3,13.7,3.7,7.6,7.3,18.1,16.0,16.6,102.9,96.3,96.4,71.1,67.0,66.9,0.0,0.0,0.0,999.9,999.9,999.9,0,8.4,4.3
16585596,0723,77.1,80.4,81.6,55.9,47.4,46.1,868.1,891.6,897.3,39.8,13.3,13.7,5.1,7.6,7.0,26.0,16.1,16.5,95.0,96.3,96.9,72.0,67.0,66.9,0.02,0.0,0.0,999.9,999.9,999.9,0,8.4,3.7
16585596,0723,82.7,80.4,81.3,55.9,47.4,46.8,871.0,891.5,897.2,10.0,13.4,13.6,5.3,7.6,6.9,14.0,16.1,16.9,89.1,96.3,96.7,54.0,67.1,67.4,0.33,0.0,0.0,999.9,999.9,999.9,0,8.3,3.7
16585596,0723,78.3,80.4,81.1,54.1,47.4,47.1,871.0,891.5,897.3,10.0,13.4,13.6,9.3,7.6,6.8,15.9,16.1,16.9,89.1,96.2,96.7,61.0,67.0,66.9,0.0,0.0,0.0,999.9,999.9,999.9,0,8.3,3.7
16585596,0723,76.8,80.4,81.1,39.9,47.5,47.8,873.5,891.5,897.3,14.9,13.4,13.6,4.7,7.6,6.9,15.9,16.1,16.8,95.0,96.2,96.5,54.0,66.9,66.5,0.02,0.0,0.0,999.9,999.9,999.9,0,8.3,3.7
16585596,0723,80.3,80.3,81.1,50.9,47.5,47.5,873.1,891.5,893.1,10.0,13.5,13.8,8.7,7.6,6.8,11.1,16.1,16.7,102.9,96.2,96.5,73.9,66.8,65.8,0.0,0.0,0.0,999.9,999.9,999.9,0,8.3,3.7
16585596,0723,89.2,80.3,81.3,55.6,47.4,48.1,866.4,891.6,893.1,10.0,13.5,13.8,8.8,7.6,7.0,13.0,16.1,16.4,89.1,96.2,96.5,71.1,66.9,66.1,0.0,0.0,0.0,999.9,999.9,999.9,18,8.3,3.7
16585596,0723,80.7,80.4,81.3,47.2,47.4,48.1,869.5,891.5,892.9,10.0,13.4,13.6,6.2,7.6,7.1,11.1,16.0,16.2,102.0,96.2,96.3,66.2,66.9,66.0,0.02,0.0,0.0,999.9,999.9,999.9,0,8.2,3.7
16585596,0723,62.0,80.4,81.1,41.4,47.4,48.0,869.5,891.5,892.9,10.0,13.4,13.7,4.9,7.6,7.0,10.1,16.0,15.9,104.0,96.3,96.6,73.9,67.0,66.0,0.0,0.0,0.0,999.9,999.9,999.9,0,8.1,3.1
16585596,0723,76.8,80.3,80.4,44.6,47.4,47.7,999.9,891.5,888.6,9.9,13.4,13.7,9.3,7.6,7.0,18.1,16.0,15.9,91.9,96.3,96.6,71.1,67.1,66.1,0.0,0.0,0.0,999.9,999.9,999.9,0,8.0,2.5
16585596,0723,69.7,80.3,80.3,48.9,47.3,47.8,869.0,892.2,892.9,9.9,13.3,13.7,10.6,7.6,7.1,20.0,16.0,15.8,95.0,96.4,96.6,62.1,67.1,66.1,0.03,0.0,0.0,999.9,999.9,999.9,0,8.0,2.5
16585596,0723,85.2,80.3,79.9,45.2,47.3,47.6,869.5,892.2,892.7,13.5,13.2,13.7,5.3,7.6,7.2,26.0,16.1,15.9,102.0,96.4,97.1,70.0,67.0,66.1,0.02,0.0,0.0,999.9,999.9,999.9,0,8.0,2.5
16585596,0723,76.8,80.3,80.1,55.9,47.3,47.2,869.5,892.2,892.7,9.8,13.2,13.4,7.8,7.6,7.1,19.0,16.0,16.4,90.0,96.4,97.0,73.9,67.1,66.4,0.02,0.0,0.0,999.9,999.9,999.9,0,7.9,2.5
16585596,0723,81.8,80.3,80.1,47.2,47.3,47.7,870.5,892.2,888.3,10.0,13.2,13.4,9.5,7.6,7.1,15.0,16.0,16.6,90.0,96.4,96.6,61.0,67.1,66.4,0.15,0.0,0.0,999.9,999.9,999.9,0,7.9,1.9
16585596,0723,79.9,80.3,80.3,50.9,47.3,47.9,872.9,892.2,888.4,10.0,13.2,13.4,6.2,7.6,7.1,11.1,16.1,16.6,93.0,96.3,96.5,72.0,67.0,66.1,0.0,0.0,0.0,999.9,999.9,999.9,0,7.9,1.3
16585596,0723,78.4,80.4,80.0,49.3,47.3,48.1,872.4,892.2,888.5,9.9,13.0,13.4,10.2,7.6,6.9,15.9,16.1,16.6,91.9,96.3,96.4,75.9,67.1,66.4,0.33,0.0,0.0,999.9,999.9,999.9,18,7.9,1.3
16585596,0723,76.4,80.4,79.9,44.1,47.3,48.7,873.5,891.5,888.5,9.9,13.0,13.4,5.1,7.6,6.9,15.0,16.1,16.5,95.0,96.3,96.5,64.9,67.1,66.6,0.0,0.0,0.0,999.9,999.9,999.9,18,7.9,1.3
16585596,0723,77.1,80.3,79.8,46.5,47.3,48.6,868.1,891.5,888.4,9.7,13.0,13.1,10.1,7.6,6.9,13.0,16.1,16.5,93.9,96.3,96.7,61.0,67.1,66.6,0.0,0.0,0.0,999.9,999.9,999.9,0,7.7,1.9
16585596,0723,81.1,80.3,79.4,57.2,47.3,48.7,872.4,891.5,888.4,22.3,13.0,12.0,6.4,7.7,7.1,15.0,16.1,16.4,95.0,96.3,96.4,71.1,67.1,66.5,0.0,0.0,0.0,999.9,999.9,999.9,18,7.7,1.9
16585596,0723,80.3,80.2,79.1,34.9,47.3,49.2,873.6,891.6,888.3,41.0,13.1,12.4,6.6,7.7,7.1,8.9,16.1,16.4,99.0,96.3,96.3,75.0,67.0,66.5,0.0,0.0,0.0,999.9,999.9,999.9,0,7.8,2.5
16585596,0723,76.8,80.3,79.3,34.9,47.2,48.7,870.5,891.6,888.3,30.7,13.2,13.5,6.4,7.7,7.1,19.0,16.0,16.3,102.0,96.3,96.2,66.0,67.1,66.9,0.01,0.0,0.0,999.9,999.9,999.9,0,7.7,2.5
16585596,0723,78.3,80.2,79.1,37.5,47.1,48.2,872.7,891.6,888.4,10.0,13.3,14.2,5.1,7.6,7.0,14.0,16.0,16.4,93.9,96.4,96.3,71.1,67.1,67.1,0.11,0.0,0.0,999.9,999.9,999.9,0,7.6,2.5
16585596,0723,86.8,80.2,79.4,54.6,47.1,47.9,870.4,891.6,888.3,39.8,13.2,14.2,4.7,7.6,7.1,26.0,16.0,16.2,102.9,96.4,96.0,61.0,67.2,67.4,0.0,0.0,0.0,999.9,999.9,999.9,16,7.6,2.5
16585596,0723,78.4,80.2,79.7,49.2,47.1,48.2,999.9,891.6,888.3,10.0,13.3,15.2,6.5,7.6,7.0,13.0,16.0,16.4,91.9,96.4,96.4,71.1,67.2,67.4,0.0,0.0,0.0,999.9,999.9,999.9,18,7.7,3.0
16585596,0723,76.7,80.3,79.6,54.1,47.1,48.5,999.9,892.3,892.4,39.8,13.3,14.8,6.9,7.6,6.9,24.3,16.0,16.3,104.0,96.3,96.3,62.1,67.2,67.4,0.03,0.0,0.0,999.9,999.9,999.9,18,7.7,3.6
16585596,0723,85.2,80.3,79.6,44.6,47.1,49.0,873.5,892.3,896.8,10.0,13.5,15.3,9.6,7.6,7.0,14.0,16.1,16.6,95.0,96.4,96.5,70.0,67.2,67.7,0.02,0.0,0.1,999.9,999.9,999.9,0,7.8,4.2
16585596,0723,80.9,80.3,79.8,54.1,47.1,48.6,999.9,892.3,892.5,10.0,13.5,15.3,7.8,7.6,7.0,24.3,16.1,16.2,95.0,96.4,96.2,72.0,67.1,67.9,0.33,0.0,0.1,999.9,999.9,999.9,0,7.8,4.2
16585596,0723,82.8,80.3,79.5,52.0,47.1,48.6,869.5,893.0,896.8,10.0,13.5,15.3,6.2,7.6,7.1,8.9,16.1,16.4,98.1,96.4,96.3,71.1,67.2,67.9,0.33,0.0,0.1,999.9,999.9,999.9,0,7.7,4.2
16585596,0723,76.4,80.4,79.3,45.2,47.2,48.4,875.8,893.0,892.5,10.0,13.4,15.3,10.4,7.6,7.1,15.9,16.0,16.2,93.9,96.4,96.4,59.0,67.2,68.1,0.0,0.0,0.1,999.9,999.9,999.9,0,7.6,4.2
16585596,0723,82.8,80.4,79.2,40.5,47.1,48.0,872.7,893.0,888.3,10.0,13.4,15.4,6.3,7.6,7.1,18.1,16.0,16.2,93.0,96.4,96.1,66.0,67.1,67.7,0.02,0.0,0.1,999.9,999.9,999.9,18,7.6,4.2
16585596,0723,83.0,80.3,79.3,44.6,47.1,48.0,869.6,893.0,888.4,10.0,13.4,15.4,9.8,7.6,7.1,13.0,15.9,16.3,99.0,96.4,95.9,75.9,67.1,67.5,0.02,0.0,0.1,999.9,999.9,999.9,0,7.6,4.7
16585596,0723,82.8,80.3,79.3,33.1,47.1,47.9,870.0,892.3,888.3,10.0,13.4,15.4,6.4,7.6,7.3,24.3,15.9,16.2,100.0,96.4,95.7,64.9,67.2,67.6,0.0,0.0,0.1,999.9,999.9,999.9,0,7.6,4.7
16585596,0723,83.0,80.3,79.5,54.1,47.0,47.1,873.6,892.3,888.3,22.2,13.4,14.4,6.9,7.6,7.4,18.1,16.0,16.1,91.9,96.5,95.9,73.0,67.2,67.4,0.0,0.0,0.1,999.9,999.9,999.9,0,7.6,4.7
16585596,0723,88.8,80.3,79.5,41.2,47.1,47.1,870.0,892.3,888.4,10.0,13.5,14.8,10.2,7.6,7.4,14.0,16.0,16.2,102.9,96.4,96.0,63.0,67.2,68.0,0.11,0.0,0.0,999.9,999.9,999.9,0,7.6,4.7
16585596,0723,85.2,80.4,79.8,47.2,47.1,46.6,869.0,892.3,888.4,10.0,13.5,14.8,5.3,7.6,7.5,15.0,16.0,16.2,99.0,96.5,96.4,62.1,67.2,68.1,0.0,0.0,0.1,999.9,999.9,999.9,18,7.6,4.7
16585596,0723,85.2,80.4,80.1,46.5,47.2,46.9,875.8,892.3,888.2,10.0,13.5,14.6,10.1,7.6,7.5,14.0,15.9,16.1,91.9,96.5,96.6,70.0,67.2,68.4,0.0,0.0,0.1,999.9,999.9,999.9,48,7.6,5.3
16585596,0723,69.7,80.4,80.3,47.1,47.2,46.7,873.6,891.6,888.3,10.0,13.5,14.6,9.8,7.6,7.5,14.0,15.9,16.2,99.0,96.5,96.2,66.0,67.2,68.2,0.0,0.0,0.1,999.9,999.9,999.9,0,7.6,6.9
16585596,0723,80.9,80.4,79.6,45.2,47.2,46.5,871.0,891.6,888.6,10.0,13.5,14.6,9.3,7.6,7.6,11.1,15.9,16.3,102.0,96.6,96.5,71.1,67.2,68.1,0.0,0.0,0.1,999.9,999.9,999.9,0,7.6,6.3
16585596,0723,80.3,80.4,79.6,44.6,47.1,46.4,871.0,891.6,888.6,9.9,13.5,14.6,10.4,7.6,7.7,26.0,15.9,16.3,93.9,96.6,96.5,72.0,67.2,68.2,0.0,0.0,0.1,999.9,999.9,999.9,0,7.6,6.3
16585596,0723,82.7,80.3,80.2,44.1,47.1,46.5,873.0,891.6,888.7,39.8,13.5,14.6,9.9,7.6,7.8,19.0,15.9,16.8,90.0,96.5,96.2,63.0,67.2,68.2,0.0,0.0,0.1,999.9,999.9,999.9,2,7.6,6.3
16585596,0723,88.1,80.3,80.4,54.1,47.1,46.5,872.9,891.6,884.4,20.3,13.6,15.6,6.4,7.6,7.9,22.0,15.9,16.8,91.9,96.5,96.1,73.0,67.2,67.9,0.15,0.0,0.1,999.9,999.9,999.9,18,7.5,6.4
16585596,0723,89.6,80.4,81.1,41.2,47.2,46.7,873.1,890.9,884.6,22.2,13.6,16.0,5.6,7.6,7.7,10.1,16.0,16.9,102.9,96.4,96.0,66.0,67.2,68.3,0.0,0.0,0.1,999.9,999.9,999.9,0,7.5,7.0
16585596,0723,82.7,80.4,81.2,57.5,47.1,46.5,870.5,890.9,884.7,9.7,13.5,16.2,6.9,7.6,7.7,18.1,16.0,16.4,90.0,96.5,96.1,73.9,67.2,68.1,0.0,0.0,0.1,999.9,999.9,999.9,0,7.2,7.0
16585596,0723,76.4,80.4,81.4,52.0,47.2,46.6,872.7,890.1,884.7,9.9,13.4,16.2,7.8,7.6,7.7,18.1,16.0,16.3,102.9,96.4,96.1,62.1,67.2,68.1,0.0,0.0,0.1,999.9,999.9,999.9,0,7.2,7.0
16585596,0723,80.7,80.4,81.2,54.6,47.3,46.7,871.5,890.1,884.8,10.0,13.4,16.2,3.7,7.6,7.6,14.0,16.0,16.4,99.0,96.5,96.5,66.2,67.2,68.2,0.14,0.0,0.0,999.9,999.9,999.9,48,7.2,7.0
16585596,0723,78.4,80.3,81.2,48.9,47.3,46.9,873.0,890.2,884.7,10.0,13.4,16.2,5.3,7.6,7.6,14.0,16.0,16.5,104.0,96.5,96.7,66.9,67.1,68.0,0.0,0.0,0.1,999.9,999.9,999.9,0,7.4,8.6
16585596,0723,87.8,80.4,81.2,54.6,47.3,46.8,999.9,890.2,884.8,9.8,13.4,16.2,9.8,7.6,7.4,19.0,16.0,16.5,90.0,96.5,97.1,66.9,67.2,67.7,0.0,0.0,0.0,999.9,999.9,999.9,0,7.4,8.0
16585596,0723,80.7,80.4,81.6,54.6,47.3,47.2,999.9,890.2,889.0,10.0,13.4,16.2,9.9,7.6,7.6,20.0,16.0,16.6,93.0,96.5,96.9,71.1,67.2,67.8,0.0,0.0,0.0,999.9,999.9,999.9,0,7.4,7.4
16585596,0723,62.0,80.4,81.8,55.6,47.3,47.5,873.0,890.9,893.4,10.0,13.4,16.2,6.2,7.6,7.5,10.1,16.1,16.8,93.0,96.4,96.9,71.1,67.2,68.1,0.0,0.0,0.0,999.9,999.9,999.9,18,7.4,7.4
16585596,0723,78.4,80.3,81.1,36.2,47.4,47.4,999.9,890.2,893.4,9.8,13.4,15.8,8.8,7.6,7.5,11.1,16.1,16.7,95.0,96.4,96.8,66.0,67.2,68.1,0.0,0.0,0.0,999.9,999.9,999.9,0,7.2,7.4
16585596,0723,81.1,80.2,81.0,49.3,47.3,47.5,869.0,890.9,897.6,20.3,13.4,14.8,6.9,7.6,7.6,15.9,16.0,16.8,87.1,96.4,96.7,70.0,67.2,67.8,0.15,0.0,0.0,999.9,999.9,999.9,0,7.2,7.4
16585596,0723,82.3,80.3,81.2,34.9,47.3,47.9,999.9,890.9,897.5,9.8,13.4,14.4,9.5,7.6,7.6,19.0,16.1,16.6,102.0,96.3,96.2,66.9,67.3,67.9,0.02,0.0,0.0,999.9,999.9,999.9,18,7.1,7.4
16585596,0723,80.7,80.4,81.3,44.1,47.2,47.9,869.5,891.6,901.8,10.0,13.4,14.4,9.8,7.6,7.8,15.9,16.1,16.8,102.9,96.3,96.5,68.0,67.2,67.8,0.0,0.0,0.0,999.9,999.9,999.9,0,7.2,8.0
16585596,0723,83.0,80.4,81.1,37.5,47.1,47.5,999.9,891.6,901.8,9.9,13.4,13.4,11.6,7.6,7.9,34.0,16.2,16.5,100.0,96.3,96.5,71.1,67.2,68.0,0.0,0.0,0.0,999.9,999.9,999.9,18,7.2,7.5
16585596,0723,79.9,80.4,81.3,39.9,47.1,47.1,999.9,891.6,901.8,10.0,13.4,13.4,10.2,7.7,8.1,24.3,16.3,17.2,104.0,96.3,96.7,71.1,67.2,68.0,0.0,0.0,0.0,999.9,999.9,999.9,18,7.2,7.5
16585596,0723,89.6,80.4,81.4,57.5,47.1,46.6,870.0,892.3,901.8,9.9,13.3,12.5,6.9,7.7,8.2,12.0,16.3,17.2,93.0,96.3,96.7,62.2,67.3,68.3,0.0,0.0,0.0,999.9,999.9,999.9,0,7.2,7.5
16585596,0723,80.3,80.5,81.5,55.9,47.2,47.1,869.7,892.3,901.6,10.0,13.3,12.4,6.9,7.6,8.1,18.1,16.3,17.1,99.0,96.3,96.7,73.9,67.3,68.1,0.0,0.0,0.0,999.9,999.9,999.9,0,7.2,7.5
16585596,0723,77.1,80.5,81.5,41.2,47.3,47.1,999.9,892.3,897.3,14.9,13.3,12.4,5.1,7.6,8.1,24.3,16.4,16.9,88.7,96.3,96.8,70.0,67.3,68.1,0.0,0.0,0.0,999.9,999.9,999.9,0,7.1,7.5
16585596,0723,80.7,80.5,81.3,54.5,47.2,46.8,868.1,892.3,901.6,10.0,13.3,12.6,10.4,7.6,8.1,13.0,16.4,17.4,93.0,96.2,96.5,66.0,67.3,68.1,0.14,0.0,0.0,999.9,999.9,999.9,0,7.1,7.5
16585596,0723,89.6,80.5,81.5,52.0,47.2,47.1,869.5,892.3,901.4,10.0,13.3,12.6,8.2,7.6,8.1,18.1,16.3,17.3,93.9,96.2,96.5,66.2,67.3,68.3,0.0,0.0,0.0,999.9,999.9,999.9,0,7.0,7.5
16585596,0723,76.8,80.6,81.7,49.2,47.2,47.5,872.4,892.2,901.3,9.7,13.3,12.6,9.8,7.6,8.1,18.1,16.3,17.3,99.0,96.2,96.5,66.0,67.3,68.3,0.0,0.0,0.0,999.9,999.9,999.9,0,6.8,6.9
16585596,0723,80.7,80.6,81.5,45.0,47.2,47.6,873.0,892.2,901.4,10.0,13.3,12.6,10.2,7.6,8.1,14.0,16.3,17.5,90.0,96.1,96.5,73.9,67.3,68.0,0.0,0.0,0.0,999.9,999.9,999.9,0,6.8,6.9
16585596,0723,82.8,80.6,81.4,41.2,47.2,48.0,873.0,892.2,901.5,9.9,13.3,12.6,5.6,7.6,8.3,19.0,16.3,17.1,99.0,96.1,96.2,75.0,67.4,68.3,0.0,0.0,0.0,999.9,999.9,999.9,18,6.7,6.9
16585596,0723,74.2,80.6,81.4,47.2,47.2,47.6,872.9,892.2,901.5,22.2,13.3,12.2,5.3,7.6,8.2,13.0,16.3,17.2,93.0,96.1,96.4,75.9,67.4,68.4,0.0,0.0,0.0,999.9,999.9,999.9,48,6.8,7.5
16585596,0723,79.9,80.6,80.9,57.2,47.2,47.8,869.5,892.3,901.6,30.7,13.3,12.6,5.3,7.6,8.1,15.9,16.3,17.1,99.0,96.1,96.1,66.9,67.4,68.8,0.02,0.0,0.0,999.9,999.9,999.9,0,6.9,9.1
16585596,0723,79.9,80.6,80.7,54.6,47.3,48.1,869.5,891.5,901.6,9.8,13.4,13.3,5.1,7.6,8.1,19.0,16.2,17.2,95.0,96.2,96.1,71.1,67.4,68.9,0.01,0.0,0.0,999.9,999.9,999.9,16,6.8,8.5
16585596,0723,80.3,80.5,80.6,45.2,47.3,48.4,868.1,890.8,901.4,9.9,13.4,13.3,10.4,7.6,7.9,14.0,16.3,17.3,93.0,96.2,96.2,66.0,67.4,69.0,0.0,0.0,0.0,999.9,999.9,999.9,18,6.9,7.4
16585596,0723,81.8,80.6,80.9,47.2,47.3,48.3,871.5,890.8,901.2,10.0,13.4,13.3,10.2,7.6,7.9,15.0,16.3,17.3,95.0,96.2,96.0,59.0,67.4,69.0,0.0,0.0,0.0,999.9,999.9,999.9,0,6.9,8.0
16585596,0723,88.1,80.6,81.0,44.1,47.3,48.4,873.6,890.8,901.2,14.9,13.4,13.3,6.2,7.6,7.9,14.0,16.3,17.5,102.9,96.2,95.7,72.0,67.4,68.6,0.02,0.0,0.0,999.9,999.9,999.9,0,6.9,8.0
16585596,0723,85.2,80.6,81.2,50.9,47.3,48.4,868.1,890.8,901.3,9.7,13.4,13.4,6.4,7.5,7.8,17.1,16.3,17.1,89.1,96.2,96.0,75.0,67.4,68.6,0.0,0.0,0.0,999.9,999.9,999.9,0,6.9,8.0
16585596,0723,77.5,80.6,81.3,47.1,47.2,48.6,869.5,890.8,901.1,10.0,13.4,12.4,5.6,7.5,7.7,17.1,16.3,17.0,102.9,96.2,96.0,62.1,67.4,69.0,0.0,0.0,0.0,999.9,999.9,999.9,0,6.9,7.9
16585596,0723,89.6,80.6,80.9,54.5,47.3,48.4,873.0,890.0,901.0,10.0,13.4,12.1,9.5,7.5,7.7,15.9,16.3,16.8,79.0,96.2,96.4,64.9,67.4,68.6,0.01,0.0,0.0,999.9,999.9,999.9,18,6.9,7.3
16585596,0723,89.6,80.7,80.9,36.2,47.3,48.8,869.5,890.1,901.0,10.0,13.4,11.7,9.9,7.5,7.8,18.1,16.4,17.0,98.1,96.1,95.6,73.0,67.4,68.6,0.11,0.0,0.0,999.9,999.9,999.9,18,7.0,7.9
16585596,0723,82.7,80.7,81.2,44.6,47.3,48.1,870.5,890.1,901.0,9.8,13.3,11.7,6.9,7.5,7.9,13.0,16.4,17.0,90.0,96.2,95.8,59.0,67.5,68.5,0.0,0.0,0.0,999.9,999.9,999.9,18,7.0,8.5
16585596,0723,76.4,80.7,81.4,37.5,47.3,47.9,869.5,890.1,900.9,10.0,13.3,11.7,3.7,7.5,7.9,12.0,16.4,16.9,99.0,96.2,95.4,73.0,67.4,68.4,0.0,0.0,0.0,999.9,999.9,999.9,18,7.1,9.1
16585596,0723,88.8,80.6,81.2,39.9,47.2,47.3,868.1,890.0,900.8,10.0,13.3,11.7,10.2,7.5,7.9,14.0,16.4,16.8,89.1,96.3,95.4,63.0,67.5,68.7,0.11,0.0,0.0,999.9,999.9,999.9,0,7.1,8.1
16585596,0723,82.8,80.7,81.6,39.9,47.2,47.0,871.0,890.0,900.7,10.0,13.3,11.7,5.1,7.5,8.0,15.9,16.4,16.8,90.0,96.2,94.9,64.9,67.4,68.5,0.01,0.0,0.0,999.9,999.9,999.9,0,7.1,8.1
16585596,0723,78.3,80.7,81.4,54.6,47.2,46.5,869.5,889.3,896.4,10.0,13.3,11.7,8.7,7.5,7.9,19.0,16.4,16.7,95.0,96.2,94.9,59.0,67.4,68.5,0.0,0.0,0.0,999.9,999.9,999.9,48,7.0,8.1
16585596,0723,78.4,80.8,81.3,50.2,47.2,46.5,873.5,889.3,892.0,10.0,13.3,11.7,5.3,7.5,7.8,10.1,16.5,16.7,99.0,96.2,95.0,63.0,67.3,68.1,0.0,0.0,0.0,999.9,999.9,999.9,0,7.3,9.7
16585596,0723,82.3,80.7,81.9,44.1,47.2,46.3,870.4,889.3,892.0,22.3,13.3,11.7,10.2,7.5,7.8,26.0,16.4,16.7,95.0,96.3,95.2,73.9,67.3,67.8,0.0,0.0,0.0,999.9,999.9,999.9,0,7.2,9.1
16585596,0723,81.1,80.7,82.0,41.4,47.2,46.6,872.4,889.3,887.7,9.9,13.4,12.1,10.4,7.5,7.8,11.1,16.5,17.2,102.9,96.3,95.2,68.0,67.3,68.1,0.01,0.0,0.0,999.9,999.9,999.9,18,7.2,9.1
16585596,0723,80.3,80.7,82.0,46.5,47.2,46.3,869.6,889.3,887.8,10.0,13.4,11.8,6.2,7.6,8.0,19.0,16.5,17.0,93.9,96.3,95.7,75.0,67.3,68.0,0.0,0.0,0.0,999.9,999.9,999.9,0,7.2,9.7
16585596,0723,76.8,80.7,81.9,39.9,47.3,46.7,869.7,889.2,883.5,10.0,13.4,11.8,5.6,7.6,7.8,14.0,16.5,17.0,104.0,96.4,95.4,62.1,67.4,68.3,0.02,0.0,0.0,999.9,999.9,999.9,18,7.2,9.1
16585596,0723,82.7,80.7,81.8,36.2,47.3,46.6,999.9,889.2,883.5,13.5,13.3,11.8,6.9,7.5,7.7,10.1,16.4,16.9,87.1,96.4,95.5,57.0,67.4,68.1,0.0,0.0,0.0,999.9,999.9,999.9,0,7.3,9.7
16585596,0723,83.0,80.7,81.8,47.1,47.1,46.5,869.5,890.0,883.5,10.0,13.3,11.9,10.4,7.5,7.5,18.1,16.3,16.1,93.0,96.4,95.1,70.0,67.3,67.6,0.0,0.0,0.0,999.9,999.9,999.9,18,7.2,9.1
16585596,0723,62.0,80.7,81.9,54.6,47.2,46.8,869.7,889.9,879.1,9.9,13.3,11.9,10.1,7.5,7.6,14.0,16.2,15.9,93.9,96.4,94.7,75.0,67.4,67.6,0.0,0.0,0.0,999.9,999.9,999.9,0,7.3,9.1
16585596,0723,85.2,80.6,81.0,49.3,47.3,46.7,866.4,889.9,879.1,10.0,13.3,11.9,10.4,7.6,7.7,17.1,16.2,16.0,102.9,96.4,94.7,62.1,67.4,68.0,0.0,0.0,0.0,999.9,999.9,999.9,18,7.3,9.1
16585596,0723,89.6,80.6,81.2,50.9,47.2,46.4,875.8,889.9,879.0,10.0,13.3,11.9,9.6,7.6,7.8,15.9,16.2,16.0,88.7,96.4,94.8,75.9,67.4,67.6,0.0,0.0,0.0,999.9,999.9,999.9,0,7.4,9.7
16585596,0723,79.9,80.6,81.6,41.2,47.3,46.8,873.0,889.9,874.9,9.9,13.3,11.7,3.7,7.6,7.9,24.1,16.2,15.7,95.0,96.3,94.8,64.9,67.5,67.8,0.17,0.0,0.0,999.9,999.9,999.9,0,7.3,9.7
16585596,0723,87.8,80.6,81.5,45.2,47.2,46.3,872.4,889.9,875.1,10.0,13.3,11.7,6.6,7.5,7.7,10.1,16.2,16.1,89.1,96.3,94.9,70.0,67.5,67.8,0.0,0.0,0.0,999.9,999.9,999.9,18,7.3,9.7
16585596,0723,82.3,80.6,81.5,41.2,47.2,46.1,999.9,890.0,875.2,22.3,13.3,11.7,9.9,7.5,7.7,14.0,16.2,15.8,95.0,96.3,94.8,66.9,67.5,67.9,0.33,0.0,0.0,999.9,999.9,999.9,18,7.3,10.3
16585596,0723,80.3,80.6,81.7,44.6,47.2,45.8,999.9,890.0,879.4,30.7,13.4,12.2,6.6,7.5,7.7,34.0,16.2,15.7,99.0,96.3,94.6,62.1,67.6,67.9,0.0,0.0,0.0,999.9,999.9,999.9,0,7.3,10.9
16585596,0723,88.1,80.6,81.7,47.2,47.2,45.8,870.4,890.7,883.6,10.0,13.5,12.8,5.1,7.5,7.5,12.0,16.3,16.3,79.0,96.3,94.9,73.9,67.5,67.5,0.0,0.0,0.0,999.9,999.9,999.9,18,7.3,10.9
16585596,0723,88.8,80.7,81.8,50.2,47.2,46.0,869.5,890.7,883.5,9.8,13.5,12.8,6.2,7.5,7.5,19.0,16.3,16.1,91.9,96.1,94.3,62.2,67.5,67.5,0.0,0.0,0.0,999.9,999.9,999.9,0,7.3,10.9
16585596,0723,89.2,80.7,82.3,45.2,47.1,46.1,999.9,890.7,883.4,10.0,13.5,12.4,8.8,7.5,7.5,13.0,16.3,16.3,102.9,96.1,94.2,71.1,67.5,67.0,0.0,0.0,0.0,999.9,999.9,999.9,18,7.2,9.3
16585596,0723,86.8,80.8,82.6,49.2,47.2,45.7,869.5,891.4,887.8,10.0,13.5,11.7,10.4,7.6,7.7,34.0,16.3,16.2,99.0,96.2,94.3,59.0,67.5,67.2,0.0,0.0,0.0,999.9,999.9,999.9,0,7.2,9.9
16585596,0723,88.1,80.8,82.9,44.6,47.2,45.5,869.6,891.4,887.8,10.0,13.5,11.8,6.6,7.6,7.8,14.0,16.4,16.7,93.9,96.2,94.5,57.9,67.4,66.8,0.0,0.0,0.0,999.9,999.9,999.9,0,7.2,9.4
16585596,0723,79.9,80.8,83.1,58.4,47.2,45.5,872.4,891.4,887.8,10.0,13.5,11.8,5.1,7.5,7.7,20.0,16.4,16.7,104.0,96.1,94.5,71.1,67.4,66.5,0.0,0.0,0.0,999.9,999.9,999.9,18,7.1,8.8
16585596,0723,78.4,80.8,83.1,41.2,47.2,45.9,999.9,891.4,887.9,9.9,13.5,11.8,4.9,7.5,7.5,31.1,16.5,16.9,89.1,96.1,94.8,70.0,67.5,66.9,0.0,0.0,0.0,999.9,999.9,999.9,0,7.2,9.4
16585596,0723,76.8,80.8,82.7,37.5,47.1,45.8,999.9,892.1,892.1,22.3,13.4,11.6,4.9,7.5,7.5,24.1,16.6,17.4,91.9,96.1,94.4,54.0,67.5,66.8,0.0,0.0,0.0,999.9,999.9,999.9,18,7.2,9.4
16585596,0723,89.6,80.9,82.5,50.2,47.1,45.3,999.9,892.8,896.5,10.0,13.5,12.0,6.6,7.5,7.4,31.1,16.6,17.7,102.9,96.0,94.4,63.0,67.4,66.1,0.0,0.0,0.0,999.9,999.9,999.9,18,7.2,10.0
16585596,0723,76.4,81.0,82.9,41.2,47.1,45.4,872.4,893.5,900.8,10.0,13.5,12.0,4.7,7.5,7.5,20.0,16.8,18.1,90.0,96.1,94.4,61.0,67.4,66.2,0.0,0.0,0.0,999.9,999.9,999.9,16,7.3,10.6
16585596,0723,81.1,81.0,82.4,45.0,47.0,45.0,873.5,893.5,900.8,10.0,13.5,12.0,10.1,7.5,7.3,15.0,16.8,18.3,99.0,96.0,94.8,68.0,67.3,66.0,0.0,0.0,0.0,999.9,999.9,999.9,0,7.3,10.5
16585596,0723,85.2,81.0,82.1,44.1,46.9,45.3,871.4,892.8,900.9,10.0,13.5,12.0,9.3,7.5,7.3,24.3,16.8,18.2,104.0,96.1,94.8,75.9,67.3,65.9,0.0,0.0,0.0,999.9,999.9,999.9,18,7.2,9.9
16585596,0723,79.9,81.0,82.2,41.2,46.9,45.3,866.4,892.8,901.0,13.5,13.5,12.0,10.4,7.5,7.4,15.9,16.8,18.5,95.0,96.2,95.3,59.0,67.3,66.4,0.0,0.0,0.0,999.9,999.9,999.9,0,7.3,9.9
16585596,0723,86.8,81.1,82.3,57.5,46.9,45.4,872.7,892.0,900.8,10.0,13.5,12.1,9.8,7.5,7.6,13.0,16.8,18.7,99.0,96.2,95.2,61.0,67.3,66.0,0.0,0.0,0.0,999.9,999.9,999.9,0,7.2,9.3
16585596,0723,82.8,81.1,82.3,49.3,46.9,46.0,870.5,892.0,901.0,9.9,13.5,12.1,6.2,7.5,7.6,18.1,16.8,18.6,88.7,96.2,95.5,75.0,67.2,65.9,0.0,0.0,0.0,999.9,999.9,999.9,0,7.2,9.3
16585596,0723,81.1,81.1,82.3,57.2,47.0,46.3,872.4,892.0,901.0,9.9,13.5,12.1,5.3,7.5,7.7,15.9,16.8,18.7,102.9,96.1,95.5,61.0,67.3,66.2,0.0,0.0,0.0,999.9,999.9,999.9,0,7.2,9.3
16585596,0723,80.9,81.2,82.4,40.5,47.1,46.4,872.4,892.0,901.1,10.0,13.5,12.1,9.9,7.5,7.5,14.0,16.8,18.6,93.0,96.1,95.7,68.0,67.3,66.3,0.03,0.0,0.0,999.9,999.9,999.9,18,7.2,7.7
16585596,0723,76.4,81.2,82.4,47.1,47.0,46.1,999.9,892.0,901.0,9.9,13.5,12.1,6.9,7.5,7.7,31.1,16.8,18.7,104.0,96.1,95.5,66.9,67.3,66.5,0.11,0.0,0.0,999.9,999.9,999.9,0,7.3,8.3
16585596,0723,86.8,81.1,82.2,57.6,47.0,46.2,871.0,892.7,905.4,9.9,13.3,11.7,10.2,7.5,7.6,19.0,16.9,18.9,104.0,96.1,95.8,54.0,67.3,66.2,0.11,0.0,0.0,999.9,999.9,999.9,0,7.3,8.3
16585596,0723,85.2,81.1,82.4,52.0,47.0,46.7,875.8,892.7,905.3,9.9,13.3,11.7,7.8,7.5,7.6,11.1,16.9,19.2,99.0,96.2,95.9,70.0,67.2,65.8,0.0,0.0,0.0,999.9,999.9,999.9,0,7.2,7.7
16585596,0723,80.9,81.1,82.6,57.5,47.1,46.9,999.9,892.8,905.5,41.0,13.3,11.7,9.3,7.5,7.6,18.1,16.9,18.9,100.0,96.2,96.0,62.1,67.2,65.6,0.0,0.0,0.0,999.9,999.9,999.9,0,7.1,7.7
16585596,0723,86.8,81.1,82.7,54.1,47.1,47.5,873.0,893.5,909.9,10.0,13.5,12.7,9.6,7.5,7.8,13.0,16.9,19.0,93.0,96.2,95.9,73.0,67.2,65.6,0.33,0.0,0.0,999.9,999.9,999.9,0,7.1,7.1
16585596,0723,80.9,81.2,82.9,36.2,47.1,48.1,872.4,893.5,905.6,10.0,13.5,12.6,6.2,7.5,7.8,15.9,16.9,19.1,104.0,96.2,96.1,57.0,67.2,66.1,0.0,0.0,0.0,999.9,999.9,999.9,0,7.1,7.1
16585596,0723,78.3,81.2,82.8,55.6,47.1,47.7,999.9,893.5,905.7,9.9,13.5,12.6,10.2,7.5,7.7,26.0,16.9,19.1,93.0,96.2,96.5,61.0,67.1,65.7,0.0,0.0,0.0,999.9,999.9,999.9,0,7.1,6.5
16585596,0723,76.4,81.2,83.3,41.4,47.1,47.7,872.7,894.2,910.1,10.0,13.5,12.6,3.7,7.5,7.7,18.1,17.0,19.5,102.9,96.2,96.4,71.1,67.1,65.2,0.0,0.0,0.0,999.9,999.9,999.9,18,7.0,6.5
16585596,0723,82.7,81.2,83.1,41.2,47.1,47.5,873.6,894.2,910.3,20.3,13.3,12.6,8.1,7.5,7.5,8.9,17.0,19.5,93.9,96.3,96.4,57.0,67.1,65.5,0.0,0.0,0.0,999.9,999.9,999.9,0,7.0,6.5
16585596,0723,62.0,81.2,82.8,41.2,47.1,47.2,872.4,894.2,910.2,20.3,13.4,13.0,5.1,7.5,7.4,15.9,17.0,19.3,93.0,96.2,96.6,63.0,67.0,64.9,0.0,0.0,0.0,999.9,999.9,999.9,2,7.0,6.5
16585596,0723,80.7,81.1,82.2,47.1,47.0,47.2,999.9,894.2,910.2,10.0,13.4,13.3,5.1,7.5,7.5,10.1,17.0,19.0,93.0,96.2,96.5,71.1,67.0,64.8,0.0,0.0,0.0,999.9,999.9,999.9,0,7.0,6.6
16585596,0723,88.8,81.1,82.0,49.3,46.9,47.2,869.5,894.9,914.4,20.3,13.4,13.3,8.8,7.4,7.4,17.1,16.9,19.0,95.0,96.1,96.7,71.1,67.0,64.9,0.01,0.0,0.0,999.9,999.9,999.9,0,7.0,6.0
16585596,0723,80.9,81.1,82.2,41.6,47.0,47.5,870.4,894.9,910.1,9.8,13.5,13.3,10.4,7.5,7.4,14.0,17.0,19.1,93.0,96.1,96.7,73.9,67.0,65.0,0.0,0.0,0.0,999.9,999.9,999.9,0,7.0,5.4
16585596,0723,76.7,81.1,82.2,36.2,47.1,47.4,872.4,894.2,905.8,20.3,13.3,12.6,9.8,7.5,7.5,22.0,17.0,18.4,100.0,96.1,96.5,62.1,67.1,65.4,0.0,0.0,0.0,999.9,999.9,999.9,0,7.0,5.4
16585596,0723,81.8,81.1,81.8,49.2,46.9,47.0,873.5,894.2,905.8,9.9,13.4,12.9,9.6,7.5,7.7,19.0,17.0,18.8,93.0,96.1,97.2,62.1,67.1,65.0,0.0,0.0,0.0,999.9,999.9,999.9,0,7.0,4.8
16585596,0723,80.3,81.0,81.6,41.2,47.0,47.0,870.0,894.2,906.0,10.0,13.4,12.9,6.6,7.5,7.8,13.0,17.0,18.8,95.0,96.0,97.2,71.1,67.0,65.0,0.0,0.0,0.0,999.9,999.9,999.9,2,6.9,4.8
16585596,0723,78.4,81.1,81.3,39.9,47.0,46.9,872.4,894.2,901.6,9.9,13.4,12.9,9.6,7.5,7.7,8.9,17.0,18.8,93.9,96.0,96.9,62.2,67.0,65.0,0.0,0.0,0.0,999.9,999.9,999.9,18,6.8,4.3
16585596,0723,77.5,81.1,81.0,41.2,46.9,46.5,869.0,894.2,901.7,9.7,13.4,12.9,9.9,7.5,7.7,26.0,17.0,17.9,98.1,96.0,96.8,73.0,67.0,65.1,0.0,0.0,0.0,999.9,999.9,999.9,18,6.8,4.9
16585596,0723,79.9,81.1,80.7,54.6,46.8,46.4,870.5,894.2,901.7,20.3,13.4,12.9,9.6,7.5,7.8,17.1,17.0,18.3,90.0,96.0,96.9,61.0,67.1,65.6,0.0,0.0,0.0,999.9,999.9,999.9,0,6.9,5.5
16585596,0723,80.7,81.2,80.7,55.6,46.8,46.3,872.4,894.1,901.7,9.9,13.4,13.2,10.6,7.6,8.0,13.0,17.0,18.2,99.0,96.0,96.4,70.0,67.0,65.3,0.0,0.0,0.0,999.9,999.9,999.9,0,6.9,4.9
16585596,0723,76.4,81.2,80.8,39.9,46.9,46.8,999.9,894.2,897.4,10.0,13.4,13.2,5.3,7.6,8.1,11.1,17.0,17.6,102.0,96.0,96.8,66.0,67.0,65.3,0.0,0.0,0.0,999.9,999.9,999.9,0,6.9,4.9
16585596,0723,76.4,81.2,80.7,39.9,47.0,46.9,873.6,894.2,897.4,10.0,13.4,12.8,8.7,7.6,8.2,15.9,17.0,17.2,93.9,96.0,97.1,73.0,67.0,65.7,0.14,0.0,0.0,999.9,999.9,999.9,0,6.8,4.3
16585596,0723,88.8,81.2,80.3,41.6,46.9,46.5,869.7,894.2,893.2,9.9,13.4,12.8,5.6,7.6,8.2,11.1,17.0,16.7,104.0,96.0,96.8,59.0,67.1,66.0,0.15,0.0,0.0,999.9,999.9,999.9,18,6.7,3.7
16585596,0723,83.0,81.2,80.7,41.6,46.8,46.5,872.7,894.2,893.1,9.9,13.4,12.8,6.2,7.6,8.3,15.9,17.0,16.4,98.1,96.1,97.3,57.9,67.0,66.0,0.0,0.0,0.0,999.9,999.9,999.9,0,6.8,3.7
16585596,0723,80.3,81.2,80.8,50.2,46.7,46.4,871.0,894.2,893.1,9.9,13.3,12.8,10.2,7.5,8.1,19.0,17.0,16.4,104.0,96.1,97.2,75.0,66.9,65.6,0.33,0.0,0.0,999.9,999.9,999.9,18,6.7,3.7
16585596,0723,76.8,81.2,80.6,50.9,46.7,46.6,872.4,894.2,893.1,10.0,13.3,12.8,9.5,7.6,8.2,19.0,17.0,16.2,102.9,96.2,97.2,70.0,67.0,65.6,0.0,0.0,0.0,999.9,999.9,999.9,0,6.6,3.7
16585596,0723,76.4,81.2,80.5,37.5,46.8,46.9,866.4,894.2,893.3,9.9,13.2,12.7,6.6,7.6,8.1,12.0,17.0,16.3,95.0,96.2,97.5,66.0,66.9,66.0,0.0,0.0,0.0,999.9,999.9,999.9,48,6.6,3.7
16585596,0723,88.1,81.1,80.2,39.9,46.7,46.3,873.5,894.2,893.1,10.0,13.2,12.7,6.3,7.5,8.0,13.0,17.0,16.3,95.0,96.2,97.4,57.0,67.0,66.1,0.0,0.0,0.0,999.9,999.9,999.9,0,6.8,5.3
16585596,0723,78.4,81.2,80.3,57.2,46.7,46.0,869.7,894.2,893.2,9.7,13.2,12.7,9.8,7.6,8.0,12.0,16.9,16.1,102.0,96.2,97.6,71.1,66.9,65.5,0.0,0.0,0.0,999.9,999.9,999.9,0,6.7,5.3
16585596,0723,80.9,81.2,80.3,52.0,46.8,46.0,869.5,894.2,893.1,9.7,13.1,12.7,5.3,7.6,8.2,15.0,16.9,16.0,90.0,96.2,97.6,66.9,67.0,65.9,0.0,0.0,0.0,999.9,999.9,999.9,0,6.7,5.3
16585596,0723,77.5,81.2,80.3,40.5,46.8,46.4,872.4,893.4,893.0,9.9,13.1,12.7,11.6,7.6,8.0,31.1,16.9,16.0,102.9,96.2,97.5,64.9,67.0,65.8,0.0,0.0,0.0,999.9,999.9,999.9,18,6.7,4.7
16585596,0723,83.0,81.1,80.3,39.9,46.7,46.1,999.9,893.4,888.7,10.0,13.1,12.7,6.3,7.6,8.2,11.1,17.0,16.0,99.0,96.2,97.4,62.2,67.0,65.8,0.0,0.0,0.0,999.9,999.9,999.9,0,6.7,5.3
16585596,0723,76.4,81.2,80.2,41.6,46.7,45.5,873.6,893.4,893.0,10.0,13.1,12.7,6.2,7.6,8.0,13.0,17.0,15.8,93.0,96.2,97.3,73.9,67.0,66.0,0.0,0.0,0.0,999.9,999.9,999.9,0,6.6,5.3
16585596,0723,79.9,81.2,79.9,45.2,46.7,45.2,999.9,893.5,892.9,9.8,13.1,12.7,10.2,7.5,8.0,24.1,16.9,15.8,95.0,96.2,97.1,66.9,67.0,66.2,0.0,0.0,0.0,999.9,999.9,999.9,0,6.6,5.3
16585596,0723,80.7,81.2,79.8,36.2,46.7,44.8,869.5,893.5,892.9,10.0,13.1,11.6,11.6,7.5,8.0,11.1,17.0,16.0,89.1,96.2,96.9,62.1,67.0,66.3,0.14,0.0,0.0,999.9,999.9,999.9,18,6.6,5.3
16585596,0723,78.4,81.2,79.6,50.9,46.6,44.2,873.5,893.5,892.8,39.8,13.1,11.6,3.7,7.6,8.1,15.9,16.9,16.0,98.1,96.1,96.8,70.0,67.0,66.0,0.0,0.0,0.0,999.9,999.9,999.9,0,6.7,5.9
16585596,0723,80.9,81.1,79.6,57.2,46.6,44.7,871.5,893.5,892.9,9.9,13.3,12.6,3.7,7.6,8.0,8.9,16.8,16.0,93.9,96.1,96.6,61.0,67.1,66.4,0.0,0.0,0.0,999.9,999.9,999.9,0,6.7,5.9
16585596,0723,79.3,81.1,79.6,39.9,46.7,44.7,869.0,893.5,888.6,9.9,13.3,12.6,6.9,7.6,7.8,24.1,16.8,15.4,89.1,96.1,96.6,73.9,67.0,66.4,0.0,0.0,0.0,999.9,999.9,999.9,0,6.7,5.9
16585596,0723,85.2,81.1,79.7,41.2,46.7,44.7,873.1,893.4,888.5,9.8,13.3,12.6,8.7,7.6,7.9,8.9,16.9,15.6,98.1,96.1,96.1,66.0,67.1,66.5,0.17,0.0,0.0,999.9,999.9,999.9,18,6.6,5.3
16585596,0723,76.4,81.1,79.8,57.5,46.7,44.7,871.4,893.4,888.4,9.7,13.2,12.3,4.9,7.6,7.9,11.1,16.9,15.6,102.0,96.1,96.3,75.9,67.1,66.8,0.0,0.0,0.0,999.9,999.9,999.9,0,6.7,5.9
16585596,0723,76.7,81.1,80.3,57.5,46.7,45.2,866.4,893.4,888.4,10.0,13.1,11.9,10.6,7.6,7.9,19.0,16.8,15.5,102.9,96.1,96.6,68.0,67.1,67.2,0.14,0.0,0.0,999.9,999.9,999.9,0,6.6,5.9
16585596,0723,69.7,81.0,80.2,45.2,46.7,45.6,866.4,893.4,884.0,10.0,13.1,11.9,6.4,7.6,8.1,15.0,16.8,15.7,91.9,96.2,96.9,66.0,67.1,67.1,0.02,0.0,0.0,999.9,999.9,999.9,18,6.3,5.9
16585596,0723,85.4,81.0,79.5,45.2,46.7,45.4,871.5,893.4,883.9,9.9,13.1,11.6,6.5,7.6,8.0,15.9,16.8,15.7,99.0,96.2,96.8,71.1,67.1,66.9,0.0,0.0,0.0,999.9,999.9,999.9,18,6.3,6.5
16585596,0723,79.9,81.0,79.7,50.9,46.8,45.6,999.9,893.4,883.9,9.9,12.9,11.6,3.7,7.6,7.9,10.1,16.8,15.7,89.1,96.2,97.0,66.0,67.1,66.8,0.0,0.0,0.0,999.9,999.9,999.9,2,6.4,7.1
16585596,0723,79.3,80.9,79.8,46.5,46.8,46.0,870.5,894.1,888.1,9.9,12.9,11.2,5.6,7.6,7.7,11.1,16.7,15.3,99.0,96.2,96.6,75.0,67.1,67.0,0.33,0.0,0.0,999.9,999.9,999.9,0,6.5,7.1
16585596,0723,78.3,80.9,79.7,50.2,46.9,46.0,999.9,894.1,888.0,9.9,12.9,11.2,11.6,7.5,7.5,10.1,16.7,15.1,90.0,96.2,96.8,66.9,67.1,67.4,0.0,0.0,0.0,999.9,999.9,999.9,0,6.5,7.1
16585596,0723,86.6,80.9,79.6,57.5,46.9,46.3,871.0,894.1,892.4,10.0,12.9,11.2,6.3,7.6,7.7,8.9,16.7,15.0,90.0,96.2,96.7,68.0,67.1,67.3,0.11,0.0,0.0,999.9,999.9,999.9,0,6.5,7.1
16585596,0723,62.0,81.0,79.9,47.1,47.0,46.8,868.1,894.1,892.3,10.0,12.9,11.2,6.2,7.6,7.6,15.9,16.6,15.0,93.0,96.1,96.5,66.0,67.1,67.5,0.0,0.0,0.1,999.9,999.9,999.9,0,6.5,6.5
16585596,0723,89.6,80.8,79.4,36.2,47.0,47.0,872.4,894.1,892.3,30.7,12.9,11.3,11.6,7.6,7.5,12.0,16.6,14.6,93.0,96.1,96.4,62.2,67.1,67.2,0.02,0.0,0.1,999.9,999.9,999.9,18,6.4,5.9
16585596,0723,78.3,80.9,79.7,49.2,46.9,46.4,870.0,894.1,892.4,22.3,13.0,11.6,5.6,7.6,7.5,12.0,16.5,14.5,93.0,96.1,96.5,66.9,67.1,67.3,0.0,0.0,0.1,999.9,999.9,999.9,0,6.4,6.5
16585596,0723,62.0,80.8,79.6,54.6,46.9,46.2,999.9,893.4,892.3,10.0,13.1,12.0,4.9,7.6,7.4,15.0,16.6,14.4,99.0,96.0,96.3,70.0,67.0,67.2,0.02,0.0,0.1,999.9,999.9,999.9,2,6.3,6.5
16585596,0723,82.7,80.7,79.2,54.6,47.0,46.7,869.5,894.1,892.3,9.9,13.1,12.0,6.2,7.6,7.4,10.1,16.5,14.6,104.0,96.1,96.2,71.1,67.0,67.3,0.14,0.0,0.1,999.9,999.9,999.9,18,6.3,6.5
16585596,0723,79.9,80.7,79.4,44.6,47.0,47.2,868.1,894.1,892.1,10.0,13.1,12.0,6.3,7.6,7.3,24.1,16.5,14.4,102.0,96.2,96.5,62.1,67.1,67.2,0.0,0.0,0.1,999.9,999.9,999.9,18,6.4,7.1
16585596,0723,76.7,80.7,79.1,41.4,46.9,47.3,870.4,894.1,892.1,20.3,13.0,12.0,9.9,7.6,7.3,19.0,16.5,14.8,102.9,96.2,96.4,62.1,67.1,67.3,0.11,0.0,0.0,999.9,999.9,999.9,0,6.5,7.1
16585596,0723,85.4,80.7,78.9,33.1,46.9,47.3,872.7,893.3,892.0,9.9,13.1,12.4,10.2,7.6,7.4,34.0,16.6,14.9,99.0,96.2,96.6,62.2,67.0,67.5,0.0,0.0,0.1,999.9,999.9,999.9,0,6.4,7.1
16585596,0723,83.0,80.8,79.0,41.6,46.8,46.7,999.9,893.4,892.1,14.9,13.1,12.4,10.1,7.6,7.4,14.0,16.7,15.4,95.0,96.2,96.4,66.0,67.0,67.0,0.0,0.0,0.0,999.9,999.9,999.9,18,6.3,6.5
16585596,0723,79.3,80.8,79.2,44.1,46.8,46.4,999.9,894.1,896.3,41.0,13.1,12.5,8.1,7.6,7.4,13.0,16.7,15.3,102.0,96.2,96.2,73.9,67.0,66.9,0.0,0.0,0.0,999.9,999.9,999.9,18,6.4,7.1
16585596,0723,77.5,80.7,79.3,44.1,46.9,46.6,872.7,894.8,900.8,10.0,13.3,13.6,6.5,7.6,7.5,26.0,16.7,15.3,104.0,96.3,96.4,70.0,67.0,67.2,0.11,0.0,0.0,999.9,999.9,999.9,0,6.4,6.1
16585596,0723,69.7,80.7,79.0,50.2,46.9,46.8,872.4,894.8,900.7,9.8,13.2,13.6,6.2,7.6,7.5,12.0,16.7,15.7,79.0,96.4,96.7,71.1,67.0,67.6,0.01,0.0,0.0,999.9,999.9,999.9,0,6.4,6.1
16585596,0723,77.5,80.6,78.7,54.6,46.9,46.5,869.5,894.8,900.8,22.2,13.1,13.6,6.3,7.6,7.4,18.1,16.7,15.7,95.0,96.3,95.9,62.1,67.1,67.6,0.15,0.0,0.0,999.9,999.9,999.9,18,6.4,6.1
16585596,0723,80.9,80.6,78.6,33.1,47.0,46.6,872.4,894.8,900.8,10.0,13.1,14.0,5.6,7.6,7.4,18.1,16.7,15.8,90.0,96.2,96.1,71.1,67.0,67.4,0.17,0.0,0.0,999.9,999.9,999.9,0,6.5,6.7
16585596,0723,88.8,80.6,78.7,47.2,46.9,46.4,999.9,894.8,900.8,20.3,13.1,14.0,5.1,7.6,7.2,15.9,16.8,15.4,95.0,96.2,95.7,57.0,67.1,67.7,0.0,0.0,0.1,999.9,999.9,999.9,0,6.5,6.1
16585596,0723,85.2,80.6,78.9,37.5,46.9,46.6,873.0,895.5,900.8,9.7,13.2,14.3,6.2,7.6,7.2,11.1,16.8,15.5,88.7,96.1,95.5,64.9,67.0,67.5,0.01,0.0,0.1,999.9,999.9,999.9,48,6.5,6.1
16585596,0723,79.9,80.7,79.2,47.2,46.8,46.5,999.9,895.5,900.8,9.7,13.2,14.3,5.6,7.6,7.2,24.3,16.7,15.5,93.9,96.1,95.4,66.2,67.1,67.2,0.14,0.0,0.1,999.9,999.9,999.9,0,6.7,7.7
16585596,0723,79.9,80.7,79.2,48.9,46.8,46.5,875.8,896.2,900.8,10.0,13.2,14.3,6.5,7.6,7.0,26.0,16.7,15.5,89.1,96.1,95.4,66.2,67.1,67.2,0.0,0.0,0.1,999.9,999.9,999.9,0,6.7,7.7
16585596,0723,81.1,80.7,79.1,50.2,46.9,47.0,999.9,896.2,901.0,10.0,13.1,14.3,5.6,7.6,6.9,11.1,16.8,16.0,102.0,96.1,95.4,66.0,67.1,67.3,0.11,0.0,0.1,999.9,999.9,999.9,48,6.7,7.1
16585596,0723,81.1,80.7,79.2,34.9,47.0,46.9,866.4,896.9,905.2,41.0,13.0,13.3,6.2,7.6,6.9,19.0,16.8,15.8,102.9,96.1,95.5,71.1,67.1,67.2,0.11,0.0,0.1,999.9,999.9,999.9,0,7.0,8.7
16585596,0723,87.8,80.8,79.2,40.5,46.8,46.2,872.4,896.2,905.1,30.7,13.2,14.4,5.1,7.5,7.0,11.1,16.7,16.2,99.0,96.1,95.8,62.2,67.2,67.5,0.0,0.0,0.1,999.9,999.9,999.9,0,7.0,8.7
16585596,0723,78.4,80.7,79.5,46.5,46.8,46.2,871.5,896.2,905.2,39.8,13.3,15.1,5.3,7.5,6.9,11.1,16.7,15.7,93.0,96.1,96.1,59.0,67.1,67.1,0.0,0.0,0.1,999.9,999.9,999.9,0,7.0,8.7
16585596,0723,76.7,80.7,79.3,57.6,46.7,46.4,872.4,895.5,905.1,10.0,13.5,16.1,4.7,7.5,6.8,18.1,16.7,15.8,104.0,96.1,95.9,64.9,67.1,66.9,0.15,0.0,0.1,999.9,999.9,999.9,18,7.0,8.1
16585596,0723,77.1,80.7,79.3,58.4,46.7,46.4,999.9,894.8,905.2,10.0,13.5,16.1,5.6,7.5,6.8,15.9,16.7,16.0,99.0,96.1,96.0,64.9,67.0,66.5,0.11,0.0,0.1,999.9,999.9,999.9,0,7.1,8.7
16585596,0723,74.2,80.7,79.3,41.2,46.8,46.4,871.0,895.5,909.6,10.0,13.5,16.1,6.5,7.5,6.7,19.0,16.7,15.9,93.0,96.1,95.9,75.0,67.0,66.4,0.0,0.0,0.1,999.9,999.9,999.9,0,7.1,8.7
16585596,0723,82.3,80.6,79.5,55.9,46.8,46.3,999.9,895.5,909.8,9.9,13.5,16.1,8.7,7.5,6.7,26.0,16.7,16.1,95.0,96.0,95.9,66.0,67.0,66.7,0.11,0.0,0.1,999.9,999.9,999.9,18,7.1,8.1
16585596,0723,82.8,80.6,79.4,46.5,46.8,46.7,872.4,896.2,914.0,39.8,13.3,16.1,6.6,7.6,6.7,17.1,16.7,16.4,93.9,96.0,95.8,63.0,67.0,66.5,0.0,0.0,0.1,999.9,999.9,999.9,0,7.2,8.1
16585596,0723,79.9,80.6,79.5,47.2,46.7,46.5,871.5,896.2,909.8,10.0,13.5,17.1,5.3,7.6,6.8,26.0,16.7,16.6,95.0,96.1,95.9,71.1,67.1,66.4,0.0,0.0,0.1,999.9,999.9,999.9,18,7.2,8.1
16585596,0723,88.1,80.6,79.5,57.5,46.7,46.5,873.6,896.2,909.8,9.9,13.5,17.1,8.8,7.5,6.8,17.1,16.8,17.1,95.0,96.1,95.8,68.0,67.1,66.3,0.0,0.0,0.1,999.9,999.9,999.9,0,7.3,8.7
16585596,0723,62.0,80.7,79.8,36.2,46.8,46.8,999.9,896.2,905.6,9.9,13.5,17.1,10.2,7.6,6.7,13.0,16.8,17.4,99.0,96.1,96.0,61.0,67.2,66.3,0.15,0.0,0.1,999.9,999.9,999.9,0,7.3,8.7
16585596,0723,81.8,80.6,79.0,41.6,46.7,46.1,869.5,896.9,909.9,9.9,13.5,17.1,5.3,7.6,6.9,15.0,16.8,17.5,79.0,96.1,96.3,63.0,67.1,66.1,0.0,0.0,0.1,999.9,999.9,999.9,0,7.3,8.7
16585596,0723,81.1,80.6,79.7,34.9,46.6,45.9,999.9,896.9,910.0,22.2,13.5,17.1,8.7,7.5,6.8,15.9,16.8,17.5,87.1,96.0,95.8,75.9,67.1,66.0,0.15,0.0,0.1,999.9,999.9,999.9,18,7.2,8.7
16585596,0723,82.7,80.6,79.4,41.2,46.5,45.8,872.9,897.6,914.2,9.9,13.5,16.8,9.8,7.6,6.7,11.1,16.8,17.6,100.0,95.9,95.6,71.1,67.1,66.5,0.17,0.0,0.1,999.9,999.9,999.9,18,7.3,8.7
16585596,0723,78.3,80.7,79.5,40.5,46.5,45.6,873.6,897.7,914.3,9.9,13.5,16.4,10.4,7.6,6.9,24.3,16.8,17.6,102.9,95.9,95.8,62.2,67.1,66.6,0.15,0.0,0.1,999.9,999.9,999.9,0,7.4,9.3
16585596,0723,80.3,80.7,80.1,44.6,46.5,45.1,869.0,897.0,910.1,10.0,13.5,16.4,6.3,7.6,7.1,19.0,16.9,17.9,102.9,96.0,96.0,61.0,67.1,66.3,0.0,0.0,0.1,999.9,999.9,999.9,0,7.4,9.2
16585596,0723,62.0,80.7,80.0,49.2,46.5,44.8,869.0,897.0,910.1,9.7,13.5,16.4,9.8,7.6,7.1,19.0,16.9,18.2,102.0,96.0,95.9,66.9,67.1,66.0,0.0,0.0,0.1,999.9,999.9,999.9,0,7.4,8.6
16585596,0723,81.1,80.6,79.4,45.2,46.5,44.9,871.0,897.0,910.1,9.9,13.5,16.3,9.8,7.6,7.2,12.0,16.8,18.0,79.0,96.0,95.9,71.1,67.0,66.2,0.11,0.0,0.1,999.9,999.9,999.9,18,7.4,8.0
16585596,0723,76.7,80.6,79.5,47.2,46.5,45.0,868.1,897.0,910.1,22.2,13.5,16.0,8.8,7.6,7.2,31.1,16.8,17.8,102.0,96.0,95.1,62.1,67.0,66.5,0.0,0.0,0.1,999.9,999.9,999.9,48,7.5,8.6
16585596,0723,80.3,80.6,79.2,58.4,46.5,45.5,999.9,897.0,910.0,10.0,13.6,16.4,9.3,7.6,7.1,13.0,16.9,17.7,91.9,96.0,95.2,70.0,67.0,66.5,0.0,0.0,0.1,999.9,999.9,999.9,0,7.8,10.2
16585596,0723,87.8,80.6,79.1,48.9,46.5,46.1,873.6,897.7,910.0,10.0,13.6,16.2,8.2,7.6,7.1,11.1,16.9,17.6,87.1,96.0,95.1,57.0,67.0,66.6,0.0,0.0,0.1,999.9,999.9,999.9,16,7.8,9.6
16585596,0723,78.4,80.7,79.4,45.0,46.5,46.2,866.4,897.7,905.8,9.9,13.6,15.2,10.1,7.6,7.1,15.9,16.8,17.6,99.0,96.0,94.6,66.9,66.9,66.0,0.0,0.0,0.1,999.9,999.9,999.9,18,7.7,9.5
16585596,0723,76.8,80.7,79.5,44.1,46.5,46.3,870.5,897.6,905.6,41.0,13.6,15.2,5.3,7.6,7.2,15.9,16.9,17.2,95.0,96.0,94.5,62.1,66.9,65.9,0.0,0.0,0.1,999.9,999.9,999.9,2,7.7,10.1
16585596,0723,81.8,80.7,79.7,57.6,46.5,46.1,869.6,897.6,905.5,9.9,13.8,16.2,10.1,7.6,7.2,12.0,16.9,17.4,95.0,96.0,95.0,73.9,66.9,65.6,0.03,0.0,0.1,999.9,999.9,999.9,18,7.8,10.2
16585596,0723,76.8,80.7,79.8,33.1,46.5,46.2,868.1,897.6,905.5,9.8,13.7,15.8,6.6,7.6,7.3,22.0,16.9,17.2,91.9,96.0,95.0,57.9,66.9,66.0,0.0,0.0,0.1,999.9,999.9,999.9,0,7.8,10.2
16585596,0723,85.2,80.7,79.7,57.2,46.5,46.2,871.5,897.6,905.3,10.0,13.5,15.8,6.2,7.6,7.4,11.1,16.9,17.3,102.9,96.0,95.1,73.9,66.8,65.6,0.0,0.0,0.1,999.9,999.9,999.9,0,7.8,10.2
16585596,0723,62.0,80.7,79.6,34.9,46.6,46.5,875.8,897.6,901.1,9.8,13.4,15.5,9.3,7.6,7.4,12.0,16.9,17.1,87.1,96.0,95.3,71.1,66.9,66.2,0.0,0.0,0.1,999.9,999.9,999.9,0,7.8,10.2
16585596,0723,88.8,80.6,78.8,34.9,46.6,46.4,872.4,897.6,901.2,10.0,13.4,15.5,8.8,7.7,7.5,19.0,16.9,17.2,98.1,95.9,95.3,62.1,66.9,66.4,0.0,0.0,0.0,999.9,999.9,999.9,18,7.8,8.6
16585596,0723,89.2,80.6,79.1,45.0,46.5,46.0,999.9,897.6,896.9,10.0,13.2,15.5,11.6,7.7,7.6,15.0,16.8,17.0,99.0,95.9,95.4,73.9,66.9,66.2,0.0,0.0,0.0,999.9,999.9,999.9,0,7.8,9.2
16585596,0723,81.1,80.7,79.4,41.6,46.5,45.9,999.9,897.6,901.0,10.0,13.2,15.5,10.2,7.7,7.8,12.0,16.8,16.6,95.0,96.0,95.8,66.0,66.9,66.5,0.0,0.0,0.0,999.9,999.9,999.9,18,7.7,9.2
16585596,0723,85.2,80.7,79.4,54.6,46.4,45.6,873.6,897.6,901.0,9.8,13.1,15.5,5.6,7.7,7.9,15.9,16.8,16.7,90.0,95.9,95.5,66.9,66.9,66.5,0.0,0.0,0.0,999.9,999.9,999.9,0,7.7,8.2
16585596,0723,81.1,80.7,79.6,45.2,46.4,46.2,999.9,897.6,901.3,10.0,13.1,14.5,10.4,7.7,7.9,15.0,16.8,16.6,88.7,95.9,95.1,73.9,66.9,66.3,0.11,0.0,0.0,999.9,999.9,999.9,0,7.7,8.2
16585596,0723,79.9,80.7,79.3,49.3,46.4,46.4,999.9,897.6,905.5,10.0,13.1,13.8,10.2,7.7,8.1,11.1,16.7,16.7,102.0,95.8,94.8,71.1,66.9,66.7,0.0,0.0,0.0,999.9,999.9,999.9,18,7.7,8.2
16585596,0723,79.9,80.7,79.4,36.2,46.4,46.5,869.5,898.4,909.8,9.9,13.1,12.8,10.2,7.7,8.2,13.0,16.7,16.7,98.1,95.9,95.0,62.1,66.9,67.1,0.15,0.0,0.0,999.9,999.9,999.9,16,7.8,8.8
16585596,0723,80.7,80.7,79.5,34.9,46.3,45.8,873.0,898.3,909.7,10.0,13.1,12.8,10.1,7.7,8.4,15.9,16.7,16.5,79.0,95.9,94.9,71.1,66.9,67.0,0.02,0.0,0.0,999.9,999.9,999.9,0,7.9,8.7
16585596,0723,88.8,80.7,79.6,54.5,46.3,45.0,871.0,898.3,905.5,10.0,13.1,12.8,10.4,7.8,8.6,11.1,16.7,16.5,99.0,95.8,94.2,68.0,67.0,67.2,0.03,0.0,0.0,999.9,999.9,999.9,0,7.8,8.7
16585596,0723,80.7,80.7,80.1,41.4,46.3,45.4,875.8,898.3,905.5,10.0,13.1,12.8,5.1,7.8,8.7,14.0,16.7,16.3,104.0,95.8,94.4,59.0,66.9,67.0,0.0,0.0,0.0,999.9,999.9,999.9,0,7.8,8.7
16585596,0723,89.6,80.7,80.0,58.4,46.4,45.0,866.4,898.4,901.4,41.0,13.1,12.8,7.8,7.8,8.6,18.1,16.6,15.9,98.1,95.8,94.7,71.1,66.9,66.8,0.0,0.0,0.0,999.9,999.9,999.9,0,7.8,8.1
16585596,0723,87.8,80.8,80.3,45.0,46.4,45.4,999.9,898.3,901.2,10.0,13.2,12.8,10.2,7.8,8.6,14.0,16.6,15.9,79.0,95.9,94.8,66.0,66.9,67.0,0.0,0.0,0.0,999.9,999.9,999.9,18,7.8,8.1
16585596,0723,82.7,80.8,80.5,45.0,46.4,45.3,873.0,899.0,905.4,20.3,13.2,12.8,8.7,7.8,8.8,8.9,16.6,15.5,99.0,95.7,94.3,70.0,66.9,66.9,0.02,0.0,0.0,999.9,999.9,999.9,0,7.9,8.1
16585596,0723,80.3,80.7,80.4,41.4,46.4,44.9,999.9,899.1,905.4,9.9,13.2,13.2,8.1,7.8,8.8,11.1,16.6,15.2,102.0,95.7,94.4,71.1,66.9,66.9,0.0,0.0,0.0,999.9,999.9,999.9,0,7.8,8.1
16585596,0723,85.4,80.7,81.0,46.5,46.4,45.0,870.5,899.8,905.4,10.0,13.2,13.2,9.5,7.8,8.7,13.0,16.6,15.2,90.0,95.8,94.5,73.9,67.0,67.3,0.0,0.0,0.0,999.9,999.9,999.9,18,7.5,8.1
16585596,0723,87.8,80.8,81.1,57.2,46.4,45.2,870.4,899.7,905.5,41.0,13.2,13.2,6.5,7.8,8.9,8.9,16.6,15.1,93.0,95.7,94.9,57.0,67.0,67.6,0.14,0.0,0.0,999.9,999.9,999.9,0,7.6,8.7
16585596,0723,79.9,80.8,81.3,41.6,46.5,45.9,871.0,899.7,901.1,9.9,13.4,13.8,10.2,7.7,8.8,11.1,16.6,14.8,93.9,95.7,95.1,71.1,66.9,67.0,0.0,0.0,0.0,999.9,999.9,999.9,0,7.6,8.1
16585596,0723,80.3,80.8,81.2,34.9,46.4,46.0,868.1,899.7,901.1,10.0,13.4,13.8,6.2,7.7,8.8,24.1,16.5,14.8,98.1,95.7,94.9,62.1,66.9,67.0,0.0,0.0,0.0,999.9,999.9,999.9,0,7.6,7.5
16585596,0723,80.7,80.8,81.3,55.9,46.4,45.8,999.9,899.7,900.9,10.0,13.2,13.8,3.7,7.7,8.7,31.1,16.5,14.8,104.0,95.7,94.7,66.2,66.9,67.0,0.0,0.0,0.0,999.9,999.9,999.9,0,7.6,7.5
16585596,0723,79.3,80.8,81.3,45.2,46.4,46.1,875.8,900.4,905.3,10.0,13.2,13.8,8.1,7.7,8.6,24.3,16.6,15.2,95.0,95.8,94.8,70.0,66.9,67.2,0.0,0.0,0.0,999.9,999.9,999.9,0,7.5,7.5
16585596,0723,81.8,80.7,81.9,47.1,46.4,46.0,870.4,900.4,905.5,10.0,13.1,13.8,5.3,7.7,8.5,8.9,16.7,15.4,99.0,95.8,94.5,57.9,66.9,67.3,0.11,0.0,0.0,999.9,999.9,999.9,16,7.5,7.5
16585596,0723,88.1,80.7,81.9,40.5,46.4,46.1,999.9,900.4,905.5,30.7,13.1,13.8,6.2,7.7,8.4,11.1,16.6,15.3,91.9,95.8,95.2,54.0,66.8,66.8,0.0,0.0,0.0,999.9,999.9,999.9,0,7.6,7.5
16585596,0723,85.4,80.8,82.3,58.4,46.3,45.9,873.0,901.1,909.9,10.0,13.2,14.1,6.2,7.7,8.3,19.0,16.6,14.7,79.0,95.8,94.9,70.0,66.8,66.6,0.0,0.0,0.0,999.9,999.9,999.9,0,7.6,5.9
16585596,0723,89.2,80.8,82.4,41.2,46.3,45.9,873.6,901.1,905.6,10.0,13.2,14.1,9.8,7.7,8.2,15.0,16.6,14.9,87.1,95.6,94.4,54.0,66.8,66.6,0.01,0.0,0.0,999.9,999.9,999.9,0,7.3,5.9
16585596,0723,88.1,80.9,82.5,41.4,46.3,45.6,870.4,901.1,905.6,10.0,13.2,14.1,3.7,7.7,8.2,13.0,16.6,15.0,100.0,95.5,94.4,75.0,66.7,66.5,0.11,0.0,0.0,999.9,999.9,999.9,18,7.3,5.3
16585596,0723,81.1,80.9,82.8,55.6,46.2,45.5,870.0,900.4,905.8,10.0,13.2,14.1,6.3,7.7,8.0,26.0,16.6,14.9,93.9,95.6,94.5,72.0,66.8,66.7,0.03,0.0,0.0,999.9,999.9,999.9,18,7.4,5.3
16585596,0723,80.9,80.9,83.0,48.9,46.2,45.9,999.9,899.7,905.7,9.9,13.2,13.1,4.9,7.7,8.0,12.0,16.6,15.2,90.0,95.6,94.4,64.9,66.8,67.1,0.0,0.0,0.0,999.9,999.9,999.9,18,7.5,5.9
16585596,0723,82.3,81.0,82.9,45.2,46.2,45.6,871.5,900.4,910.1,10.0,13.2,13.1,10.4,7.7,7.9,18.1,16.6,15.2,102.9,95.6,94.3,73.9,66.7,66.8,0.0,0.0,0.0,999.9,999.9,999.9,2,7.5,5.9
16585596,0723,77.1,81.0,83.1,57.5,46.2,46.0,999.9,899.7,910.2,10.0,13.2,13.1,5.3,7.7,8.0,24.1,16.6,15.1,102.9,95.6,94.6,59.0,66.8,67.3,0.0,0.0,0.0,999.9,999.9,999.9,2,7.5,5.9
16585596,0723,86.6,81.0,82.8,45.2,46.3,46.0,872.9,900.4,914.5,10.0,13.2,13.1,6.9,7.7,8.0,18.1,16.7,15.5,87.1,95.7,94.6,61.0,66.7,66.8,0.15,0.0,0.0,999.9,999.9,999.9,18,7.5,6.0
16585596,0723,86.8,81.0,83.7,50.9,46.3,46.3,999.9,899.7,914.4,9.9,13.2,13.1,10.2,7.7,7.9,14.0,16.7,15.7,99.0,95.6,94.6,64.9,66.7,66.5,0.0,0.0,0.0,999.9,999.9,999.9,0,7.5,6.6
16585596,0723,89.2,81.0,83.6,40.5,46.4,46.9,875.8,900.4,918.6,10.0,13.2,13.1,4.9,7.7,7.9,19.0,16.7,15.6,87.1,95.6,94.7,64.9,66.7,66.6,0.0,0.0,0.0,999.9,999.9,999.9,18,7.5,6.0
16585596,0723,78.4,81.1,83.6,57.6,46.4,46.7,868.1,899.8,914.5,10.0,13.2,13.1,5.6,7.6,7.7,19.0,16.6,15.7,93.0,95.5,94.3,62.1,66.6,66.3,0.15,0.0,0.0,999.9,999.9,999.9,18,7.5,6.6
16585596,0723,80.9,81.1,83.5,41.6,46.5,47.2,869.6,899.0,910.1,10.0,13.2,13.1,10.1,7.6,7.6,15.0,16.6,15.9,93.0,95.5,94.2,68.0,66.6,66.1,0.0,0.0,0.0,999.9,999.9,999.9,18,7.5,6.6
16585596,0723,81.1,81.0,83.4,36.2,46.4,46.8,869.0,899.0,910.0,30.7,13.2,13.1,6.9,7.6,7.7,15.0,16.6,15.9,98.1,95.5,94.3,71.1,66.6,66.2,0.0,0.0,0.0,999.9,999.9,999.9,18,7.6,7.2
16585596,0723,80.3,81.0,83.4,39.9,46.3,46.5,869.6,899.0,905.6,10.0,13.3,13.8,10.4,7.6,7.6,19.0,16.6,15.9,98.1,95.5,94.6,64.9,66.6,66.1,0.11,0.0,0.0,999.9,999.9,999.9,2,7.7,7.8
16585596,0723,89.2,81.0,83.4,47.2,46.3,46.2,870.4,898.3,901.3,10.0,13.3,13.8,6.5,7.7,7.6,31.1,16.5,16.2,99.0,95.5,94.5,70.0,66.6,65.9,0.11,0.0,0.0,999.9,999.9,999.9,18,7.7,7.3
16585596,0723,86.8,81.1,83.7,45.2,46.2,46.6,873.6,898.3,901.3,10.0,13.3,13.8,6.9,7.6,7.5,13.0,16.6,16.8,104.0,95.6,94.5,62.1,66.6,66.1,0.11,0.0,0.0,999.9,999.9,999.9,18,7.8,7.3
16585596,0723,82.7,81.1,83.9,58.4,46.2,46.9,999.9,898.3,901.3,9.8,13.3,13.8,7.8,7.6,7.4,15.9,16.6,16.7,95.0,95.6,95.3,72.0,66.6,65.8,0.0,0.0,0.0,999.9,999.9,999.9,0,7.9,7.9
16585596,0723,82.7,81.1,83.7,54.1,46.3,47.0,871.4,899.0,905.6,22.2,13.3,13.8,9.6,7.6,7.3,22.0,16.6,16.8,102.0,95.6,95.2,72.0,66.6,66.0,0.0,0.0,0.0,999.9,999.9,999.9,0,7.9,7.9
16585596,0723,89.6,81.1,83.7,47.1,46.3,47.5,870.4,899.0,905.5,10.0,13.3,14.2,6.2,7.6,7.4,22.0,16.6,17.1,104.0,95.7,95.1,62.1,66.6,66.4,0.0,0.0,0.0,999.9,999.9,999.9,0,7.9,7.9
16585596,0723,76.4,81.2,83.7,48.9,46.3,47.1,872.7,899.0,905.6,10.0,13.3,13.1,9.9,7.6,7.4,26.0,16.7,17.2,102.9,95.7,95.3,62.1,66.5,66.1,0.0,0.0,0.0,999.9,999.9,999.9,18,7.8,7.9
16585596,0723,80.7,81.2,83.4,44.6,46.3,47.2,873.5,899.0,901.4,10.0,13.3,13.1,6.9,7.6,7.4,11.1,16.7,17.6,88.7,95.7,96.1,73.9,66.4,66.0,0.0,0.0,0.0,999.9,999.9,999.9,18,7.7,7.9
16585596,0723,79.9,81.2,83.3,49.2,46.3,47.2,871.5,899.0,901.4,9.9,13.2,12.8,4.7,7.7,7.3,15.9,16.7,17.7,79.0,95.7,95.8,71.1,66.5,66.1,0.0,0.0,0.0,999.9,999.9,999.9,18,7.8,8.5
16585596,0723,77.5,81.2,83.3,34.9,46.2,47.5,999.9,899.0,897.1,14.9,13.2,12.8,9.8,7.7,7.2,13.0,16.7,17.9,102.9,95.6,95.0,64.9,66.5,66.1,0.0,0.0,0.0,999.9,999.9,999.9,48,7.8,9.1
16585596,0723,80.3,81.2,83.0,50.2,46.2,47.1,869.6,899.8,901.4,9.8,13.2,13.0,5.3,7.6,7.2,15.9,16.7,17.9,93.0,95.7,95.5,57.0,66.5,65.8,0.0,0.0,0.0,999.9,999.9,999.9,18,7.9,10.1
16585596,0723,82.8,81.1,82.8,58.4,46.2,46.8,866.4,899.8,901.4,10.0,13.2,11.9,10.2,7.6,7.2,11.1,16.7,18.1,95.0,95.6,95.5,73.9,66.5,65.8,0.0,0.0,0.0,999.9,999.9,999.9,18,8.0,10.7
16585596,0723,78.4,81.1,82.9,47.1,46.3,47.4,868.1,899.7,901.2,10.0,13.2,11.9,10.2,7.6,7.2,15.0,16.7,18.1,87.1,95.6,95.5,66.0,66.5,65.9,0.0,0.0,0.0,999.9,999.9,999.9,0,8.1,11.3
16585596,0723,69.7,81.1,82.8,40.5,46.3,47.8,870.4,899.7,901.2,10.0,13.2,11.9,6.2,7.7,7.3,11.1,16.7,17.8,95.0,95.6,95.1,59.0,66.4,66.0,0.02,0.0,0.0,999.9,999.9,999.9,2,8.1,11.3
16585596,0723,83.0,81.0,82.4,58.4,46.2,47.3,872.4,899.7,896.9,10.0,13.2,11.9,9.6,7.7,7.4,11.1,16.6,17.1,93.9,95.5,94.8,73.9,66.4,65.8,0.0,0.0,0.0,999.9,999.9,999.9,0,8.2,11.4
16585596,0723,85.2,81.0,82.6,52.0,46.2,47.7,869.0,899.7,896.8,22.3,13.2,11.9,8.7,7.7,7.4,13.0,16.6,16.7,102.9,95.6,94.8,54.0,66.4,65.9,0.15,0.0,0.0,999.9,999.9,999.9,0,8.1,11.4
16585596,0723,77.5,81.0,82.7,48.9,46.3,47.9,999.9,899.7,896.7,22.3,13.2,12.3,5.6,7.7,7.5,10.1,16.6,16.8,90.0,95.7,94.9,70.0,66.3,65.8,0.0,0.0,0.0,999.9,999.9,999.9,18,8.0,10.9
16585596,0723,76.8,80.9,82.3,36.2,46.4,48.2,999.9,900.4,896.7,9.7,13.3,12.1,10.2,7.7,7.5,19.0,16.6,16.8,91.9,95.7,94.9,54.0,66.4,66.3,0.0,0.0,0.0,999.9,999.9,999.9,18,8.0,11.5
16585596,0723,76.8,81.0,82.0,49.2,46.4,47.4,999.9,901.2,901.0,9.9,13.3,12.0,5.3,7.7,7.7,13.0,16.6,16.8,98.1,95.6,95.3,64.9,66.3,65.8,0.15,0.0,0.0,999.9,999.9,999.9,0,8.0,12.1
16585596,0723,86.6,80.9,81.6,37.5,46.4,47.7,873.6,901.9,905.2,41.0,13.3,12.0,7.8,7.7,7.5,15.0,16.6,16.7,90.0,95.7,95.7,54.0,66.3,66.2,0.11,0.0,0.0,999.9,999.9,999.9,0,8.0,12.1
16585596,0723,79.9,80.9,81.6,41.4,46.4,47.6,872.4,901.9,905.3,22.2,13.5,13.1,3.7,7.7,7.6,22.0,16.6,16.8,79.0,95.7,95.3,71.1,66.2,65.5,0.0,0.0,0.0,999.9,999.9,999.9,0,8.0,11.5
16585596,0723,76.7,80.9,81.5,45.2,46.3,47.1,869.0,901.9,905.4,10.0,13.5,13.5,4.9,7.6,7.6,24.1,16.6,16.7,102.0,95.6,94.8,62.1,66.3,65.4,0.0,0.0,0.0,999.9,999.9,999.9,0,7.7,10.9
16585596,0723,80.9,80.9,81.4,47.2,46.3,47.0,999.9,901.9,901.0,22.2,13.5,13.5,6.4,7.6,7.6,20.0,16.7,17.1,98.1,95.6,95.2,66.0,66.3,65.3,0.11,0.0,0.0,999.9,999.9,999.9,0,7.7,10.3
16585596,0723,88.1,80.9,81.4,50.9,46.3,47.0,873.6,902.6,905.3,9.9,13.5,13.9,6.2,7.6,7.4,10.1,16.6,17.1,102.0,95.6,95.1,70.0,66.3,65.1,0.01,0.0,0.0,999.9,999.9,999.9,0,7.7,10.2
16585596,0723,77.1,80.9,81.7,54.6,46.4,46.8,869.5,902.6,901.1,10.0,13.5,13.9,8.1,7.6,7.5,13.0,16.6,16.7,102.9,95.6,95.0,63.0,66.3,65.4,0.0,0.0,0.0,999.9,999.9,999.9,18,7.6,10.1
16585596,0723,77.5,80.9,81.4,57.5,46.4,47.1,999.9,902.6,901.0,20.3,13.5,13.9,5.3,7.6,7.5,11.1,16.6,16.5,104.0,95.7,95.6,71.1,66.2,65.5,0.0,0.0,0.0,999.9,999.9,999.9,0,7.7,10.1
16585596,0723,87.8,80.9,81.1,33.1,46.5,47.4,999.9,903.4,901.0,30.7,13.6,14.2,10.6,7.6,7.3,17.1,16.6,16.4,79.0,95.7,95.7,71.1,66.3,65.7,0.0,0.0,0.0,999.9,999.9,999.9,0,7.6,10.1
16585596,0723,86.8,81.0,81.0,58.4,46.5,47.1,869.7,903.4,905.1,14.9,13.7,14.9,10.2,7.6,7.5,24.3,16.6,16.3,102.9,95.6,95.5,70.0,66.3,65.9,0.02,0.0,0.0,999.9,999.9,999.9,18,7.6,9.5
16585596,0723,79.3,81.0,81.3,55.6,46.5,47.1,999.9,903.4,905.2,10.0,13.7,15.1,5.3,7.6,7.7,20.0,16.7,16.5,89.1,95.7,95.8,64.9,66.3,66.2,0.17,0.0,0.0,999.9,999.9,999.9,18,7.6,9.5
16585596,0723,79.9,81.1,81.3,54.5,46.6,47.6,869.7,904.1,909.5,10.0,13.7,15.1,6.3,7.6,7.5,24.3,16.7,16.7,79.0,95.6,95.7,66.9,66.3,66.1,0.0,0.0,0.0,999.9,999.9,999.9,18,7.7,9.5
16585596,0723,85.2,81.0,81.2,57.5,46.6,48.2,866.4,904.1,909.5,9.8,13.7,14.4,5.6,7.6,7.5,15.9,16.7,17.0,90.0,95.5,95.0,71.1,66.3,65.9,0.11,0.0,0.0,999.9,999.9,999.9,0,7.7,9.5
16585596,0723,76.8,81.0,81.4,54.6,46.6,48.8,870.5,904.0,909.4,10.0,13.7,14.4,9.6,7.6,7.3,13.0,16.7,16.9,87.1,95.5,94.7,71.1,66.3,66.1,0.03,0.0,0.0,999.9,999.9,999.9,0,7.7,9.5
16585596,0723,69.7,81.0,81.0,39.9,46.7,49.0,872.9,904.0,909.4,9.9,13.7,14.4,6.9,7.6,7.4,11.1,16.7,16.3,102.0,95.5,94.3,68.0,66.3,66.2,0.0,0.0,0.0,999.9,999.9,999.9,0,7.7,8.9
16585596,0723,77.1,80.9,80.4,49.2,46.7,48.9,872.7,904.0,909.4,9.9,13.7,14.4,5.6,7.6,7.4,15.0,16.7,16.2,102.9,95.5,94.3,62.2,66.3,66.4,0.0,0.0,0.0,999.9,999.9,999.9,18,7.6,8.3
16585596,0723,85.4,80.9,80.2,57.2,46.7,48.6,873.6,903.3,905.2,9.8,13.6,14.4,5.6,7.6,7.4,15.9,16.7,16.2,98.1,95.6,94.5,70.0,66.3,66.0,0.0,0.0,0.0,999.9,999.9,999.9,0,7.6,8.9
16585596,0723,85.4,80.9,80.3,58.4,46.8,48.7,870.5,902.6,905.2,9.9,13.5,14.0,8.1,7.6,7.2,24.1,16.6,16.0,93.0,95.6,94.4,73.9,66.3,66.0,0.0,0.0,0.0,999.9,999.9,999.9,0,7.6,8.9
16585596,0723,86.8,80.9,80.2,47.2,46.8,49.0,999.9,902.6,905.2,13.5,13.5,14.0,8.7,7.6,7.3,19.0,16.6,16.0,104.0,95.7,94.0,62.2,66.3,66.4,0.14,0.0,0.0,999.9,999.9,999.9,0,7.5,8.9
16585596,0723,81.1,80.9,80.5,58.4,46.8,49.0,999.9,903.3,909.5,10.0,13.5,14.1,5.3,7.6,7.3,26.0,16.6,15.8,88.7,95.7,94.1,66.0,66.3,66.4,0.33,0.0,0.0,999.9,999.9,999.9,0,7.5,8.3
16585596,0723,77.1,80.8,80.5,41.4,46.9,49.4,999.9,903.3,913.7,22.3,13.5,14.1,5.3,7.6,7.2,26.0,16.7,16.3,95.0,95.6,94.1,70.0,66.3,66.1,0.0,0.0,0.0,999.9,999.9,999.9,0,7.4,7.7
16585596,0723,88.8,80.8,80.4,45.2,46.9,49.2,870.0,904.1,918.0,22.2,13.6,14.5,10.1,7.5,7.2,8.9,16.7,16.6,93.9,95.6,94.6,57.0,66.4,66.1,0.0,0.0,0.0,999.9,999.9,999.9,18,7.4,7.1
16585596,0723,82.8,80.8,80.8,33.1,46.9,49.5,869.0,904.1,913.6,10.0,13.7,14.7,10.1,7.6,7.2,13.0,16.6,16.5,93.9,95.6,94.3,66.9,66.4,65.8,0.14,0.0,0.0,999.9,999.9,999.9,0,7.5,6.1
16585596,0723,78.4,80.8,80.9,50.9,46.7,49.0,873.1,904.1,913.6,10.0,13.7,14.8,6.3,7.6,7.4,31.1,16.6,16.4,95.0,95.6,94.3,71.1,66.3,66.1,0.0,0.0,0.0,999.9,999.9,999.9,0,7.4,5.5
16585596,0723,81.1,80.8,80.8,50.2,46.8,48.7,872.4,903.4,913.8,10.0,13.7,14.8,10.2,7.6,7.3,18.1,16.6,17.1,91.9,95.6,94.3,73.0,66.3,66.1,0.0,0.0,0.0,999.9,999.9,999.9,18,7.4,4.9
16585596,0723,87.8,80.8,80.8,33.1,46.8,48.8,869.7,902.6,914.0,39.8,13.6,14.8,4.9,7.6,7.3,14.0,16.6,17.2,102.0,95.6,94.5,66.0,66.4,66.3,0.02,0.0,0.0,999.9,999.9,999.9,2,7.4,5.5
16585596,0723,81.8,80.8,81.4,54.5,46.7,48.6,999.9,901.9,914.0,9.9,13.8,15.7,6.6,7.6,7.2,34.0,16.5,17.3,89.1,95.6,94.7,73.0,66.5,66.5,0.0,0.0,0.0,999.9,999.9,999.9,0,7.3,5.5
16585596,0723,85.4,80.8,81.4,37.5,46.8,48.4,870.5,902.6,918.2,10.0,13.8,15.7,5.3,7.6,7.1,15.0,16.6,18.0,99.0,95.6,94.6,64.9,66.5,66.5,0.0,0.0,0.0,999.9,999.9,999.9,0,7.2,5.5
16585596,0723,77.1,80.9,81.4,57.6,46.8,48.0,873.5,902.6,918.3,10.0,13.8,15.3,10.6,7.6,7.0,34.0,16.6,18.1,102.0,95.6,94.5,59.0,66.5,66.9,0.0,0.0,0.0,999.9,999.9,999.9,18,7.2,5.5
16585596,0723,87.8,80.8,81.4,45.2,46.9,48.2,999.9,902.6,914.0,20.3,13.8,14.9,5.3,7.6,7.2,14.0,16.6,18.9,98.1,95.6,94.9,73.0,66.4,66.5,0.0,0.0,0.0,999.9,999.9,999.9,18,7.2,5.5
16585596,0723,85.4,80.9,81.8,44.1,46.9,48.5,999.9,903.4,914.0,9.9,13.8,15.3,10.4,7.6,7.0,15.0,16.6,18.7,89.1,95.6,95.1,75.9,66.5,67.1,0.01,0.0,0.0,999.9,999.9,999.9,18,7.3,5.5
16585596,0723,86.8,80.8,82.1,52.0,46.8,48.4,873.0,904.1,914.0,9.9,13.8,15.3,8.1,7.6,7.2,24.3,16.6,18.8,91.9,95.5,94.8,73.9,66.6,67.5,0.02,0.0,0.0,999.9,999.9,999.9,0,7.4,6.1
16585596,0723,69.7,80.9,82.1,46.5,46.8,48.9,999.9,904.1,914.0,39.8,13.8,14.2,6.9,7.6,7.2,10.1,16.6,19.1,102.0,95.6,94.8,71.1,66.6,68.1,0.0,0.0,0.0,999.9,999.9,999.9,0,7.4,6.1
16585596,0723,77.5,80.8,81.7,45.0,46.8,49.0,999.9,904.8,918.3,14.9,14.0,14.8,8.2,7.6,7.3,15.9,16.6,18.7,104.0,95.6,95.6,57.9,66.6,68.1,0.0,0.0,0.0,999.9,999.9,999.9,0,7.4,6.1
16585596,0723,76.7,80.8,81.7,54.1,46.8,49.0,871.4,905.5,922.6,30.7,14.0,15.0,5.6,7.6,7.4,10.1,16.6,18.4,102.0,95.6,95.7,62.2,66.6,68.0,0.11,0.0,0.0,999.9,999.9,999.9,0,7.3,6.1
16585596,0723,74.2,80.8,81.6,46.5,46.8,49.2,871.5,904.8,918.4,39.8,14.1,15.3,9.6,7.6,7.4,13.0,16.5,18.1,100.0,95.6,95.8,66.9,66.5,67.9,0.0,0.0,0.0,999.9,999.9,999.9,48,7.3,6.1
16585596,0723,81.8,80.7,81.1,46.5,46.8,49.1,873.1,904.8,918.3,20.3,14.3,16.3,6.6,7.6,7.5,18.1,16.5,18.2,100.0,95.6,95.7,57.9,66.6,67.8,0.0,0.0,0.0,999.9,999.9,999.9,0,7.6,7.7
16585596,0723,74.2,80.7,81.3,54.1,46.7,48.8,870.4,904.8,918.4,9.9,14.3,16.6,8.1,7.6,7.4,12.0,16.5,18.4,98.1,95.6,95.6,73.9,66.5,67.6,0.0,0.0,0.0,999.9,999.9,999.9,2,7.6,7.1
16585596,0723,77.5,80.7,81.2,57.2,46.7,48.7,869.5,904.1,914.1,39.8,14.2,16.3,9.6,7.6,7.5,22.0,16.5,18.4,91.9,95.6,95.4,62.1,66.6,67.7,0.0,0.0,0.0,999.9,999.9,999.9,18,7.6,7.1
16585596,0723,76.7,80.6,80.8,49.3,46.7,49.5,999.9,904.0,909.7,9.9,14.3,16.6,8.8,7.6,7.5,24.3,16.5,18.6,93.0,95.6,95.9,64.9,66.6,67.4,0.14,0.0,0.0,999.9,999.9,999.9,0,7.7,7.7
16585596,0723,87.8,80.6,80.5,37.5,46.8,49.2,999.9,904.7,914.1,41.0,14.3,16.4,8.7,7.6,7.5,22.0,16.6,18.6,90.0,95.5,95.5,54.0,66.6,67.2,0.0,0.0,0.0,999.9,999.9,999.9,18,7.7,7.1
16585596,0723,82.8,80.6,80.8,45.2,46.7,48.6,869.5,904.7,914.1,20.3,14.5,17.4,8.2,7.6,7.6,24.3,16.6,18.6,93.9,95.5,95.6,59.0,66.6,66.9,0.0,0.0,0.0,999.9,999.9,999.9,0,7.8,7.1
16585596,0723,76.4,80.7,80.9,50.2,46.7,48.3,875.8,904.7,914.1,10.0,14.6,17.8,10.1,7.6,7.6,13.0,16.6,18.6,89.1,95.4,96.1,68.0,66.5,66.6,0.01,0.0,0.0,999.9,999.9,999.9,0,7.7,6.5
16585596,0723,74.2,80.6,80.6,41.2,46.8,48.1,866.4,904.7,914.4,10.0,14.5,17.8,4.7,7.6,7.8,19.0,16.6,18.5,79.0,95.4,96.0,62.1,66.6,66.5,0.01,0.0,0.0,999.9,999.9,999.9,0,7.7,6.5
16585596,0723,81.1,80.7,80.5,49.2,46.8,47.6,870.0,904.7,914.3,9.7,14.5,17.8,6.9,7.6,7.6,26.0,16.6,18.7,88.7,95.3,95.8,62.1,66.5,66.2,0.0,0.0,0.0,999.9,999.9,999.9,18,7.7,6.5
16585596,0723,76.8,80.7,80.9,57.5,46.8,47.9,999.9,904.0,914.2,10.0,14.5,17.8,8.8,7.6,7.6,31.1,16.7,19.2,87.1,95.3,95.3,70.0,66.5,66.0,0.0,0.0,0.0,999.9,999.9,999.9,0,7.8,7.1
16585596,0723,81.8,80.6,80.9,36.2,46.8,48.2,869.0,904.7,918.4,20.3,14.4,17.8,10.4,7.6,7.7,19.0,16.8,19.8,102.9,95.3,94.8,75.0,66.5,66.3,0.0,0.0,0.0,999.9,999.9,999.9,0,7.8,6.5
16585596,0723,81.1,80.7,80.8,33.1,46.8,47.5,999.9,904.7,918.2,39.8,14.5,18.1,9.9,7.6,7.9,8.9,16.8,19.9,79.0,95.3,94.9,71.1,66.5,66.4,0.02,0.0,0.0,999.9,999.9,999.9,18,7.8,6.5
16585596,0723,76.4,80.7,80.6,50.2,46.8,46.7,873.1,905.4,922.6,10.0,14.6,19.1,9.9,7.6,7.9,19.0,16.8,19.4,93.0,95.2,94.5,71.1,66.5,66.3,0.0,0.0,0.0,999.9,999.9,999.9,0,7.9,7.1
16585596,0723,81.1,80.6,80.3,54.6,46.8,46.8,873.0,905.4,918.3,30.7,14.6,19.0,8.1,7.6,8.0,19.0,16.8,19.4,99.0,95.2,94.1,62.1,66.6,66.6,0.01,0.0,0.0,999.9,999.9,999.9,18,7.9,7.1
16585596,0723,83.0,80.7,80.3,49.2,46.9,46.6,870.5,905.4,914.1,22.3,14.7,19.7,3.7,7.6,8.1,13.0,16.8,19.1,99.0,95.2,94.5,73.9,66.5,66.5,0.0,0.0,0.0,999.9,999.9,999.9,18,8.0,7.7
16585596,0723,62.0,80.7,80.5,34.9,46.9,46.9,868.1,905.4,909.8,9.9,14.7,19.7,5.3,7.6,8.0,34.0,16.8,18.7,79.0,95.3,94.6,70.0,66.6,66.6,0.02,0.0,0.0,999.9,999.9,999.9,18,8.0,8.3
16585596,0723,80.9,80.6,79.6,50.9,46.9,46.5,870.0,905.4,909.7,22.3,14.7,19.3,9.3,7.6,7.9,15.9,16.9,19.5,102.9,95.2,94.1,72.0,66.6,67.1,0.0,0.0,0.0,999.9,999.9,999.9,18,8.0,8.3
16585596,0723,80.7,80.6,79.5,57.6,46.9,47.1,999.9,905.4,909.8,10.0,14.8,19.7,10.2,7.6,7.8,13.0,16.8,19.6,102.9,95.2,94.4,66.0,66.7,67.2,0.0,0.0,0.0,999.9,999.9,999.9,18,8.1,8.9
16585596,0723,83.0,80.6,79.6,45.2,46.9,47.4,872.7,906.1,914.0,14.9,14.8,19.7,4.9,7.6,8.0,12.0,16.8,19.0,93.9,95.2,94.7,54.0,66.6,67.1,0.0,0.0,0.0,999.9,999.9,999.9,0,8.2,9.5
16585596,0723,79.9,80.6,79.6,50.9,46.9,47.2,868.1,905.4,914.0,10.0,14.8,19.9,10.2,7.6,7.8,34.0,16.9,18.8,91.9,95.2,94.7,64.9,66.6,66.4,0.0,0.0,0.0,999.9,999.9,999.9,18,8.2,8.9
16585596,0723,81.8,80.7,79.4,49.2,47.0,47.8,868.1,905.4,913.9,22.3,14.8,18.9,5.1,7.6,8.0,15.9,17.0,19.5,90.0,95.2,94.4,71.1,66.5,66.4,0.0,0.0,0.0,999.9,999.9,999.9,0,8.3,9.5
16585596,0723,82.8,80.6,79.4,41.4,47.0,47.6,869.5,905.4,909.5,9.7,14.9,19.3,4.9,7.6,7.9,8.9,17.0,18.9,93.9,95.1,94.4,68.0,66.6,66.3,0.0,0.0,0.0,999.9,999.9,999.9,18,8.2,9.5
16585596,0723,79.3,80.6,79.3,50.2,47.0,47.7,999.9,905.4,909.5,10.0,14.9,19.3,9.5,7.6,7.9,13.0,16.9,18.7,102.0,95.1,94.2,75.9,66.6,66.4,0.15,0.0,0.0,999.9,999.9,999.9,0,8.3,10.1
16585596,0723,88.8,80.6,79.4,57.6,47.0,47.5,869.5,906.1,913.7,10.0,14.9,19.3,6.2,7.6,7.9,13.0,16.9,18.0,95.0,95.1,94.2,71.1,66.6,67.0,0.0,0.0,0.0,999.9,999.9,999.9,18,8.2,9.5
16585596,0723,83.0,80.7,79.4,45.2,47.0,47.9,869.6,906.1,909.4,10.0,14.9,18.9,6.2,7.5,7.9,10.1,16.9,18.0,99.0,95.0,94.1,66.2,66.7,66.9,0.0,0.0,0.0,999.9,999.9,999.9,0,8.3,9.5
16585596,0723,79.9,80.7,79.3,45.2,47.1,47.9,869.5,906.1,905.0,9.8,14.9,18.9,7.8,7.5,7.8,11.1,16.9,17.8,104.0,95.1,94.5,71.1,66.7,66.6,0.0,0.0,0.0,999.9,999.9,999.9,18,8.0,8.9
16585596,0723,86.6,80.7,79.1,37.5,47.1,47.7,869.5,906.0,904.9,39.8,14.9,18.9,11.6,7.6,7.7,11.1,16.9,17.4,93.0,95.1,94.9,64.9,66.7,66.5,0.0,0.0,0.0,999.9,999.9,999.9,18,8.1,9.5
16585596,0723,80.3,80.7,79.7,49.2,47.0,47.4,869.7,906.0,900.6,22.2,15.0,18.9,9.6,7.6,7.9,34.0,16.8,17.4,95.0,95.1,94.6,64.9,66.7,66.3,0.0,0.0,0.0,999.9,999.9,999.9,0,8.2,10.1
16585596,0723,82.8,80.7,79.8,40.5,47.0,47.6,873.1,906.0,896.2,10.0,15.1,19.2,11.6,7.6,8.0,11.1,17.0,18.0,93.9,95.1,94.3,66.9,66.7,66.5,0.0,0.0,0.0,999.9,999.9,999.9,0,8.2,10.1
16585596,0723,79.9,80.7,80.0,45.2,47.0,47.1,873.6,906.0,896.3,9.9,15.1,18.5,10.2,7.6,8.2,15.9,16.8,18.0,95.0,95.0,94.0,70.0,66.7,66.7,0.0,0.0,0.0,999.9,999.9,999.9,18,8.1,10.1
16585596,0723,80.3,80.7,80.1,58.4,47.0,47.1,870.0,905.3,896.4,9.9,15.1,17.5,8.1,7.6,8.2,15.9,16.9,18.1,93.0,95.0,93.8,64.9,66.7,66.8,0.0,0.0,0.0,999.9,999.9,999.9,0,8.2,9.1
16585596,0723,80.9,80.7,80.1,54.1,47.1,47.5,869.5,905.3,896.3,9.8,15.1,17.1,9.9,7.6,8.2,14.0,16.9,18.1,99.0,95.0,93.6,66.9,66.7,67.0,0.14,0.0,0.0,999.9,999.9,999.9,2,8.2,9.1
16585596,0723,69.7,80.7,80.3,55.9,47.2,47.5,871.4,904.6,896.2,10.0,15.1,17.1,5.6,7.6,8.3,15.9,16.8,18.1,93.9,95.0,93.6,64.9,66.7,66.8,0.14,0.0,0.0,999.9,999.9,999.9,0,8.2,9.1
16585596,0723,89.6,80.7,80.1,45.2,47.3,47.4,869.5,904.6,896.3,10.0,15.1,16.1,6.5,7.6,8.1,15.9,16.9,17.9,102.0,95.1,93.7,54.0,66.7,66.9,0.0,0.0,0.0,999.9,999.9,999.9,0,8.1,8.5
16585596,0723,76.8,80.7,80.5,54.5,47.2,47.3,999.9,904.6,891.9,10.0,14.9,16.2,10.2,7.6,8.1,18.1,16.9,17.6,90.0,95.1,94.0,62.2,66.6,66.5,0.17,0.0,0.0,999.9,999.9,999.9,18,8.1,8.5
16585596,0723,78.4,80.7,80.1,47.1,47.2,47.8,869.7,905.3,891.9,10.0,14.9,15.1,5.3,7.6,8.1,22.0,16.9,17.5,93.0,95.1,94.0,70.0,66.6,66.8,0.15,0.0,0.0,999.9,999.9,999.9,18,8.2,8.5
16585596,0723,88.8,80.7,80.0,54.6,47.3,47.9,873.1,905.3,891.9,10.0,14.9,14.8,10.1,7.6,8.0,19.0,16.9,17.4,95.0,95.1,94.0,73.9,66.6,67.2,0.0,0.0,0.0,999.9,999.9,999.9,0,8.3,9.1
16585596,0723,76.8,80.7,80.4,45.0,47.3,48.1,873.5,905.3,891.9,30.7,14.9,14.8,5.6,7.6,8.0,26.0,16.9,17.6,104.0,95.1,94.2,71.1,66.6,67.4,0.03,0.0,0.0,999.9,999.9,999.9,18,8.2,9.1
16585596,0723,79.9,80.7,80.5,54.6,47.3,48.2,870.0,905.3,892.1,39.8,15.0,15.5,10.2,7.6,8.1,12.0,17.0,17.9,102.0,95.1,95.0,75.9,66.6,67.7,0.0,0.0,0.0,999.9,999.9,999.9,18,8.3,9.7
16585596,0723,80.3,80.8,80.4,41.4,47.2,48.4,869.5,905.3,892.1,10.0,15.2,16.5,9.6,7.6,8.2,11.1,17.0,17.4,99.0,95.1,95.4,62.1,66.7,68.1,0.0,0.0,0.0,999.9,999.9,999.9,0,8.4,9.7
16585596,0723,82.8,80.8,80.6,36.2,47.2,47.8,999.9,905.4,887.7,10.0,15.2,16.5,9.8,7.7,8.2,13.0,17.0,16.7,104.0,95.1,95.8,57.0,66.6,67.9,0.0,0.0,0.0,999.9,999.9,999.9,0,8.3,9.7
16585596,0723,85.2,80.8,80.6,54.5,47.2,47.8,870.5,906.1,892.1,9.7,15.2,16.1,11.6,7.7,8.2,11.1,17.0,16.5,95.0,95.1,95.9,66.9,66.6,67.3,0.11,0.0,0.0,999.9,999.9,999.9,18,8.2,9.7
16585596,0723,81.1,80.8,80.7,48.9,47.2,48.5,872.9,905.4,887.8,10.0,15.2,15.1,6.4,7.7,8.2,19.0,17.0,16.6,102.9,95.2,96.4,66.0,66.6,67.1,0.0,0.0,0.0,999.9,999.9,999.9,18,8.3,9.7
16585596,0723,82.7,80.8,80.9,55.6,47.2,48.5,869.5,905.4,887.8,9.9,15.2,15.1,3.7,7.7,8.1,13.0,17.0,16.6,89.1,95.2,96.7,75.9,66.5,67.0,0.0,0.0,0.0,999.9,999.9,999.9,0,8.4,10.3
16585596,0723,74.2,80.9,80.9,37.5,47.2,48.5,872.4,904.6,887.7,10.0,15.2,14.4,9.9,7.7,8.0,11.1,17.0,16.4,102.0,95.2,96.4,66.2,66.6,67.4,0.0,0.0,0.0,999.9,999.9,999.9,0,8.4,9.7
16585596,0723,86.6,80.8,80.6,34.9,47.1,48.1,872.7,904.6,887.7,10.0,15.2,14.0,6.6,7.7,8.2,18.1,17.0,16.3,87.1,95.3,96.5,59.0,66.6,67.2,0.03,0.0,0.0,999.9,999.9,999.9,18,8.4,9.1
16585596,0723,79.3,80.9,81.5,41.2,47.1,48.1,999.9,904.7,887.9,10.0,15.2,14.0,9.3,7.7,8.2,15.9,17.0,15.8,95.0,95.2,96.8,71.1,66.5,66.8,0.11,0.0,0.0,999.9,999.9,999.9,0,8.5,9.1
16585596,0723,79.9,80.9,81.4,54.5,47.1,47.8,871.4,905.4,892.2,10.0,15.1,13.6,5.3,7.7,8.2,13.0,17.1,15.8,102.9,95.2,96.5,70.0,66.6,66.8,0.02,0.0,0.0,999.9,999.9,999.9,16,8.4,8.5
16585596,0723,79.3,80.9,81.4,52.0,47.1,47.7,999.9,905.4,887.9,10.0,15.0,13.6,8.8,7.7,8.1,15.9,17.1,15.8,93.0,95.3,96.5,75.9,66.6,66.9,0.0,0.0,0.0,999.9,999.9,999.9,0,8.5,8.4
16585596,0723,81.8,81.0,81.3,41.6,47.1,47.9,999.9,905.4,892.2,9.7,15.0,13.4,9.8,7.7,8.2,14.0,17.1,15.9,93.0,95.3,96.5,71.1,66.6,67.6,0.0,0.0,0.0,999.9,999.9,999.9,0,8.5,8.4
16585596,0723,76.4,81.0,81.3,52.0,47.0,47.6,870.5,906.1,896.6,10.0,15.0,13.4,6.3,7.7,8.2,18.1,17.1,15.3,89.1,95.2,96.5,59.0,66.6,67.8,0.0,0.0,0.0,999.9,999.9,999.9,0,8.4,7.8
16585596,0723,85.2,81.0,81.1,44.1,47.1,47.7,868.1,906.1,896.7,10.0,15.0,13.0,8.1,7.7,8.2,34.0,17.1,15.3,102.9,95.1,96.5,62.1,66.6,67.4,0.0,0.0,0.0,999.9,999.9,999.9,0,8.3,7.8
16585596,0723,76.4,81.0,81.2,57.2,47.1,47.8,871.5,906.1,896.6,30.7,15.0,13.0,11.6,7.7,8.3,24.3,17.1,16.2,99.0,95.1,96.8,72.0,66.6,67.2,0.0,0.0,0.0,999.9,999.9,999.9,18,8.3,7.2
16585596,0723,89.6,81.0,81.1,45.0,47.2,48.0,999.9,906.1,892.3,10.0,15.1,13.7,9.3,7.7,8.4,10.1,17.1,16.6,93.0,95.1,96.7,62.1,66.7,67.1,0.0,0.0,0.0,999.9,999.9,999.9,18,8.4,7.8
16585596,0723,88.1,81.0,81.2,54.1,47.2,47.6,872.4,906.1,896.7,9.7,15.1,13.7,3.7,7.7,8.5,19.0,17.1,16.5,99.0,95.1,96.6,71.1,66.6,66.8,0.0,0.0,0.0,999.9,999.9,999.9,0,8.4,7.8
16585596,0723,78.3,81.0,81.3,50.2,47.3,47.9,999.9,905.4,896.8,9.7,14.9,13.7,9.9,7.7,8.4,13.0,17.1,16.8,102.9,95.1,96.6,54.0,66.6,67.0,0.0,0.0,0.0,999.9,999.9,999.9,18,8.3,7.8
16585596,0723,81.1,81.0,81.3,54.1,47.3,48.1,871.4,906.1,901.1,41.0,14.9,13.7,8.8,7.7,8.5,11.1,17.0,16.8,102.9,95.1,96.6,66.0,66.5,66.4,0.14,0.0,0.0,999.9,999.9,999.9,0,8.4,7.8
16585596,0723,76.4,81.1,81.1,54.1,47.4,48.6,869.0,906.1,901.2,22.3,15.1,13.8,9.3,7.7,8.4,19.0,17.0,16.8,102.0,95.2,96.9,68.0,66.5,66.4,0.0,0.0,0.0,999.9,999.9,999.9,18,8.4,7.2
16585596,0723,76.8,81.1,81.0,45.0,47.3,48.8,870.0,906.1,901.2,9.9,15.1,13.8,6.9,7.7,8.4,26.0,17.0,16.3,98.1,95.3,97.2,75.9,66.5,66.5,0.01,0.0,0.0,999.9,999.9,999.9,0,8.4,7.8
16585596,0723,78.3,81.1,80.8,40.5,47.4,49.0,871.4,906.1,901.0,10.0,15.1,13.8,8.2,7.8,8.2,11.1,17.1,16.8,87.1,95.3,97.3,72.0,66.6,66.8,0.02,0.0,0.0,999.9,999.9,999.9,0,8.4,7.8
16585596,0723,85.2,81.0,80.7,34.9,47.4,48.8,870.4,905.4,901.0,10.0,15.0,13.8,5.6,7.8,8.1,19.0,17.1,16.7,95.0,95.3,97.0,61.0,66.6,66.9,0.0,0.0,0.0,999.9,999.9,999.9,0,8.4,7.2
16585596,0723,74.2,81.0,80.9,33.1,47.4,48.0,869.0,905.4,901.0,14.9,15.0,13.8,9.6,7.8,8.1,18.1,17.1,16.8,90.0,95.3,97.1,71.1,66.6,66.8,0.0,0.0,0.0,999.9,999.9,999.9,18,8.1,7.2
16585596,0723,80.7,81.0,80.6,45.2,47.3,47.3,873.1,904.6,901.0,13.5,15.0,13.9,6.6,7.8,8.1,31.1,17.1,16.9,98.1,95.3,96.8,66.0,66.7,66.9,0.0,0.0,0.0,999.9,999.9,999.9,0,8.2,7.7
16585596,0723,81.8,81.0,81.0,41.4,47.3,47.0,869.7,904.6,901.0,41.0,15.0,14.0,10.6,7.8,8.1,34.0,17.1,17.4,99.0,95.3,96.9,73.9,66.7,67.0,0.0,0.0,0.0,999.9,999.9,999.9,0,8.2,7.7
16585596,0723,69.7,81.0,80.7,34.9,47.2,46.8,871.0,903.9,901.0,10.0,15.2,15.1,10.2,7.8,8.2,24.1,17.2,18.0,99.0,95.3,96.8,72.0,66.7,67.6,0.01,0.0,0.0,999.9,999.9,999.9,0,7.9,7.7
16585596,0723,82.3,80.9,80.5,47.2,47.2,46.2,872.9,903.9,896.7,10.0,15.0,15.1,3.7,7.8,8.2,19.0,17.2,18.2,98.1,95.3,97.1,71.1,66.7,67.9,0.11,0.0,0.0,999.9,999.9,999.9,0,7.9,7.1
16585596,0723,69.7,80.9,80.6,45.2,47.3,46.2,999.9,903.9,896.8,10.0,14.9,15.1,5.1,7.8,8.2,11.1,17.3,18.1,90.0,95.3,97.3,61.0,66.8,68.0,0.0,0.0,0.0,999.9,999.9,999.9,18,7.9,6.5
16585596,0723,81.8,80.9,80.0,40.5,47.2,45.9,872.9,904.6,901.1,14.9,14.8,15.1,10.4,7.8,8.0,20.0,17.3,17.8,99.0,95.3,97.1,62.1,66.8,67.5,0.0,0.0,0.0,999.9,999.9,999.9,18,8.0,7.1
16585596,0723,77.5,80.9,80.2,50.2,47.1,45.7,872.4,904.6,901.1,9.9,14.8,14.6,7.8,7.9,8.2,18.1,17.3,17.6,91.9,95.2,97.0,71.1,66.7,67.2,0.17,0.0,0.0,999.9,999.9,999.9,18,8.0,7.1
16585596,0723,86.8,80.9,80.1,44.1,47.1,45.6,872.9,903.9,901.1,9.9,14.8,13.6,6.9,7.9,8.1,15.9,17.3,17.8,95.0,95.2,96.6,64.9,66.8,67.1,0.0,0.0,0.0,999.9,999.9,999.9,18,8.1,7.1
16585596,0723,88.1,81.0,80.3,41.4,47.1,45.7,869.5,903.9,901.2,10.0,14.8,13.6,9.6,7.9,8.0,13.0,17.3,18.0,99.0,95.2,96.5,61.0,66.7,67.2,0.0,0.0,0.0,999.9,999.9,999.9,18,8.2,7.7
16585596,0723,89.6,81.0,80.5,46.5,47.0,45.8,871.4,903.2,896.9,10.0,14.8,13.6,7.8,7.9,8.0,8.9,17.2,18.0,87.1,95.2,96.3,70.0,66.7,67.3,0.02,0.0,0.0,999.9,999.9,999.9,18,8.2,8.3
16585596,0723,87.8,81.0,80.6,40.5,47.0,45.6,873.0,903.2,896.9,10.0,14.6,13.6,5.6,7.9,7.9,19.0,17.2,17.9,102.9,95.2,96.1,71.1,66.7,67.4,0.15,0.0,0.0,999.9,999.9,999.9,0,8.3,8.3
16585596,0723,69.7,81.1,80.9,41.2,47.0,45.3,872.4,903.2,896.9,9.9,14.6,13.6,9.8,7.9,7.8,14.0,17.1,17.9,104.0,95.2,96.1,66.9,66.7,67.6,0.0,0.0,0.0,999.9,999.9,999.9,18,8.2,7.7
16585596,0723,76.8,81.0,80.4,41.4,46.9,44.8,999.9,903.2,897.0,9.9,14.6,13.6,9.9,7.9,8.0,22.0,17.1,18.0,89.1,95.3,96.6,57.0,66.7,67.3,0.0,0.0,0.0,999.9,999.9,999.9,18,8.3,8.3
16585596,0723,82.8,81.1,80.5,52.0,46.9,44.9,869.5,903.2,901.3,10.0,14.6,13.6,8.1,7.9,8.0,15.9,17.2,18.3,95.0,95.2,96.1,66.0,66.7,67.0,0.0,0.0,0.0,999.9,999.9,999.9,18,8.4,8.9
16585596,0723,85.4,81.1,80.4,50.9,47.0,45.5,866.4,903.2,901.2,9.9,14.6,13.6,8.8,7.9,8.1,11.1,17.2,18.3,90.0,95.3,96.4,75.9,66.7,67.2,0.0,0.0,0.0,999.9,999.9,999.9,18,8.5,8.9
16585596,0723,82.8,81.1,80.6,41.4,47.1,45.8,870.0,902.5,896.7,9.9,14.6,13.6,6.9,7.9,8.1,31.1,17.1,18.1,93.0,95.3,96.2,70.0,66.7,67.4,0.02,0.0,0.0,999.9,999.9,999.9,0,8.5,9.5
16585596,0723,78.3,81.1,80.7,41.4,47.1,45.4,869.5,902.5,896.7,10.0,14.6,13.6,6.9,7.9,8.1,24.3,17.3,18.7,93.9,95.3,95.9,62.1,66.7,67.4,0.03,0.0,0.0,999.9,999.9,999.9,18,8.4,9.0
16585596,0723,89.6,81.1,80.6,45.2,47.1,45.0,870.5,902.4,892.3,10.0,14.6,13.6,8.1,7.9,8.1,17.1,17.3,19.0,90.0,95.3,95.9,57.9,66.7,66.9,0.0,0.0,0.0,999.9,999.9,999.9,0,8.5,9.6
16585596,0723,81.8,81.1,80.9,54.6,47.1,45.2,871.0,902.4,888.0,9.9,14.6,13.6,4.9,7.9,8.0,14.0,17.2,19.1,102.9,95.2,95.8,66.9,66.7,66.5,0.0,0.0,0.0,999.9,999.9,999.9,18,8.5,9.6
16585596,0723,81.1,81.2,81.1,57.6,47.1,45.3,870.4,902.4,888.0,39.8,14.6,13.6,10.1,7.9,8.0,12.0,17.2,18.9,93.9,95.2,96.3,73.9,66.7,66.7,0.0,0.0,0.0,999.9,999.9,999.9,18,8.6,10.2
16585596,0723,81.1,81.2,81.0,57.5,47.2,45.7,999.9,902.4,888.1,41.0,14.7,14.6,8.2,7.9,8.0,11.1,17.2,18.2,93.9,95.3,96.0,57.9,66.7,67.1,0.0,0.0,0.0,999.9,999.9,999.9,2,8.6,10.8
16585596,0723,81.8,81.3,81.1,48.9,47.3,45.7,872.4,903.2,892.4,9.7,14.8,14.9,9.9,7.9,7.9,12.0,17.1,17.8,95.0,95.2,95.8,62.1,66.7,66.7,0.0,0.0,0.0,999.9,999.9,999.9,18,8.4,10.3
16585596,0723,87.8,81.3,80.8,49.3,47.2,45.8,871.0,902.5,888.1,9.9,14.8,14.9,10.2,7.9,7.9,10.1,17.1,17.8,90.0,95.2,95.9,64.9,66.6,66.7,0.0,0.0,0.0,999.9,999.9,999.9,0,8.5,10.3
16585596,0723,80.9,81.3,80.8,37.5,47.2,45.7,999.9,902.5,888.1,9.8,14.8,14.9,5.6,7.9,8.1,18.1,17.1,17.5,99.0,95.3,95.6,62.1,66.7,66.5,0.0,0.0,0.0,999.9,999.9,999.9,18,8.4,10.3
16585596,0723,80.9,81.3,80.9,54.1,47.2,45.3,872.4,903.2,888.1,20.3,14.8,14.9,4.7,7.8,8.0,15.9,17.1,17.7,91.9,95.3,95.5,63.0,66.7,66.7,0.0,0.0,0.0,999.9,999.9,999.9,18,8.4,10.3
16585596,0723,62.0,81.3,80.9,46.5,47.2,45.3,866.4,903.2,888.1,20.3,14.7,14.2,10.2,7.8,7.9,13.0,17.1,17.9,99.0,95.2,95.1,71.1,66.7,66.6,0.0,0.0,0.0,999.9,999.9,999.9,18,8.5,10.9
16585596,0723,86.8,81.2,80.4,49.3,47.2,45.0,873.0,903.2,888.0,39.8,14.8,14.1,10.1,7.8,7.9,26.0,17.1,17.7,102.0,95.3,95.0,57.9,66.7,66.7,0.0,0.0,0.0,999.9,999.9,999.9,16,8.5,10.9
16585596,0723,80.7,81.3,80.8,45.2,47.2,45.1,999.9,903.2,888.1,39.8,14.9,15.1,6.2,7.9,8.0,15.9,17.1,17.7,90.0,95.3,95.1,73.0,66.7,66.1,0.0,0.0,0.0,999.9,999.9,999.9,18,8.6,11.4
16585596,0723,82.8,81.2,80.8,57.5,47.2,45.3,871.5,903.9,892.4,10.0,15.1,16.1,8.7,7.9,7.9,11.1,17.2,17.8,102.0,95.2,95.2,62.1,66.7,66.2,0.15,0.0,0.0,999.9,999.9,999.9,0,8.7,12.0
16585596,0723,69.7,81.3,80.8,45.0,47.3,46.1,869.6,903.9,892.5,9.9,15.1,16.1,5.3,7.9,8.0,11.1,17.2,17.6,102.0,95.3,95.5,64.9,66.6,66.2,0.0,0.0,0.0,999.9,999.9,999.9,0,8.7,12.0
16585596,0723,81.8,81.2,80.6,45.2,47.4,46.5,873.6,903.9,892.5,10.0,15.1,16.0,9.5,7.8,7.9,14.0,17.1,17.3,102.9,95.3,95.9,62.1,66.6,66.0,0.0,0.0,0.0,999.9,999.9,999.9,0,8.6,11.4
16585596,0723,86.8,81.2,80.7,47.1,47.4,46.5,870.0,903.2,892.5,10.0,15.1,15.9,6.9,7.8,8.0,15.0,17.1,16.8,95.0,95.4,96.0,63.0,66.5,65.9,0.0,0.0,0.0,999.9,999.9,999.9,0,8.6,11.4
16585596,0723,83.0,81.2,80.8,55.9,47.4,46.6,873.0,902.5,892.5,39.8,15.1,14.8,11.6,7.8,7.9,13.0,17.1,16.1,93.9,95.4,95.9,64.9,66.5,65.5,0.0,0.0,0.0,999.9,999.9,999.9,0,8.5,11.4
16585596,0723,82.3,81.2,81.3,45.2,47.4,47.3,873.6,902.5,892.6,10.0,15.3,15.8,9.8,7.8,7.9,17.1,17.1,15.8,102.9,95.4,95.7,61.0,66.5,65.3,0.0,0.0,0.0,999.9,999.9,999.9,0,8.5,11.4
16585596,0723,89.6,81.2,81.3,33.1,47.4,47.3,873.5,901.8,892.6,10.0,15.3,15.8,5.6,7.8,8.1,19.0,17.1,15.7,93.9,95.5,95.9,73.0,66.5,64.9,0.0,0.0,0.0,999.9,999.9,999.9,18,8.5,11.4
16585596,0723,88.8,81.3,81.9,49.2,47.3,46.9,869.5,901.1,888.4,9.9,15.3,15.8,10.2,7.8,8.1,13.0,17.2,16.0,102.0,95.4,96.0,57.0,66.5,65.3,0.15,0.0,0.0,999.9,999.9,999.9,0,8.5,11.4
16585596,0723,77.5,81.3,82.2,36.2,47.4,47.2,872.4,901.1,888.3,10.0,15.3,15.6,6.9,7.8,8.1,19.0,17.2,15.7,87.1,95.4,96.1,62.1,66.4,65.2,0.0,0.0,0.0,999.9,999.9,999.9,0,8.4,10.8
16585596,0723,79.9,81.3,82.2,47.2,47.4,46.7,873.1,901.1,888.3,10.0,15.3,15.6,6.6,7.8,8.1,24.3,17.2,15.8,95.0,95.5,95.9,66.9,66.4,64.9,0.0,0.0,0.0,999.9,999.9,999.9,2,8.4,10.2
16585596,0723,86.6,81.3,81.9,57.5,47.3,46.8,999.9,901.1,888.3,10.0,15.3,15.7,6.2,7.8,8.1,18.1,17.3,16.0,87.1,95.5,95.9,71.1,66.4,64.9,0.01,0.0,0.0,999.9,999.9,999.9,0,8.4,9.7
16585596,0723,78.3,81.3,81.9,34.9,47.4,47.3,875.8,901.8,892.6,9.9,15.3,15.7,6.5,7.8,8.0,11.1,17.3,16.2,100.0,95.4,95.5,64.9,66.4,65.3,0.0,0.0,0.0,999.9,999.9,999.9,18,8.4,9.1
16585596,0723,78.4,81.2,81.5,49.2,47.3,47.0,869.7,901.8,892.8,9.8,15.1,15.6,8.7,7.8,7.9,10.1,17.2,16.3,91.9,95.4,96.0,73.9,66.4,65.1,0.0,0.0,0.0,999.9,999.9,999.9,18,8.5,9.1
16585596,0723,85.2,81.2,81.2,54.5,47.3,47.2,869.0,901.1,892.7,9.9,15.1,15.6,6.2,7.8,8.0,12.0,17.2,16.0,99.0,95.5,95.6,71.1,66.5,65.2,0.0,0.0,0.0,999.9,999.9,999.9,16,8.5,9.7
16585596,0723,87.8,81.2,81.7,54.1,47.4,47.7,870.5,901.1,892.5,9.7,15.0,15.6,6.3,7.8,7.9,22.0,17.2,15.9,100.0,95.5,95.4,64.9,66.5,65.3,0.0,0.0,0.0,999.9,999.9,999.9,0,8.6,9.6
16585596,0723,82.8,81.2,82.1,50.2,47.5,48.1,872.4,900.3,888.2,10.0,15.0,15.6,10.6,7.7,7.8,15.9,17.3,15.9,102.0,95.4,95.8,66.9,66.4,65.6,0.0,0.0,0.0,999.9,999.9,999.9,18,8.6,9.0
16585596,0723,77.1,81.2,82.1,57.6,47.5,48.0,873.6,900.4,888.3,9.8,15.0,15.6,5.3,7.7,7.9,15.0,17.3,15.9,95.0,95.5,96.0,54.0,66.4,65.6,0.0,0.0,0.0,999.9,999.9,999.9,0,8.6,9.0
16585596,0723,78.3,81.2,81.8,34.9,47.5,48.3,873.0,900.4,888.6,9.8,14.9,15.6,9.6,7.7,7.8,14.0,17.3,16.0,102.9,95.5,96.2,54.0,66.4,64.9,0.0,0.0,0.0,999.9,999.9,999.9,0,8.6,8.4
16585596,0723,87.8,81.2,81.7,44.1,47.4,48.1,873.0,900.4,888.7,10.0,14.9,15.6,5.3,7.7,7.9,12.0,17.4,15.5,102.9,95.6,96.5,59.0,66.3,64.4,0.0,0.0,0.0,999.9,999.9,999.9,48,8.6,8.4
16585596,0723,80.7,81.2,82.0,44.1,47.5,48.1,999.9,900.4,888.8,20.3,14.9,15.6,10.2,7.7,7.8,31.1,17.3,15.1,98.1,95.6,96.8,57.9,66.3,64.3,0.17,0.0,0.0,999.9,999.9,999.9,18,8.9,9.4
16585596,0723,77.5,81.2,81.7,48.9,47.4,48.1,873.6,900.4,893.1,10.0,14.9,16.0,6.4,7.8,7.9,34.0,17.3,15.5,88.7,95.6,97.1,62.2,66.2,64.3,0.0,0.0,0.0,999.9,999.9,999.9,0,9.0,10.0
16585596,0723,86.8,81.2,81.5,45.2,47.4,47.9,999.9,900.4,893.2,10.0,14.9,16.0,6.6,7.8,7.9,14.0,17.4,16.2,102.0,95.5,96.6,66.9,66.2,64.1,0.15,0.0,0.0,999.9,999.9,999.9,18,9.0,9.4
16585596,0723,79.9,81.2,81.7,52.0,47.4,47.5,869.5,901.1,897.5,22.3,14.9,15.0,9.3,7.8,7.8,15.9,17.4,16.3,102.0,95.6,96.9,66.0,66.2,63.9,0.0,0.0,0.0,999.9,999.9,999.9,18,9.0,9.4
16585596,0723,80.3,81.2,81.7,41.4,47.5,47.3,869.5,900.4,893.2,10.0,14.9,14.4,6.9,7.8,7.8,11.1,17.4,16.4,99.0,95.6,97.2,62.1,66.3,64.1,0.0,0.0,0.0,999.9,999.9,999.9,0,9.1,9.9
16585596,0723,76.4,81.1,81.6,34.9,47.4,47.1,871.4,900.4,893.1,9.9,14.9,14.4,10.4,7.8,7.7,18.1,17.4,16.4,87.1,95.7,97.3,73.9,66.2,64.1,0.0,0.0,0.0,999.9,999.9,999.9,2,9.1,9.3
16585596,0723,81.1,81.1,81.2,54.5,47.4,46.6,999.9,900.4,893.1,9.9,14.9,14.4,10.1,7.8,7.7,14.0,17.4,16.7,95.0,95.7,97.2,70.0,66.4,64.4,0.33,0.0,0.0,999.9,999.9,999.9,0,9.1,9.4
16585596,0723,82.8,81.0,81.3,40.5,47.4,47.2,871.4,901.1,893.1,10.0,14.9,14.4,8.1,7.8,7.9,15.0,17.4,16.5,95.0,95.7,97.1,62.2,66.3,64.7,0.33,0.0,0.0,999.9,999.9,999.9,18,9.0,8.8
16585596,0723,81.1,81.0,81.3,54.6,47.4,46.7,869.0,901.1,893.0,10.0,14.9,14.0,9.6,7.8,8.0,19.0,17.3,16.5,90.0,95.7,97.2,62.1,66.3,64.7,0.0,0.0,0.0,999.9,999.9,999.9,48,9.0,8.8
16585596,0723,76.4,81.0,82.0,33.1,47.4,47.0,871.0,900.4,893.1,10.0,14.9,13.7,6.2,7.9,8.0,15.9,17.4,16.7,93.9,95.7,96.9,73.9,66.3,64.4,0.0,0.0,0.0,999.9,999.9,999.9,0,9.1,9.8
16585596,0723,88.8,81.0,81.6,54.6,47.3,46.4,872.9,900.4,893.1,10.0,14.9,12.7,5.1,7.8,7.9,10.1,17.4,16.4,89.1,95.6,96.6,73.9,66.3,64.9,0.0,0.0,0.0,999.9,999.9,999.9,0,9.1,9.3
16585596,0723,81.1,81.1,81.9,40.5,47.3,46.7,869.6,899.7,888.8,10.0,14.9,11.7,5.1,7.8,7.8,19.0,17.3,16.2,93.0,95.6,96.6,63.0,66.3,64.9,0.0,0.0,0.0,999.9,999.9,999.9,18,9.1,8.7
16585596,0723,85.4,81.0,81.8,45.0,47.3,46.2,869.5,899.6,888.8,10.0,14.9,11.7,8.1,7.8,7.7,26.0,17.3,16.4,93.0,95.6,96.3,62.2,66.3,65.0,0.17,0.0,0.0,999.9,999.9,999.9,0,9.1,9.3
16585596,0723,88.8,81.0,82.3,57.2,47.2,46.2,871.0,898.9,888.8,9.9,14.9,11.7,6.3,7.8,7.8,24.3,17.3,16.9,87.1,95.6,96.0,66.9,66.3,64.9,0.0,0.0,0.0,999.9,999.9,999.9,18,9.1,9.3
16585596,0723,79.9,81.0,82.6,47.1,47.3,46.6,870.0,898.9,888.7,10.0,14.9,11.7,6.3,7.8,7.7,14.0,17.4,17.3,99.0,95.6,95.5,61.0,66.3,65.0,0.02,0.0,0.0,999.9,999.9,999.9,0,9.1,9.9
16585596,0723,81.8,81.0,82.3,41.4,47.3,46.6,999.9,898.9,888.7,10.0,14.9,11.7,5.3,7.8,7.7,10.1,17.3,17.2,95.0,95.6,95.6,61.0,66.3,65.0,0.0,0.0,0.0,999.9,999.9,999.9,48,9.0,9.9
16585596,0723,62.0,81.0,82.3,45.2,47.3,46.1,871.5,899.6,892.9,20.3,14.9,10.7,5.1,7.8,7.5,15.9,17.3,17.1,99.0,95.6,95.6,66.0,66.3,64.8,0.03,0.0,0.0,999.9,999.9,999.9,16,9.2,11.5
16585596,0723,62.0,80.9,81.6,57.2,47.3,46.1,870.5,899.6,892.8,10.0,14.8,11.0,6.2,7.8,7.3,12.0,17.3,17.1,87.1,95.6,95.5,66.9,66.3,65.0,0.03,0.0,0.0,999.9,999.9,999.9,0,9.2,12.0
16585596,0723,86.6,80.8,80.7,46.5,47.4,46.9,871.0,899.6,892.7,13.5,14.8,11.0,10.2,7.8,7.3,14.0,17.3,16.9,99.0,95.6,95.3,61.0,66.3,64.8,0.0,0.0,0.0,999.9,999.9,999.9,0,9.2,11.4
16585596,0723,88.8,80.8,80.6,50.9,47.4,46.8,999.9,899.6,892.8,9.9,14.8,11.2,11.6,7.8,7.3,18.1,17.2,16.9,79.0,95.6,95.2,66.0,66.2,64.9,0.0,0.0,0.0,999.9,999.9,999.9,48,9.1,11.4
16585596,0723,76.7,80.8,81.0,55.6,47.5,47.3,871.4,900.3,897.0,10.0,14.8,11.2,4.7,7.8,7.5,15.0,17.2,16.9,102.9,95.4,94.9,62.1,66.3,65.1,0.0,0.0,0.0,999.9,999.9,999.9,0,9.2,13.0
16585596,0723,81.1,80.8,80.9,36.2,47.4,47.6,870.5,899.6,897.0,30.7,14.8,11.2,9.6,7.8,7.4,15.9,17.2,16.6,98.1,95.5,95.2,64.9,66.2,64.9,0.0,0.0,0.0,999.9,999.9,999.9,18,9.2,12.9
16585596,0723,76.4,80.8,80.7,47.2,47.3,46.9,999.9,899.6,892.7,39.8,14.9,11.9,8.1,7.8,7.5,15.9,17.2,16.5,93.0,95.4,95.5,62.2,66.2,64.7,0.0,0.0,0.0,999.9,999.9,999.9,0,9.3,13.5
16585596,0723,78.3,80.7,80.7,40.5,47.3,47.3,869.5,900.3,896.8,10.0,15.0,12.8,5.3,7.8,7.6,10.1,17.1,16.6,102.9,95.4,95.3,61.0,66.2,64.6,0.02,0.0,0.0,999.9,999.9,999.9,0,9.3,12.9
16585596,0723,80.7,80.7,80.7,49.2,47.3,47.0,872.7,900.3,896.8,10.0,15.0,12.9,5.6,7.8,7.5,19.0,17.1,16.6,102.0,95.4,95.7,62.1,66.2,64.2,0.17,0.0,0.0,999.9,999.9,999.9,0,9.2,12.3
16585596,0723,76.7,80.7,80.5,49.3,47.3,46.8,869.5,900.3,896.9,10.0,15.0,12.9,6.2,7.8,7.4,34.0,17.1,16.9,102.0,95.5,95.8,62.2,66.1,63.9,0.11,0.0,0.0,999.9,999.9,999.9,18,9.1,11.8
16585596,0723,62.0,80.7,80.1,46.5,47.3,46.7,870.0,900.3,896.9,9.7,15.1,12.9,8.8,7.8,7.4,11.1,17.2,17.3,90.0,95.6,95.8,73.9,66.0,63.8,0.02,0.0,0.1,999.9,999.9,999.9,0,9.1,12.4
16585596,0723,78.3,80.6,79.4,37.5,47.4,46.5,873.6,899.6,896.8,41.0,15.0,12.9,5.3,7.8,7.4,19.0,17.2,17.1,95.0,95.5,95.4,68.0,66.1,64.0,0.0,0.0,0.1,999.9,999.9,999.9,0,8.9,11.8
16585596,0723,82.8,80.6,79.5,40.5,47.3,45.9,870.5,899.6,896.8,9.9,15.2,13.9,6.9,7.8,7.4,19.0,17.2,17.3,102.0,95.5,95.4,61.0,66.1,64.5,0.0,0.0,0.1,999.9,999.9,999.9,0,8.8,11.8
16585596,0723,82.7,80.6,79.6,54.1,47.2,46.0,999.9,899.6,896.7,30.7,15.2,13.9,8.8,7.8,7.3,13.0,17.3,17.4,88.7,95.6,95.4,70.0,66.1,64.7,0.0,0.0,0.1,999.9,999.9,999.9,18,8.7,11.8
16585596,0723,86.6,80.6,79.5,46.5,47.3,46.4,871.0,900.4,900.9,10.0,15.3,14.6,8.1,7.8,7.4,18.1,17.2,17.5,88.7,95.6,94.9,64.9,66.1,65.1,0.0,0.0,0.1,999.9,999.9,999.9,0,8.8,10.8
16585596,0723,81.8,80.7,79.7,41.4,47.3,46.5,999.9,900.4,896.7,9.9,15.3,14.2,8.7,7.8,7.3,17.1,17.3,17.0,95.0,95.5,94.6,70.0,66.1,65.3,0.0,0.0,0.0,999.9,999.9,999.9,48,8.8,10.2
16585596,0723,86.8,80.7,79.8,57.5,47.2,46.2,869.5,901.1,900.9,10.0,15.3,14.2,10.2,7.8,7.4,13.0,17.3,16.5,99.0,95.5,94.8,57.0,66.1,65.6,0.14,0.0,0.0,999.9,999.9,999.9,18,9.0,11.8
16585596,0723,78.4,80.7,79.8,41.4,47.2,46.6,870.4,901.1,896.5,30.7,15.2,14.2,3.7,7.8,7.5,12.0,17.3,16.4,100.0,95.5,94.7,57.9,66.1,65.2,0.0,0.0,0.0,999.9,999.9,999.9,0,9.1,11.8
16585596,0723,81.1,80.7,79.8,34.9,47.2,46.3,872.7,900.4,896.5,10.0,15.3,14.5,11.6,7.8,7.4,20.0,17.3,16.3,99.0,95.6,94.7,71.1,66.1,65.0,0.0,0.0,0.0,999.9,999.9,999.9,2,9.0,11.2
16585596,0723,79.9,80.8,79.8,44.1,47.2,46.1,872.7,899.7,896.7,9.9,15.3,14.5,5.6,7.8,7.5,13.0,17.3,16.6,98.1,95.6,94.7,66.9,66.2,65.3,0.01,0.0,0.0,999.9,999.9,999.9,0,8.9,11.3
16585596,0723,82.8,80.8,79.9,55.9,47.1,46.4,999.9,898.9,896.7,10.0,15.3,14.5,4.7,7.8,7.3,24.3,17.3,16.4,102.0,95.6,95.0,64.9,66.2,65.0,0.0,0.0,0.0,999.9,999.9,999.9,18,8.9,11.2
16585596,0723,88.8,80.8,80.0,46.5,47.2,46.4,999.9,899.7,896.7,10.0,15.1,14.5,9.6,7.7,7.2,11.1,17.4,16.8,93.9,95.7,95.3,73.0,66.2,64.9,0.0,0.0,0.0,999.9,999.9,999.9,0,9.0,11.8
16585596,0723,79.9,80.8,80.2,48.9,47.3,46.6,999.9,900.4,901.0,14.9,15.0,14.5,9.6,7.8,7.2,15.9,17.3,16.6,93.9,95.8,95.2,62.1,66.2,65.2,0.11,0.0,0.0,999.9,999.9,999.9,0,9.0,11.2
16585596,0723,79.9,80.8,80.1,36.2,47.3,46.4,873.0,901.1,905.3,9.8,15.1,14.7,6.9,7.8,7.2,10.1,17.3,16.5,79.0,95.7,95.3,72.0,66.2,65.2,0.0,0.0,0.0,999.9,999.9,999.9,18,9.0,9.6
16585596,0723,82.3,80.8,80.2,57.6,47.2,46.5,869.0,900.4,905.4,10.0,15.0,14.7,10.6,7.8,7.2,12.0,17.2,16.3,102.0,95.6,94.9,71.1,66.3,65.2,0.14,0.0,0.0,999.9,999.9,999.9,18,9.1,10.2
16585596,0723,76.7,80.8,80.0,49.2,47.3,46.6,869.0,900.4,905.3,22.2,15.0,14.7,9.8,7.8,7.4,31.1,17.2,16.4,90.0,95.6,95.3,71.1,66.3,65.1,0.02,0.0,0.0,999.9,999.9,999.9,18,9.2,10.8
16585596,0723,85.4,80.8,79.9,55.9,47.2,46.9,873.5,900.4,905.3,22.2,15.1,15.1,8.8,7.8,7.6,12.0,17.3,16.8,95.0,95.5,95.2,73.9,66.3,65.3,0.0,0.0,0.0,999.9,999.9,999.9,18,9.2,10.8
16585596,0723,81.1,80.8,79.9,48.9,47.2,47.3,871.0,899.7,905.4,10.0,15.1,15.5,9.6,7.9,7.6,18.1,17.3,16.3,99.0,95.5,95.2,62.1,66.3,65.7,0.0,0.0,0.0,999.9,999.9,999.9,0,9.3,11.4
16585596,0723,74.2,80.8,79.6,40.5,47.3,47.0,868.1,898.9,905.4,10.0,15.0,15.5,6.6,7.9,7.7,13.0,17.3,16.1,95.0,95.6,95.6,66.0,66.3,65.6,0.02,0.0,0.0,999.9,999.9,999.9,0,9.3,10.8
16585596,0723,85.2,80.7,79.4,58.4,47.2,46.8,872.4,898.9,905.3,9.7,14.9,15.5,10.1,7.8,7.7,31.1,17.3,16.1,102.0,95.6,95.5,72.0,66.3,65.7,0.03,0.0,0.0,999.9,999.9,999.9,18,9.2,10.8
16585596,0723,74.2,80.8,79.5,57.5,47.2,47.3,873.0,898.2,901.1,10.0,14.9,15.5,6.4,7.9,7.9,14.0,17.3,16.8,93.0,95.6,95.7,64.9,66.3,66.1,0.0,0.0,0.0,999.9,999.9,999.9,0,9.2,9.8
16585596,0723,89.2,80.7,79.9,39.9,47.3,47.8,868.1,898.2,901.1,10.0,14.9,15.1,6.5,7.9,7.9,15.9,17.3,16.7,91.9,95.7,95.5,71.1,66.3,66.1,0.0,0.0,0.0,999.9,999.9,999.9,0,9.1,9.3
16585596,0723,83.0,80.7,80.8,47.2,47.2,47.2,869.5,898.2,901.0,9.7,14.9,15.1,10.6,7.9,7.9,19.0,17.3,16.9,100.0,95.7,95.7,62.2,66.3,66.2,0.02,0.0,0.0,999.9,999.9,999.9,0,9.1,9.3
16585596,0723,89.2,80.8,80.7,54.1,47.1,47.2,872.4,898.2,901.0,9.8,14.9,15.0,9.5,7.9,8.0,26.0,17.3,17.0,91.9,95.8,95.7,66.0,66.2,66.3,0.17,0.0,0.0,999.9,999.9,999.9,0,9.1,9.3
16585596,0723,86.8,80.9,80.7,57.5,47.2,47.3,869.5,898.2,896.7,39.8,14.9,15.0,9.9,7.9,7.9,13.0,17.4,17.3,99.0,95.7,96.2,64.9,66.2,66.3,0.0,0.0,0.0,999.9,999.9,999.9,18,9.1,7.7
16585596,0723,79.3,80.9,81.1,48.9,47.2,47.4,866.4,898.2,896.7,22.2,15.1,16.0,5.6,7.9,8.1,13.0,17.4,17.2,99.0,95.7,96.0,59.0,66.2,66.3,0.0,0.0,0.0,999.9,999.9,999.9,18,9.1,8.3
16585596,0723,76.8,80.9,81.0,46.5,47.2,47.8,873.5,898.2,896.5,10.0,15.2,15.7,9.5,7.9,7.9,20.0,17.4,17.1,102.9,95.7,96.1,66.0,66.2,66.1,0.0,0.0,0.0,999.9,999.9,999.9,18,9.2,8.3
16585596,0723,79.9,80.9,81.0,40.5,47.1,47.8,870.0,898.2,892.3,10.0,15.2,14.7,9.9,7.9,8.0,11.1,17.3,17.3,93.0,95.8,96.4,57.0,66.1,66.3,0.0,0.0,0.0,999.9,999.9,999.9,0,9.3,8.9
16585596,0723,82.7,80.8,81.1,37.5,47.1,47.8,873.6,897.5,892.4,39.8,15.2,14.7,8.1,7.9,8.1,15.9,17.3,17.3,100.0,95.7,96.1,75.9,66.1,66.1,0.14,0.0,0.0,999.9,999.9,999.9,0,9.3,8.9
16585596,0723,81.1,80.8,81.2,54.1,47.0,47.4,873.1,896.8,892.4,9.9,15.3,15.7,6.9,7.9,8.2,19.0,17.2,17.2,93.9,95.8,96.0,64.9,66.2,66.6,0.14,0.0,0.0,999.9,999.9,999.9,0,9.3,8.9
16585596,0723,86.6,80.9,81.3,54.1,47.0,47.5,872.4,896.1,892.5,22.3,15.3,15.7,6.6,8.0,8.2,26.0,17.2,16.7,90.0,95.8,95.7,70.0,66.1,66.7,0.0,0.0,0.0,999.9,999.9,999.9,0,9.3,8.3
16585596,0723,81.1,80.8,82.1,54.6,47.1,47.8,872.4,896.1,892.6,20.3,15.3,16.1,10.4,7.9,8.2,18.1,17.3,17.2,93.9,95.7,95.7,73.9,66.2,66.6,0.0,0.0,0.0,999.9,999.9,999.9,0,9.2,8.3
16585596,0723,85.4,80.8,82.2,44.1,47.2,48.4,873.6,896.1,892.5,10.0,15.3,15.5,4.7,7.9,8.3,34.0,17.3,17.2,104.0,95.7,95.7,66.9,66.3,66.8,0.0,0.0,0.0,999.9,999.9,999.9,18,9.2,8.3
16585596,0723,88.1,80.9,82.3,57.2,47.2,48.5,875.8,896.1,892.6,10.0,15.3,15.5,8.2,7.9,8.3,34.0,17.4,17.7,102.0,95.8,95.8,66.2,66.2,67.0,0.01,0.0,0.0,999.9,999.9,999.9,0,9.3,8.9
16585596,0723,79.3,80.9,82.5,44.1,47.2,48.6,999.9,896.1,888.5,10.0,15.3,14.8,10.2,7.9,8.2,19.0,17.4,18.4,102.9,95.9,96.2,57.0,66.2,66.8,0.0,0.0,0.0,999.9,999.9,999.9,0,9.2,8.3
16585596,0723,89.2,80.9,82.2,54.1,47.3,48.5,866.4,896.8,892.8,9.7,15.1,14.8,7.8,7.9,8.3,15.9,17.5,18.4,104.0,95.9,96.7,57.9,66.1,66.6,0.0,0.0,0.0,999.9,999.9,999.9,0,9.2,8.3
16585596,0723,81.1,80.9,82.5,54.1,47.3,48.9,869.5,896.1,888.4,22.3,15.1,14.8,4.7,7.9,8.3,13.0,17.4,18.4,102.0,95.9,97.0,61.0,66.1,66.2,0.0,0.0,0.0,999.9,999.9,999.9,0,9.2,6.7
16585596,0723,89.2,80.9,82.3,45.2,47.4,48.8,870.0,896.1,888.4,10.0,15.2,15.2,9.8,7.9,8.1,19.0,17.4,18.4,104.0,96.0,97.1,64.9,66.0,66.3,0.0,0.0,0.0,999.9,999.9,999.9,0,9.2,6.1
16585596,0723,81.1,80.9,82.6,41.2,47.3,48.9,866.4,896.1,888.3,22.2,15.2,14.5,9.8,7.9,8.3,11.1,17.3,18.6,99.0,96.0,97.2,66.2,66.1,66.5,0.17,0.0,0.0,999.9,999.9,999.9,18,9.1,6.1
16585596,0723,87.8,80.9,82.6,47.1,47.3,49.1,869.0,895.3,888.1,10.0,15.2,14.9,5.3,8.0,8.2,11.1,17.3,18.3,98.1,96.0,97.2,71.1,66.0,66.4,0.0,0.0,0.0,999.9,999.9,999.9,18,9.1,6.6
16585596,0723,80.7,80.9,82.9,40.5,47.3,49.2,999.9,894.6,888.0,22.2,15.2,14.9,7.8,7.9,8.2,18.1,17.2,18.2,87.1,96.0,97.2,66.0,66.0,66.5,0.0,0.0,0.0,999.9,999.9,999.9,18,9.1,7.2
16585596,0723,62.0,80.9,82.8,33.1,47.2,48.7,869.7,895.3,888.0,9.9,15.3,15.3,4.9,7.9,8.3,34.0,17.2,18.0,95.0,96.0,96.7,73.9,66.0,66.5,0.0,0.0,0.0,999.9,999.9,999.9,48,9.2,7.2
16585596,0723,76.4,80.8,82.0,57.6,47.2,48.3,869.0,894.6,883.7,9.7,15.1,15.3,6.9,7.9,8.2,31.1,17.3,18.8,95.0,96.0,96.8,75.9,66.0,66.6,0.0,0.0,0.0,999.9,999.9,999.9,18,9.5,8.8
16585596,0723,80.7,80.8,81.8,57.2,47.2,48.6,873.6,893.9,879.3,10.0,15.1,15.1,10.1,7.9,8.1,14.0,17.4,19.3,102.0,95.9,96.8,66.9,66.1,67.0,0.0,0.0,0.0,999.9,999.9,999.9,18,9.6,9.4
16585596,0723,79.9,80.9,81.9,55.9,47.2,49.3,999.9,893.9,879.3,9.8,15.0,15.1,8.7,7.9,8.2,10.1,17.4,19.4,102.9,95.9,97.6,72.0,66.1,66.9,0.02,0.0,0.0,999.9,999.9,999.9,18,9.7,9.4
16585596,0723,80.3,80.9,81.8,39.9,47.3,49.2,873.1,894.6,883.7,14.9,14.8,15.1,3.7,7.9,8.1,10.1,17.4,19.4,102.9,95.9,97.6,64.9,66.1,66.9,0.0,0.0,0.0,999.9,999.9,999.9,0,9.5,9.4
16585596,0723,79.9,80.9,81.9,37.5,47.3,48.9,872.9,894.6,883.8,10.0,14.8,14.9,4.7,7.9,7.9,19.0,17.4,18.7,93.0,95.9,98.0,57.0,66.2,66.7,0.0,0.0,0.0,999.9,999.9,999.9,18,9.5,8.8
16585596,0723,74.2,80.9,81.7,47.2,47.2,48.3,870.5,894.6,883.8,10.0,14.8,14.5,4.9,7.9,7.8,12.0,17.4,18.9,93.0,95.9,97.9,57.9,66.1,66.1,0.0,0.0,0.0,999.9,999.9,999.9,18,9.6,8.8
16585596,0723,81.8,80.9,81.5,45.2,47.1,48.2,870.4,894.6,883.8,14.9,14.6,14.5,5.3,7.9,7.6,11.1,17.4,18.7,93.9,95.9,97.7,71.1,66.1,66.0,0.0,0.0,0.0,999.9,999.9,999.9,0,9.6,9.4
16585596,0723,79.9,80.9,81.7,48.9,47.1,48.4,870.4,893.9,883.9,9.9,14.6,14.6,10.1,7.9,7.6,19.0,17.3,18.6,87.1,95.9,97.7,62.1,66.1,66.2,0.15,0.0,0.0,999.9,999.9,999.9,0,9.6,9.4
16585596,0723,83.0,80.9,81.6,58.4,47.1,48.1,999.9,893.2,883.8,9.8,14.5,14.6,7.8,7.9,7.6,13.0,17.3,18.2,104.0,95.9,97.2,70.0,66.1,65.8,0.0,0.0,0.0,999.9,999.9,999.9,18,9.5,8.8
16585596,0723,74.2,80.9,81.9,50.2,47.2,48.1,872.4,893.9,888.0,9.7,14.4,14.6,3.7,7.9,7.6,13.0,17.2,18.2,100.0,96.0,97.6,62.1,66.2,66.0,0.0,0.0,0.0,999.9,999.9,999.9,0,9.6,9.4
16585596,0723,86.8,80.9,81.4,48.9,47.2,48.5,999.9,893.9,888.2,10.0,14.4,14.6,5.3,7.8,7.5,19.0,17.2,18.1,95.0,96.0,97.8,61.0,66.2,65.7,0.02,0.0,0.0,999.9,999.9,999.9,0,9.6,9.4
16585596,0723,80.3,80.9,81.5,45.2,47.3,48.5,873.6,894.6,892.5,9.9,14.4,14.6,4.7,7.8,7.4,18.1,17.2,18.1,95.0,96.1,97.7,66.0,66.2,65.7,0.0,0.0,0.0,999.9,999.9,999.9,18,9.6,9.4
16585596,0723,86.6,80.9,81.2,47.2,47.2,48.2,872.4,894.6,892.6,9.9,14.4,14.6,4.9,7.8,7.2,17.1,17.2,17.8,102.9,96.1,97.8,73.0,66.2,65.7,0.11,0.0,0.0,999.9,999.9,999.9,0,9.6,10.0
16585596,0723,80.9,81.0,81.2,54.1,47.2,47.9,999.9,893.9,892.7,10.0,14.4,13.6,8.7,7.8,7.0,15.9,17.1,18.0,99.0,96.2,97.9,73.9,66.2,65.9,0.0,0.0,0.0,999.9,999.9,999.9,0,9.6,9.4
16585596,0723,79.9,81.0,81.2,41.4,47.3,48.0,869.0,894.7,897.1,9.9,14.4,13.2,8.7,7.8,7.1,20.0,17.1,18.1,93.9,96.2,97.9,66.0,66.2,66.4,0.0,0.0,0.0,999.9,999.9,999.9,0,9.6,8.8
16585596,0723,79.3,81.0,81.3,54.5,47.3,47.9,999.9,893.9,897.0,14.9,14.2,13.2,4.7,7.8,7.1,17.1,17.1,18.1,93.9,96.3,97.6,73.9,66.2,66.4,0.02,0.0,0.0,999.9,999.9,999.9,0,9.5,8.2
16585596,0723,80.7,81.0,81.3,49.2,47.4,48.3,872.7,894.6,901.3,10.0,14.2,13.4,9.8,7.8,6.9,22.0,17.1,18.3,98.1,96.3,97.6,57.9,66.2,67.0,0.11,0.0,0.0,999.9,999.9,999.9,0,9.5,8.2
16585596,0723,79.9,81.0,81.3,48.9,47.3,48.7,869.5,894.6,901.3,10.0,14.1,12.4,5.3,7.8,7.0,20.0,17.1,18.5,98.1,96.3,97.6,57.0,66.1,66.4,0.0,0.0,0.0,999.9,999.9,999.9,0,9.4,8.2
16585596,0723,82.8,81.0,81.2,46.5,47.3,48.6,869.0,894.6,901.1,10.0,14.0,12.4,5.1,7.8,6.9,13.0,17.2,18.5,93.9,96.3,97.7,75.9,66.1,66.1,0.0,0.0,0.0,999.9,999.9,999.9,0,9.3,8.2
16585596,0723,78.3,81.1,81.1,47.1,47.4,48.3,870.5,894.6,901.0,10.0,14.0,12.0,6.9,7.8,6.9,10.1,17.1,18.1,95.0,96.4,97.9,57.9,66.1,66.3,0.0,0.0,0.0,999.9,999.9,999.9,0,9.2,8.2
16585596,0723,82.3,81.1,81.0,54.6,47.4,48.1,871.5,894.6,901.0,10.0,14.0,11.7,5.3,7.8,6.8,13.0,17.0,17.8,102.9,96.3,97.9,66.9,66.0,65.8,0.11,0.0,0.0,999.9,999.9,999.9,0,9.1,8.2
16585596,0723,76.4,81.1,80.9,45.2,47.3,48.4,871.0,893.9,900.9,30.7,14.0,11.7,8.2,7.7,6.8,15.9,17.0,17.1,88.7,96.3,97.9,66.0,66.0,65.8,0.0,0.0,0.0,999.9,999.9,999.9,0,9.0,7.6
16585596,0723,83.0,81.1,80.5,54.5,47.3,48.0,870.5,893.9,900.7,30.7,14.1,12.3,9.8,7.7,6.8,10.1,17.0,16.5,89.1,96.3,97.4,61.0,66.1,65.8,0.0,0.0,0.0,999.9,999.9,999.9,0,9.0,7.6
16585596,0723,79.9,81.1,80.6,34.9,47.4,48.4,999.9,893.9,896.4,13.5,14.2,13.0,8.7,7.7,6.8,14.0,16.9,16.2,102.0,96.3,97.0,63.0,66.1,65.9,0.0,0.0,0.0,999.9,999.9,999.9,18,8.9,7.6
16585596,0723,80.9,81.1,80.3,45.2,47.3,47.7,872.4,894.7,900.9,10.0,14.1,13.2,6.6,7.8,6.8,19.0,16.9,16.1,102.0,96.4,96.9,62.1,66.0,66.1,0.0,0.0,0.0,999.9,999.9,999.9,0,9.0,8.2
16585596,0723,80.3,81.0,80.3,37.5,47.3,47.4,869.5,894.7,901.0,10.0,14.1,12.8,3.7,7.8,6.9,11.1,17.0,16.3,93.9,96.4,96.9,54.0,66.0,66.1,0.0,0.0,0.0,999.9,999.9,999.9,0,8.9,8.2
16585596,0723,79.3,81.1,80.0,47.1,47.2,47.2,866.4,893.9,900.9,10.0,14.1,12.8,6.9,7.7,6.7,13.0,17.0,16.1,79.0,96.4,96.5,66.9,65.9,65.8,0.0,0.0,0.0,999.9,999.9,999.9,18,8.9,8.2
16585596,0723,89.6,81.0,79.9,39.9,47.2,47.4,873.6,893.9,900.9,10.0,14.1,12.3,6.9,7.7,6.6,15.9,17.0,16.1,102.0,96.3,95.9,73.9,65.8,65.8,0.0,0.0,0.0,999.9,999.9,999.9,18,8.9,8.2
16585596,0723,79.3,81.0,80.0,41.6,47.2,47.1,873.0,894.0,901.1,10.0,14.1,12.3,8.7,7.7,6.6,15.9,17.0,16.3,99.0,96.3,96.0,71.1,65.9,65.9,0.0,0.0,0.0,999.9,999.9,999.9,18,9.0,8.2
16585596,0723,76.7,81.0,80.0,39.9,47.1,47.2,870.4,894.0,896.9,41.0,14.1,11.9,5.6,7.8,6.7,24.1,17.0,16.2,93.0,96.3,96.4,66.0,65.9,66.0,0.0,0.0,0.0,999.9,999.9,999.9,0,9.0,8.2
16585596,0723,80.9,81.0,80.5,40.5,47.1,47.4,873.0,894.0,896.9,10.0,14.1,13.0,9.6,7.7,6.7,18.1,17.1,15.9,93.0,96.3,96.3,75.0,65.9,65.8,0.0,0.0,0.0,999.9,999.9,999.9,18,8.9,6.6
16585596,0723,81.1,81.0,80.6,47.1,47.1,46.8,872.7,894.0,897.0,10.0,14.1,13.0,8.7,7.7,6.8,24.1,17.0,15.5,93.0,96.2,96.3,57.0,65.9,65.7,0.17,0.0,0.0,999.9,999.9,999.9,0,9.0,6.6
16585596,0723,69.7,81.0,80.6,54.1,47.1,46.5,875.8,894.0,897.0,41.0,14.1,13.0,8.1,7.7,6.7,19.0,17.1,15.8,93.0,96.2,96.0,66.0,65.9,65.4,0.0,0.0,0.0,999.9,999.9,999.9,0,9.0,6.0
16585596,0723,89.6,80.9,80.3,44.6,47.2,46.4,869.5,894.0,892.9,10.0,14.2,14.0,5.3,7.7,6.7,18.1,17.1,16.1,87.1,96.2,95.6,73.9,65.9,65.2,0.0,0.0,0.0,999.9,999.9,999.9,0,8.9,5.4
16585596,0723,62.0,81.0,80.6,36.2,47.1,46.6,999.9,894.0,892.7,9.9,14.2,13.9,9.9,7.7,6.8,10.1,17.1,16.4,104.0,96.2,95.1,57.0,65.9,65.5,0.0,0.0,0.0,999.9,999.9,999.9,0,8.9,5.4
16585596,0723,76.8,80.9,80.0,45.2,47.0,46.5,869.5,894.7,897.0,10.0,14.2,13.9,8.2,7.7,6.9,14.0,17.1,16.1,102.9,96.2,95.5,70.0,65.9,65.5,0.0,0.0,0.0,999.9,999.9,999.9,0,8.9,4.8
16585596,0723,88.8,80.9,80.1,41.2,46.9,46.5,873.5,894.7,896.9,9.9,14.2,13.9,5.3,7.7,7.0,13.0,17.1,16.1,93.0,96.3,95.8,57.9,65.9,65.9,0.0,0.0,0.0,999.9,999.9,999.9,18,8.9,4.2
16585596,0723,74.2,80.9,80.3,37.5,46.9,46.3,872.7,894.7,897.0,9.9,14.2,13.7,6.9,7.7,7.0,13.0,17.0,16.2,90.0,96.2,95.8,66.9,65.9,65.5,0.01,0.0,0.0,999.9,999.9,999.9,0,9.0,4.8
16585596,0723,69.7,80.9,80.1,41.6,46.8,45.9,873.1,894.0,897.1,41.0,14.2,13.7,8.7,7.7,6.9,13.0,17.0,16.0,102.9,96.2,95.9,71.1,65.9,65.6,0.0,0.0,0.0,999.9,999.9,999.9,0,8.9,4.8
16585596,0723,87.8,80.8,79.7,41.2,46.8,45.4,999.9,894.1,892.9,9.9,14.4,14.7,6.9,7.7,7.0,17.1,17.0,16.0,102.9,96.3,95.8,72.0,65.9,65.7,0.0,0.0,0.0,999.9,999.9,999.9,18,8.8,4.2
16585596,0723,82.8,80.8,80.1,44.6,46.7,45.1,999.9,894.8,897.1,10.0,14.4,14.7,9.5,7.7,7.1,17.1,17.0,16.1,102.9,96.3,95.9,62.2,65.9,66.0,0.15,0.0,0.0,999.9,999.9,999.9,0,8.9,4.8
16585596,0723,78.3,80.9,80.0,45.2,46.7,44.9,872.4,895.5,897.1,9.7,14.3,14.7,8.2,7.7,7.2,17.1,16.9,16.1,100.0,96.3,96.2,75.9,65.9,66.0,0.0,0.0,0.0,999.9,999.9,999.9,0,8.8,4.8
16585596,0723,76.4,80.9,79.9,57.2,46.7,44.9,869.0,895.5,897.1,39.8,14.1,14.7,8.2,7.7,7.3,19.0,16.9,16.0,104.0,96.3,96.4,63.0,65.9,66.4,0.17,0.0,0.0,999.9,999.9,999.9,18,8.7,4.2
16585596,0723,82.3,80.8,79.6,55.6,46.8,45.3,872.4,895.5,897.0,30.7,14.3,15.7,8.1,7.7,7.4,31.1,17.0,16.1,93.0,96.3,96.4,54.0,65.9,66.0,0.0,0.0,0.0,999.9,999.9,999.9,0,8.8,4.8
16585596,0723,76.4,80.8,79.6,54.5,46.9,45.3,870.0,894.8,892.7,9.8,14.4,16.4,8.7,7.7,7.4,8.9,17.1,16.6,79.0,96.3,96.2,59.0,65.9,65.4,0.11,0.0,0.0,999.9,999.9,999.9,0,8.8,4.8
16585596,0723,80.9,80.8,79.5,41.4,46.9,45.8,873.0,894.8,892.8,10.0,14.4,16.4,5.6,7.6,7.4,19.0,17.1,16.2,100.0,96.2,95.7,59.0,65.8,65.1,0.0,0.0,0.0,999.9,999.9,999.9,0,8.7,4.8
16585596,0723,76.7,80.8,79.6,41.6,46.8,45.3,873.6,894.8,888.5,10.0,14.4,16.2,10.2,7.6,7.4,13.0,17.1,16.3,102.0,96.2,95.9,70.0,65.8,64.7,0.0,0.0,0.0,999.9,999.9,999.9,0,8.6,4.8
16585596,0723,74.2,80.7,79.4,55.6,46.7,45.1,872.7,894.8,888.6,9.9,14.4,16.2,6.5,7.7,7.5,10.1,17.1,16.0,102.0,96.2,96.0,64.9,65.8,65.1,0.0,0.0,0.0,999.9,999.9,999.9,0,8.6,4.8
16585596,0723,79.3,80.7,79.2,58.4,46.8,45.3,873.6,894.8,888.7,10.0,14.4,16.2,10.2,7.7,7.5,22.0,17.1,15.7,104.0,96.2,96.2,62.1,65.7,65.3,0.0,0.0,0.0,999.9,999.9,999.9,0,8.6,4.8
16585596,0723,82.8,80.7,79.1,34.9,47.0,45.7,999.9,894.8,888.8,9.9,14.4,16.2,5.3,7.7,7.7,24.3,17.1,16.0,93.9,96.3,96.5,62.2,65.8,64.9,0.17,0.0,0.0,999.9,999.9,999.9,0,8.5,4.8
16585596,0723,81.1,80.7,79.3,39.9,46.9,45.3,873.0,894.8,893.1,9.9,14.4,16.2,4.9,7.7,7.6,12.0,17.1,16.4,99.0,96.3,96.5,68.0,65.7,65.0,0.02,0.0,0.0,999.9,999.9,999.9,18,8.5,4.8
16585596,0723,79.9,80.7,79.2,57.2,46.9,44.8,869.6,894.8,893.2,10.0,14.4,16.2,6.4,7.7,7.6,12.0,17.1,16.4,91.9,96.3,96.3,63.0,65.7,65.0,0.0,0.0,0.0,999.9,999.9,999.9,48,8.5,5.4
16585596,0723,81.1,80.7,79.4,54.6,46.9,45.2,870.0,894.1,893.1,9.9,14.4,15.5,8.2,7.6,7.5,18.1,17.1,16.3,95.0,96.3,96.5,71.1,65.6,64.9,0.33,0.0,0.0,999.9,999.9,999.9,0,8.8,7.0
16585596,0723,77.5,80.7,79.3,44.6,47.0,45.2,869.7,893.4,893.1,10.0,14.4,14.9,4.9,7.6,7.5,15.9,17.1,16.5,104.0,96.3,96.6,62.2,65.6,65.3,0.02,0.0,0.0,999.9,999.9,999.9,18,8.8,7.0
16585596,0723,89.6,80.7,79.2,55.9,46.9,45.5,872.4,893.3,888.8,10.0,14.4,14.7,6.5,7.6,7.4,17.1,17.1,16.6,102.0,96.4,96.7,73.9,65.6,65.2,0.11,0.0,0.0,999.9,999.9,999.9,2,8.9,7.0
16585596,0723,86.8,80.8,79.5,47.1,47.0,45.9,869.7,893.4,888.8,10.0,14.4,14.7,8.2,7.6,7.4,24.3,17.0,16.5,79.0,96.4,96.7,62.1,65.7,65.6,0.11,0.0,0.0,999.9,999.9,999.9,0,8.9,7.1
16585596,0723,85.4,80.8,79.7,54.1,46.9,46.2,869.7,893.4,888.8,10.0,14.3,14.7,7.8,7.6,7.5,15.9,17.0,17.0,98.1,96.3,96.2,71.1,65.7,65.9,0.02,0.0,0.0,999.9,999.9,999.9,0,8.8,7.1
16585596,0723,81.8,80.8,79.9,50.2,47.0,46.4,872.7,892.6,888.9,10.0,14.3,14.7,5.1,7.6,7.5,26.0,17.1,17.1,98.1,96.3,96.9,57.0,65.7,66.0,0.0,0.0,0.0,999.9,999.9,999.9,18,8.7,6.5
16585596,0723,76.4,80.8,79.7,49.2,47.0,46.8,999.9,892.6,888.9,10.0,14.3,14.7,8.2,7.6,7.5,17.1,17.1,17.4,95.0,96.3,96.7,66.9,65.6,65.5,0.17,0.0,0.0,999.9,999.9,999.9,18,8.8,6.5
16585596,0723,80.7,80.7,79.6,57.2,47.0,47.0,872.9,892.6,893.1,10.0,14.3,14.7,3.7,7.6,7.5,15.0,17.1,17.5,95.0,96.3,96.6,72.0,65.7,65.3,0.02,0.0,0.1,999.9,999.9,999.9,0,8.8,6.5
16585596,0723,76.4,80.7,79.7,41.2,47.0,47.6,873.6,892.6,893.2,14.9,14.1,13.7,9.3,7.6,7.4,34.0,17.1,17.1,102.9,96.2,96.7,62.1,65.7,65.5,0.0,0.0,0.1,999.9,999.9,999.9,0,8.8,6.5
16585596,0723,78.3,80.7,79.5,47.2,46.9,47.6,999.9,892.7,893.2,22.2,14.1,13.9,5.1,7.6,7.4,20.0,17.2,17.7,100.0,96.2,97.0,71.1,65.7,65.1,0.0,0.0,0.1,999.9,999.9,999.9,18,8.7,5.9
16585596,0723,81.1,80.8,79.5,37.5,46.9,47.6,999.9,893.4,897.5,10.0,14.2,14.3,9.3,7.5,7.3,15.0,17.2,17.5,95.0,96.2,97.2,75.9,65.7,65.6,0.0,0.0,0.0,999.9,999.9,999.9,18,8.8,6.5
16585596,0723,81.1,80.8,79.8,46.5,46.9,47.1,873.0,894.1,901.6,10.0,14.2,13.2,11.6,7.6,7.3,22.0,17.2,17.4,95.0,96.3,97.3,63.0,65.7,65.9,0.0,0.0,0.0,999.9,999.9,999.9,18,8.9,7.1
16585596,0723,85.4,80.7,79.6,33.1,47.0,47.1,999.9,894.1,901.7,10.0,14.2,13.2,6.4,7.6,7.5,22.0,17.2,17.5,95.0,96.3,97.5,71.1,65.7,65.6,0.33,0.0,0.0,999.9,999.9,999.9,0,9.0,7.7
16585596,0723,62.0,80.8,80.3,57.5,47.0,47.0,869.0,894.8,901.7,13.5,14.1,13.2,8.2,7.6,7.4,12.0,17.2,17.9,102.9,96.3,97.2,62.2,65.7,66.0,0.0,0.0,0.1,999.9,999.9,999.9,0,8.9,7.7
16585596,0723,80.7,80.7,79.8,45.2,47.0,47.5,873.5,894.8,901.7,10.0,14.1,13.4,8.2,7.6,7.4,18.1,17.1,17.9,99.0,96.3,97.2,64.9,65.7,65.8,0.0,0.0,0.1,999.9,999.9,999.9,18,8.9,7.7
16585596,0723,80.3,80.7,79.6,41.4,47.1,47.6,869.6,894.8,901.7,9.9,14.0,13.4,9.9,7.6,7.5,11.1,17.1,18.0,88.7,96.3,97.5,54.0,65.6,66.0,0.0,0.0,0.1,999.9,999.9,999.9,18,9.0,7.7
16585596,0723,78.3,80.8,79.8,44.1,47.1,47.7,871.5,894.8,901.6,13.5,14.0,13.4,9.9,7.6,7.6,12.0,17.0,18.0,90.0,96.3,97.4,57.0,65.5,65.6,0.0,0.0,0.1,999.9,999.9,999.9,2,9.1,8.3
16585596,0723,81.1,80.7,80.1,50.9,47.1,47.8,873.1,894.8,901.5,9.9,14.0,12.4,6.6,7.6,7.6,24.1,16.9,17.9,89.1,96.2,97.0,57.9,65.5,65.1,0.02,0.0,0.1,999.9,999.9,999.9,18,9.1,8.3
16585596,0723,76.7,80.8,79.8,55.9,47.1,48.1,866.4,894.1,897.3,10.0,14.0,12.4,7.8,7.6,7.6,11.1,17.0,18.2,99.0,96.2,96.5,66.9,65.4,64.6,0.0,0.0,0.1,999.9,999.9,999.9,18,9.1,8.3
16585596,0723,74.2,80.8,79.6,52.0,47.2,48.5,869.5,894.1,892.9,10.0,13.9,12.4,6.4,7.6,7.6,11.1,17.0,18.0,93.0,96.2,96.4,54.0,65.5,64.8,0.0,0.0,0.1,999.9,999.9,999.9,2,9.1,8.9
16585596,0723,89.2,80.8,79.5,44.1,47.2,48.7,999.9,894.1,892.8,9.7,13.9,12.5,10.2,7.6,7.5,11.1,16.9,17.8,90.0,96.2,96.2,70.0,65.4,64.1,0.0,0.0,0.1,999.9,999.9,999.9,0,9.0,9.0
16585596,0723,78.4,80.8,79.9,44.1,47.2,48.3,873.6,894.8,897.1,10.0,13.9,11.5,9.5,7.6,7.6,20.0,16.9,17.5,87.1,96.2,95.7,63.0,65.4,64.3,0.0,0.0,0.0,999.9,999.9,999.9,0,8.9,8.4
16585596,0723,69.7,80.7,79.8,55.6,47.2,47.9,873.1,894.8,897.2,9.8,13.9,10.8,5.6,7.6,7.6,22.0,16.9,17.1,98.1,96.1,95.5,71.1,65.4,64.6,0.0,0.0,0.0,999.9,999.9,999.9,0,8.8,8.4
16585596,0723,81.1,80.6,79.6,50.2,47.3,47.9,873.1,894.8,897.3,14.9,13.9,10.8,4.7,7.6,7.5,20.0,17.0,17.6,88.7,96.2,96.1,71.1,65.4,65.0,0.0,0.0,0.0,999.9,999.9,999.9,0,8.7,8.4
16585596,0723,79.9,80.6,79.6,47.2,47.3,48.2,999.9,894.8,897.3,30.7,14.0,10.9,3.7,7.6,7.5,10.1,17.0,17.6,102.9,96.1,95.7,62.1,65.4,65.4,0.0,0.0,0.0,999.9,999.9,999.9,0,8.7,8.4
16585596,0723,87.8,80.6,79.7,50.2,47.4,48.4,872.9,895.5,901.5,9.9,14.1,11.6,9.8,7.6,7.3,31.1,17.0,17.5,102.9,96.1,95.8,64.9,65.4,65.1,0.0,0.0,0.0,999.9,999.9,999.9,0,8.6,8.4
16585596,0723,76.8,80.7,80.1,41.2,47.4,48.2,873.0,894.8,901.5,9.9,14.1,11.6,6.2,7.6,7.4,22.0,17.0,18.2,93.0,96.2,95.8,66.0,65.4,65.1,0.0,0.0,0.0,999.9,999.9,999.9,0,8.5,8.4
16585596,0723,82.3,80.7,80.1,39.9,47.3,47.7,871.0,894.8,901.5,9.7,14.1,11.6,9.9,7.5,7.3,15.0,17.1,18.2,95.0,96.2,95.4,62.2,65.4,65.3,0.0,0.0,0.0,999.9,999.9,999.9,0,8.4,8.4
16585596,0723,89.2,80.6,80.0,41.6,47.3,47.8,866.4,894.9,897.2,41.0,14.1,11.6,10.4,7.5,7.4,24.3,17.1,17.9,102.9,96.2,95.5,64.9,65.4,65.3,0.0,0.0,0.0,999.9,999.9,999.9,0,8.3,8.4
16585596,0723,69.7,80.7,80.3,50.9,47.3,47.9,872.4,894.8,896.9,9.9,14.3,12.6,4.7,7.6,7.6,26.0,17.1,18.3,90.0,96.2,95.6,61.0,65.3,65.2,0.0,0.0,0.0,999.9,999.9,999.9,48,8.3,7.8
16585596,0723,76.8,80.6,80.0,54.6,47.3,47.7,871.4,894.9,897.0,9.8,14.3,12.6,8.7,7.6,7.5,11.1,17.1,18.8,99.0,96.2,95.5,71.1,65.3,65.1,0.0,0.0,0.0,999.9,999.9,999.9,0,8.5,7.8
16585596,0723,85.4,80.5,79.8,55.6,47.4,47.7,873.6,894.9,897.1,13.5,14.3,12.6,9.3,7.6,7.5,19.0,17.0,18.6,90.0,96.3,95.7,73.0,65.4,65.1,0.0,0.0,0.0,999.9,999.9,999.9,18,8.5,7.8
16585596,0723,81.1,80.6,80.1,50.2,47.4,48.0,869.5,894.9,897.2,9.9,14.3,12.8,8.7,7.6,7.7,19.0,17.1,18.7,100.0,96.2,95.2,66.0,65.4,65.5,0.0,0.0,0.0,999.9,999.9,999.9,0,8.5,7.8
16585596,0723,79.9,80.6,79.8,55.6,47.3,47.9,872.4,894.9,897.1,41.0,14.1,12.8,10.6,7.6,7.8,12.0,17.1,18.7,93.9,96.2,95.1,59.0,65.4,65.2,0.0,0.0,0.0,999.9,999.9,999.9,0,8.4,7.7
16585596,0723,88.8,80.6,79.6,37.5,47.3,48.1,999.9,894.2,897.2,9.9,14.1,13.8,6.9,7.6,7.8,15.0,17.1,18.3,100.0,96.2,95.6,66.0,65.4,65.1,0.0,0.0,0.0,999.9,999.9,999.9,18,8.4,7.7
16585596,0723,74.2,80.6,79.7,57.2,47.3,47.6,873.1,894.9,901.6,41.0,14.1,13.8,5.3,7.6,7.8,18.1,17.1,18.3,95.0,96.3,95.7,66.2,65.4,64.9,0.0,0.0,0.0,999.9,999.9,999.9,0,8.4,8.3
16585596,0723,80.3,80.5,79.4,47.2,47.3,47.8,999.9,894.9,901.6,10.0,14.3,14.8,6.2,7.5,7.8,12.0,17.2,18.0,93.0,96.3,95.6,66.0,65.4,65.2,0.15,0.0,0.0,999.9,999.9,999.9,0,8.4,7.7
16585596,0723,82.3,80.5,79.6,57.6,47.4,47.8,999.9,894.9,901.6,10.0,14.3,14.8,10.2,7.5,7.8,14.0,17.1,17.8,102.0,96.3,95.5,73.9,65.4,65.2,0.03,0.0,0.0,999.9,999.9,999.9,0,8.3,7.1
16585596,0723,86.8,80.5,79.6,50.9,47.4,47.8,875.8,895.6,905.8,10.0,14.2,14.8,7.8,7.6,8.0,18.1,17.1,17.8,90.0,96.3,95.8,75.0,65.5,65.3,0.14,0.0,0.0,999.9,999.9,999.9,0,8.2,7.1
16585596,0723,76.8,80.7,80.0,36.2,47.4,48.1,999.9,895.6,905.9,39.8,14.2,14.7,8.1,7.6,7.9,19.0,17.2,17.3,99.0,96.3,95.3,66.2,65.5,65.7,0.02,0.0,0.0,999.9,999.9,999.9,0,8.1,7.1
16585596,0723,81.1,80.6,79.9,45.0,47.3,47.7,870.4,896.3,905.9,9.9,14.2,15.2,7.8,7.6,8.0,15.0,17.1,17.2,98.1,96.3,95.3,62.1,65.6,65.5,0.0,0.0,0.0,999.9,999.9,999.9,0,8.0,6.5
16585596,0723,88.8,80.6,79.9,45.2,47.3,48.0,869.7,895.6,901.6,10.0,14.0,15.2,5.6,7.6,8.0,14.0,17.1,17.2,79.0,96.3,95.4,68.0,65.5,65.1,0.0,0.0,0.0,999.9,999.9,999.9,0,7.9,5.9
16585596,0723,85.2,80.6,80.2,45.2,47.3,47.9,999.9,895.6,901.4,10.0,14.0,15.2,9.5,7.5,7.8,11.1,17.1,17.0,90.0,96.2,94.9,73.9,65.5,65.2,0.33,0.0,0.0,999.9,999.9,999.9,18,7.9,5.3
16585596,0723,86.6,80.7,80.2,36.2,47.3,48.3,873.6,896.3,901.4,10.0,14.0,15.2,10.6,7.6,7.9,19.0,17.1,16.6,104.0,96.1,94.7,62.1,65.6,65.3,0.0,0.0,0.0,999.9,999.9,999.9,18,8.0,5.9
16585596,0723,79.9,80.8,81.0,54.6,47.2,47.6,872.9,896.3,901.6,9.7,14.0,15.1,8.7,7.6,8.0,14.0,17.2,16.9,99.0,96.1,94.7,64.9,65.6,65.3,0.0,0.0,0.0,999.9,999.9,999.9,18,8.1,6.5
16585596,0723,62.0,80.7,81.0,48.9,47.3,47.9,872.7,896.4,901.6,22.3,14.0,15.1,10.2,7.6,8.0,11.1,17.1,16.7,95.0,96.1,94.7,71.1,65.6,65.3,0.14,0.0,0.0,999.9,999.9,999.9,18,8.2,6.5
16585596,0723,74.2,80.6,80.3,40.5,47.2,48.2,999.9,896.4,901.7,10.0,13.9,15.5,5.3,7.6,8.0,18.1,17.1,16.7,98.1,96.1,95.0,57.0,65.6,65.9,0.0,0.0,0.0,999.9,999.9,999.9,0,8.3,6.5
16585596,0723,76.4,80.6,80.2,41.4,47.2,48.1,869.5,897.1,906.0,10.0,13.9,15.4,4.9,7.6,7.8,15.9,17.1,16.9,99.0,96.1,95.2,66.9,65.6,65.9,0.02,0.0,0.0,999.9,999.9,999.9,0,8.3,6.5
16585596,0723,76.4,80.5,80.1,33.1,47.2,47.8,873.5,897.0,905.8,41.0,13.9,15.4,8.7,7.5,7.8,15.9,17.1,16.6,98.1,96.1,95.6,73.9,65.6,66.2,0.0,0.0,0.0,999.9,999.9,999.9,18,8.2,5.9
16585596,0723,82.3,80.4,80.0,39.9,47.2,47.0,871.4,897.1,906.1,9.9,14.1,16.4,5.6,7.5,7.8,12.0,17.1,16.8,95.0,96.1,95.5,73.9,65.7,66.4,0.02,0.0,0.0,999.9,999.9,999.9,2,8.3,5.9
16585596,0723,83.0,80.4,80.3,57.2,47.2,46.6,872.4,897.1,906.1,10.0,14.1,16.4,4.7,7.5,7.8,11.1,17.1,16.8,102.9,96.2,95.6,66.0,65.7,67.1,0.33,0.0,0.0,999.9,999.9,999.9,0,8.3,5.9
16585596,0723,80.7,80.5,80.1,50.9,47.2,47.0,872.4,897.1,901.9,20.3,14.1,16.5,6.2,7.5,7.6,10.1,17.0,16.8,102.9,96.2,96.0,66.0,65.7,67.0,0.0,0.0,0.0,999.9,999.9,999.9,0,8.3,5.9
16585596,0723,77.1,80.4,80.2,57.5,47.2,47.3,872.9,896.3,901.9,10.0,14.1,16.8,8.7,7.5,7.5,14.0,17.0,16.5,93.9,96.3,96.5,70.0,65.7,67.1,0.0,0.0,0.0,999.9,999.9,999.9,2,8.3,5.9
16585596,0723,62.0,80.4,80.4,54.1,47.3,47.3,870.4,896.3,901.8,9.9,14.1,16.8,5.3,7.5,7.6,13.0,17.0,16.2,87.1,96.3,96.4,62.1,65.7,67.0,0.17,0.0,0.0,999.9,999.9,999.9,0,8.2,5.9
16585596,0723,81.1,80.3,79.8,41.2,47.4,47.4,869.0,896.3,901.8,30.7,14.1,16.6,9.8,7.5,7.6,26.0,17.0,16.0,90.0,96.2,96.4,66.0,65.7,66.7,0.0,0.0,0.0,999.9,999.9,999.9,0,8.1,5.9
16585596,0723,88.1,80.3,79.8,57.2,47.3,47.2,869.5,896.3,897.4,10.0,14.2,16.6,4.7,7.5,7.8,19.0,17.1,16.5,102.9,96.2,95.9,64.9,65.6,66.8,0.0,0.0,0.0,999.9,999.9,999.9,18,8.0,5.9
16585596,0723,85.4,80.3,79.8,41.4,47.3,47.5,873.0,896.3,897.3,14.9,14.3,16.6,8.2,7.5,7.6,18.1,17.1,16.1,104.0,96.2,95.9,57.0,65.6,66.8,0.02,0.0,0.0,999.9,999.9,999.9,0,8.1,6.5
16585596,0723,80.7,80.3,80.1,39.9,47.2,47.5,872.4,896.3,897.3,10.0,14.3,16.8,6.2,7.5,7.7,10.1,17.1,16.0,93.0,96.2,96.3,72.0,65.6,66.5,0.11,0.0,0.0,999.9,999.9,999.9,18,8.0,6.5
16585596,0723,85.4,80.3,80.1,54.5,47.1,47.5,866.4,896.3,897.3,9.8,14.3,16.8,5.6,7.5,7.6,18.1,17.1,15.8,91.9,96.2,96.2,59.0,65.7,66.9,0.0,0.0,0.0,999.9,999.9,999.9,0,8.1,7.1
16585596,0723,82.8,80.4,80.0,49.3,47.3,47.9,871.4,896.3,897.3,10.0,14.3,15.8,6.5,7.5,7.4,15.0,17.1,15.6,95.0,96.1,95.9,66.0,65.7,66.7,0.11,0.0,0.0,999.9,999.9,999.9,18,8.1,7.1
16585596,0723,85.2,80.4,80.4,46.5,47.3,47.9,999.9,896.3,897.3,41.0,14.3,15.8,6.3,7.5,7.5,11.1,17.1,15.3,99.0,96.1,96.0,61.0,65.8,66.8,0.15,0.0,0.1,999.9,999.9,999.9,0,7.9,6.1
16585596,0723,80.3,80.4,80.7,49.2,47.3,47.6,870.4,896.3,901.6,30.7,14.4,16.8,8.7,7.5,7.4,18.1,17.0,15.3,93.9,96.1,96.0,66.9,65.8,66.5,0.0,0.0,0.1,999.9,999.9,999.9,18,7.8,6.1
16585596,0723,74.2,80.4,80.5,41.2,47.3,47.4,871.0,896.3,901.5,10.0,14.5,17.4,6.2,7.5,7.4,31.1,16.9,15.2,90.0,96.1,96.2,73.0,65.8,66.3,0.0,0.0,0.1,999.9,999.9,999.9,18,7.9,6.1
16585596,0723,69.7,80.3,80.3,58.4,47.3,47.1,869.5,895.5,901.5,10.0,14.5,17.4,5.6,7.5,7.3,15.0,17.0,15.6,102.0,96.1,95.8,66.0,65.8,66.5,0.0,0.0,0.1,999.9,999.9,999.9,18,7.9,6.7
16585596,0723,74.2,80.3,79.9,55.9,47.3,47.2,873.5,895.5,901.4,22.2,14.4,16.4,10.1,7.5,7.1,24.3,17.0,15.7,100.0,96.1,96.1,63.0,65.8,66.8,0.0,0.0,0.1,999.9,999.9,999.9,18,7.9,7.3
16585596,0723,85.4,80.2,79.4,55.6,47.4,47.8,871.5,895.6,897.2,9.7,14.5,16.8,6.2,7.5,7.2,34.0,17.1,16.0,95.0,96.1,96.1,62.2,65.8,66.7,0.0,0.0,0.1,999.9,999.9,999.9,0,8.0,7.3
16585596,0723,89.6,80.3,79.8,44.6,47.5,47.7,873.6,895.6,897.2,22.2,14.5,15.7,6.9,7.5,7.3,12.0,17.2,16.6,104.0,96.1,96.1,66.9,65.8,66.5,0.0,0.0,0.1,999.9,999.9,999.9,18,8.0,7.3
16585596,0723,81.8,80.3,80.1,50.9,47.5,47.6,871.4,894.9,892.9,30.7,14.6,16.1,10.4,7.4,7.3,13.0,17.1,16.6,98.1,96.2,96.5,66.0,65.8,66.6,0.0,0.0,0.1,999.9,999.9,999.9,0,8.1,7.9
16585596,0723,82.7,80.3,80.1,45.2,47.5,47.4,871.5,894.9,888.7,10.0,14.7,16.8,5.6,7.5,7.3,15.9,17.1,16.5,104.0,96.2,96.3,66.0,65.8,66.3,0.0,0.0,0.1,999.9,999.9,999.9,0,8.0,7.9
16585596,0723,85.2,80.3,80.0,37.5,47.5,47.2,872.9,894.9,888.5,10.0,14.7,16.8,8.8,7.4,7.2,13.0,17.1,16.5,93.9,96.3,96.8,62.1,65.8,66.0,0.0,0.0,0.0,999.9,999.9,999.9,0,7.8,7.9
16585596,0723,81.1,80.4,80.2,34.9,47.5,47.3,873.1,894.9,884.3,10.0,14.7,15.8,5.6,7.5,7.3,15.9,17.1,16.3,95.0,96.3,96.6,57.0,65.7,65.9,0.0,0.0,0.0,999.9,999.9,999.9,0,7.8,7.9
16585596,0723,69.7,80.3,80.2,50.2,47.4,46.9,870.5,894.9,884.4,9.7,14.7,15.8,11.6,7.5,7.2,24.3,17.1,16.3,87.1,96.3,96.5,75.0,65.6,65.7,0.02,0.0,0.0,999.9,999.9,999.9,0,7.8,7.9
16585596,0723,80.9,80.3,79.6,49.2,47.4,47.1,872.4,894.9,884.4,10.0,14.7,15.8,5.3,7.5,7.4,20.0,17.2,16.6,102.9,96.3,96.8,66.2,65.7,65.9,0.0,0.0,0.0,999.9,999.9,999.9,18,7.7,7.9
16585596,0723,79.9,80.3,79.5,37.5,47.5,47.2,872.4,894.9,880.1,22.2,14.7,15.8,10.4,7.5,7.2,15.9,17.1,16.9,102.9,96.3,97.2,75.0,65.7,65.7,0.0,0.0,0.0,999.9,999.9,999.9,48,7.8,7.9
16585596,0723,79.9,80.2,79.2,52.0,47.3,47.3,869.5,894.9,880.1,10.0,14.8,16.2,6.2,7.5,7.2,17.1,17.1,16.8,102.9,96.4,97.2,57.9,65.8,66.1,0.0,0.0,0.0,999.9,999.9,999.9,0,7.9,8.9
16585596,0723,76.4,80.2,79.2,41.2,47.4,47.2,999.9,894.9,880.0,10.0,14.8,16.2,6.6,7.5,7.2,24.1,17.1,16.9,93.0,96.4,97.3,75.0,65.8,65.9,0.0,0.0,0.0,999.9,999.9,999.9,16,7.9,8.3
16585596,0723,78.3,80.2,79.7,49.2,47.4,46.9,875.8,894.9,884.2,14.9,14.8,15.8,6.9,7.5,7.0,15.9,17.2,17.4,89.1,96.4,97.3,75.0,65.8,66.0,0.14,0.0,0.0,999.9,999.9,999.9,18,7.7,8.3
16585596,0723,86.6,80.3,79.9,54.6,47.4,47.2,870.0,894.9,880.1,10.0,14.7,16.0,9.9,7.5,7.1,31.1,17.2,17.3,99.0,96.4,97.0,66.9,65.9,66.6,0.11,0.0,0.0,999.9,999.9,999.9,0,7.8,8.9
16585596,0723,62.0,80.4,80.2,44.6,47.4,47.7,869.5,894.9,880.1,20.3,14.7,16.0,4.9,7.5,7.2,14.0,17.3,17.8,93.9,96.4,97.0,66.0,65.9,66.6,0.0,0.0,0.0,999.9,999.9,999.9,18,7.8,8.9
16585596,0723,81.1,80.3,79.7,39.9,47.4,48.0,871.4,894.9,880.0,10.0,14.8,15.3,5.6,7.5,7.1,12.0,17.3,17.7,102.0,96.4,96.8,66.0,65.9,66.3,0.0,0.0,0.0,999.9,999.9,999.9,0,7.9,8.9
16585596,0723,79.9,80.2,79.7,57.2,47.3,48.0,872.7,894.2,880.0,9.8,14.8,15.3,6.9,7.5,7.1,22.0,17.3,17.7,93.0,96.5,97.0,54.0,65.9,66.1,0.0,0.0,0.0,999.9,999.9,999.9,0,7.6,8.8
16585596,0723,85.4,80.2,79.6,57.6,47.3,48.0,870.0,894.2,880.0,10.0,14.8,15.3,10.2,7.5,7.2,12.0,17.3,18.1,102.9,96.5,96.7,73.9,65.9,65.7,0.0,0.0,0.0,999.9,999.9,999.9,0,7.6,8.8
16585596,0723,77.5,80.3,79.7,57.2,47.4,48.3,873.6,894.2,879.9,10.0,14.7,15.0,4.7,7.5,7.3,12.0,17.3,18.2,100.0,96.5,96.7,71.1,65.9,65.9,0.0,0.0,0.0,999.9,999.9,999.9,48,7.5,8.8
16585596,0723,78.4,80.3,79.8,41.2,47.5,48.3,869.6,893.5,879.9,9.9,14.5,15.0,11.6,7.5,7.2,18.1,17.2,18.1,102.0,96.5,96.9,73.0,66.0,66.0,0.0,0.0,0.0,999.9,999.9,999.9,0,7.8,10.3
16585596,0723,78.3,80.3,80.3,44.6,47.5,47.8,999.9,893.5,879.9,39.8,14.5,15.0,6.6,7.5,7.4,19.0,17.3,18.3,99.0,96.5,97.4,73.9,66.0,66.3,0.33,0.0,0.0,999.9,999.9,999.9,18,7.8,10.3
16585596,0723,79.9,80.3,80.2,49.2,47.5,47.9,999.9,894.2,884.3,14.9,14.6,15.3,8.8,7.5,7.3,15.9,17.3,18.0,102.9,96.5,97.7,66.0,66.1,66.6,0.0,0.0,0.0,999.9,999.9,999.9,18,7.9,10.9
16585596,0723,88.1,80.3,79.9,44.6,47.5,47.7,871.4,894.9,888.6,39.8,14.7,15.4,8.2,7.5,7.4,20.0,17.2,17.9,88.7,96.5,97.7,63.0,66.1,66.6,0.33,0.0,0.0,999.9,999.9,999.9,0,7.9,10.9
16585596,0723,80.7,80.4,80.0,49.3,47.5,47.8,869.0,895.0,888.6,30.7,14.8,16.3,5.3,7.5,7.4,15.0,17.2,18.0,102.0,96.5,97.2,61.0,66.1,66.8,0.0,0.0,0.0,999.9,999.9,999.9,18,7.9,10.9
16585596,0723,77.1,80.4,80.0,57.6,47.5,48.1,870.4,894.9,888.5,10.0,14.8,16.9,6.3,7.5,7.4,17.1,17.2,18.2,90.0,96.5,97.5,61.0,66.0,66.5,0.01,0.0,0.0,999.9,999.9,999.9,0,8.0,10.9
16585596,0723,81.1,80.4,79.7,36.2,47.6,48.2,999.9,894.9,888.6,10.0,14.8,16.9,6.2,7.5,7.4,22.0,17.2,18.1,87.1,96.5,97.4,61.0,66.0,66.5,0.0,0.0,0.0,999.9,999.9,999.9,0,8.0,10.9
16585596,0723,81.1,80.4,79.7,58.4,47.5,47.8,999.9,894.9,892.9,10.0,14.7,16.9,6.6,7.5,7.4,15.9,17.3,18.4,100.0,96.5,97.2,64.9,66.0,66.4,0.0,0.0,0.0,999.9,999.9,999.9,0,7.9,10.3
16585596,0723,77.5,80.4,79.5,57.5,47.6,48.2,999.9,895.6,892.9,13.5,14.7,15.9,6.4,7.5,7.4,11.1,17.2,18.5,90.0,96.5,97.2,70.0,66.0,66.5,0.0,0.0,0.0,999.9,999.9,999.9,0,7.9,10.3
16585596,0723,80.9,80.3,79.5,40.5,47.7,48.4,873.5,895.6,897.2,39.8,14.7,15.3,4.9,7.5,7.4,15.9,17.2,18.3,93.9,96.5,97.1,61.0,66.0,66.6,0.0,0.0,0.0,999.9,999.9,999.9,18,7.6,9.7
16585596,0723,76.8,80.3,79.7,49.2,47.6,48.4,869.5,895.7,897.3,22.3,14.9,16.3,5.3,7.5,7.3,19.0,17.2,17.8,99.0,96.5,97.2,64.9,66.0,66.2,0.17,0.0,0.0,999.9,999.9,999.9,0,7.6,9.7
16585596,0723,82.7,80.3,79.9,41.6,47.6,48.1,872.9,895.7,897.3,10.0,14.8,16.7,6.2,7.5,7.3,14.0,17.3,17.9,99.0,96.5,97.1,64.9,66.0,66.2,0.0,0.0,0.0,999.9,999.9,999.9,0,7.6,9.1
16585596,0723,82.8,80.3,80.2,54.6,47.7,47.6,873.1,895.7,897.3,10.0,14.8,16.3,5.6,7.4,7.2,11.1,17.2,17.6,99.0,96.5,97.1,57.0,66.0,66.2,0.0,0.0,0.0,999.9,999.9,999.9,0,7.6,8.5
16585596,0723,78.4,80.3,80.1,44.6,47.7,47.6,999.9,895.7,897.3,10.0,14.8,16.4,10.4,7.4,7.2,10.1,17.2,16.8,79.0,96.5,97.2,75.9,65.9,66.1,0.01,0.0,0.0,999.9,999.9,999.9,0,7.6,8.5
16585596,0723,85.2,80.3,79.7,54.6,47.7,47.6,999.9,895.7,901.5,39.8,14.8,15.9,7.8,7.5,7.3,11.1,17.1,16.7,102.9,96.3,96.4,64.9,66.0,66.4,0.01,0.0,0.0,999.9,999.9,999.9,0,7.5,7.9
16585596,0723,79.9,80.3,79.9,48.9,47.7,47.7,869.7,895.7,905.8,22.3,15.0,16.2,4.9,7.5,7.2,10.1,17.1,16.7,99.0,96.4,96.5,66.9,66.0,66.3,0.0,0.0,0.0,999.9,999.9,999.9,0,7.5,7.9
16585596,0723,80.7,80.3,79.8,50.2,47.7,47.8,869.5,894.9,905.7,9.8,15.0,16.7,9.3,7.4,7.2,14.0,17.1,16.5,91.9,96.4,96.4,63.0,66.0,66.3,0.11,0.0,0.0,999.9,999.9,999.9,0,7.5,7.9
16585596,0723,74.2,80.3,79.6,47.1,47.8,48.3,999.9,894.9,905.6,10.0,15.0,16.7,10.4,7.4,7.2,18.1,17.1,16.5,102.0,96.5,96.3,75.0,65.9,66.4,0.33,0.0,0.0,999.9,999.9,999.9,0,7.4,7.9
16585596,0723,81.1,80.2,79.4,54.6,47.7,48.7,870.4,895.7,909.9,10.0,15.0,16.6,6.2,7.4,7.3,19.0,17.2,16.6,99.0,96.5,96.5,71.1,66.0,67.0,0.0,0.0,0.1,999.9,999.9,999.9,0,7.3,7.9
16585596,0723,76.8,80.3,79.8,47.2,47.7,48.8,873.1,895.7,909.8,9.9,15.0,16.7,8.8,7.4,7.2,34.0,17.1,16.4,104.0,96.5,96.9,66.9,66.0,66.8,0.15,0.0,0.1,999.9,999.9,999.9,0,7.2,7.9
16585596,0723,79.3,80.2,79.6,46.5,47.7,48.8,869.0,895.7,909.9,9.9,14.9,16.7,10.2,7.4,7.3,20.0,17.2,16.9,98.1,96.6,97.0,71.1,65.9,66.9,0.0,0.0,0.1,999.9,999.9,999.9,0,7.1,7.3
16585596,0723,81.1,80.2,79.6,45.2,47.7,49.1,873.1,895.6,909.8,9.8,14.9,16.2,11.6,7.4,7.3,13.0,17.2,17.0,95.0,96.6,96.8,66.9,66.0,66.7,0.0,0.0,0.1,999.9,999.9,999.9,0,7.1,5.7
16585596,0723,81.8,80.2,79.6,54.5,47.7,48.8,873.0,895.7,909.9,30.7,14.9,16.2,9.5,7.4,7.4,20.0,17.2,16.9,93.9,96.6,96.5,66.9,66.0,67.0,0.15,0.0,0.1,999.9,999.9,999.9,0,7.1,5.7
16585596,0723,80.7,80.2,79.8,36.2,47.7,49.3,873.5,895.7,905.6,10.0,15.0,16.9,8.8,7.4,7.5,18.1,17.2,16.8,98.1,96.5,96.6,71.1,65.9,66.8,0.14,0.0,0.1,999.9,999.9,999.9,18,7.0,5.2
16585596,0723,77.5,80.3,79.9,52.0,47.6,48.8,870.0,895.7,905.6,10.0,15.0,16.8,5.6,7.5,7.6,20.0,17.2,16.8,90.0,96.6,96.9,73.9,66.0,66.6,0.0,0.0,0.1,999.9,999.9,999.9,0,7.1,5.2
16585596,0723,89.6,80.2,79.6,41.4,47.6,48.8,875.8,895.7,905.6,10.0,15.0,16.8,8.1,7.5,7.5,22.0,17.2,16.5,99.0,96.6,96.6,62.2,66.0,66.9,0.11,0.0,0.1,999.9,999.9,999.9,18,7.1,5.2
16585596,0723,82.8,80.2,80.5,41.2,47.6,48.6,999.9,895.7,905.8,20.3,15.0,16.4,8.8,7.4,7.6,11.1,17.2,16.7,102.0,96.6,96.7,71.1,66.0,66.7,0.02,0.0,0.1,999.9,999.9,999.9,0,7.2,5.2
16585596,0723,77.1,80.2,80.6,41.6,47.5,48.7,875.8,896.4,910.1,10.0,15.1,16.8,9.5,7.4,7.7,19.0,17.1,16.7,93.9,96.6,96.7,73.9,66.0,66.9,0.11,0.0,0.1,999.9,999.9,999.9,18,7.2,5.2
16585596,0723,89.2,80.1,80.5,50.2,47.4,48.2,869.5,896.5,910.2,10.0,14.9,16.8,9.9,7.4,7.8,31.1,17.2,16.6,99.0,96.6,96.8,54.0,66.1,67.6,0.0,0.0,0.1,999.9,999.9,999.9,18,7.2,5.8
16585596,0723,89.6,80.2,80.6,47.2,47.5,47.9,999.9,896.5,910.1,10.0,14.8,16.8,5.3,7.5,7.8,34.0,17.3,17.2,102.0,96.6,96.6,59.0,66.0,66.9,0.0,0.0,0.1,999.9,999.9,999.9,0,7.2,6.4
16585596,0723,77.5,80.3,81.0,58.4,47.5,47.6,871.5,897.2,914.4,9.9,14.8,16.8,9.6,7.4,7.8,10.1,17.4,18.0,93.0,96.6,96.7,70.0,66.0,66.5,0.01,0.0,0.1,999.9,999.9,999.9,0,7.1,4.8
16585596,0723,83.0,80.3,81.0,52.0,47.6,48.2,872.9,897.2,914.4,9.9,14.8,16.8,7.8,7.4,7.7,19.0,17.4,17.7,95.0,96.6,96.4,62.1,66.1,66.4,0.14,0.0,0.1,999.9,999.9,999.9,18,7.1,4.8
16585596,0723,86.8,80.3,81.1,50.9,47.6,48.4,875.8,897.2,910.2,30.7,14.7,15.8,8.2,7.4,7.7,15.9,17.4,17.7,102.0,96.6,96.3,75.0,66.0,66.0,0.0,0.0,0.1,999.9,999.9,999.9,48,7.2,4.8
16585596,0723,82.3,80.3,81.4,55.6,47.6,48.5,873.1,897.2,906.1,22.2,14.8,16.3,6.9,7.4,7.7,13.0,17.4,17.7,100.0,96.6,96.2,61.0,66.1,66.3,0.03,0.0,0.1,999.9,999.9,999.9,0,7.4,5.8
16585596,0723,82.7,80.3,81.2,48.9,47.6,48.8,872.9,897.2,906.1,9.7,14.8,15.7,10.6,7.4,7.7,15.9,17.3,17.5,93.0,96.7,96.6,73.9,66.0,66.3,0.11,0.0,0.1,999.9,999.9,999.9,0,7.4,5.8
16585596,0723,62.0,80.3,81.2,41.2,47.6,48.8,866.4,897.2,906.2,9.9,14.7,15.0,5.6,7.4,7.9,15.0,17.3,17.5,93.0,96.7,96.3,64.9,66.0,66.7,0.17,0.0,0.1,999.9,999.9,999.9,18,7.4,5.2
16585596,0723,77.5,80.1,80.7,39.9,47.6,48.3,871.4,897.2,906.1,10.0,14.7,15.0,10.2,7.4,7.8,11.1,17.2,17.4,93.9,96.6,96.4,62.1,66.0,66.8,0.0,0.0,0.1,999.9,999.9,999.9,18,7.4,5.8
16585596,0723,78.4,80.1,80.6,45.2,47.5,48.4,869.5,897.1,901.8,13.5,14.7,15.0,4.7,7.5,8.0,15.0,17.0,17.1,88.7,96.5,96.7,71.1,66.0,66.8,0.0,0.0,0.1,999.9,999.9,999.9,0,7.5,6.4
16585596,0723,77.5,80.1,80.5,44.6,47.5,48.0,870.0,896.4,897.5,9.8,14.7,15.1,5.3,7.4,7.9,15.9,17.0,17.0,93.0,96.5,96.3,66.9,66.1,67.1,0.0,0.0,0.1,999.9,999.9,999.9,0,7.5,6.4
16585596,0723,80.7,80.0,80.5,58.4,47.4,47.5,872.7,896.4,893.1,30.7,14.7,15.0,9.8,7.4,7.9,34.0,17.0,17.2,93.9,96.4,96.4,72.0,66.1,67.0,0.0,0.0,0.1,999.9,999.9,999.9,0,7.5,6.4
16585596,0723,81.8,80.0,80.5,50.9,47.5,48.1,870.5,896.5,893.1,10.0,14.8,14.7,6.2,7.4,8.0,10.1,17.1,17.8,98.1,96.4,96.4,57.9,66.2,67.3,0.0,0.0,0.1,999.9,999.9,999.9,0,7.5,5.8
16585596,0723,81.1,80.0,80.7,41.4,47.5,48.2,869.6,896.5,893.2,10.0,14.8,14.3,4.7,7.4,8.1,13.0,17.1,17.5,90.0,96.3,96.3,71.1,66.1,67.1,0.0,0.0,0.1,999.9,999.9,999.9,18,7.5,5.8
16585596,0723,78.3,80.0,80.6,45.2,47.5,48.2,873.6,896.5,893.0,14.9,14.7,14.3,6.2,7.4,8.0,18.1,17.1,17.5,102.0,96.3,96.0,66.0,66.2,67.3,0.11,0.0,0.1,999.9,999.9,999.9,0,7.5,6.4
16585596,0723,76.7,79.9,80.5,57.6,47.5,47.9,869.5,896.5,893.1,10.0,14.7,14.5,8.8,7.4,8.0,12.0,17.1,17.7,93.0,96.3,96.1,63.0,66.1,67.6,0.15,0.0,0.1,999.9,999.9,999.9,18,7.4,6.4
16585596,0723,77.5,79.9,80.4,57.2,47.6,48.3,872.9,895.8,888.7,9.7,14.7,14.5,6.9,7.4,8.0,15.9,17.1,17.8,79.0,96.3,96.6,61.0,66.1,67.2,0.14,0.0,0.1,999.9,999.9,999.9,0,7.4,7.0
16585596,0723,85.2,80.0,80.2,55.6,47.7,48.4,873.6,895.8,884.5,10.0,14.7,13.5,5.3,7.4,7.9,15.9,17.0,17.9,95.0,96.2,95.8,64.9,66.0,67.0,0.0,0.0,0.1,999.9,999.9,999.9,18,7.2,7.0
16585596,0723,85.4,80.0,80.3,52.0,47.7,48.6,873.5,895.8,884.6,9.9,14.7,13.0,6.2,7.4,8.0,18.1,16.9,18.1,102.9,96.2,95.7,66.9,66.0,67.0,0.0,0.0,0.1,999.9,999.9,999.9,0,7.2,7.6
16585596,0723,69.7,80.1,80.5,50.2,47.7,48.7,870.4,895.8,884.7,30.7,14.7,13.0,10.6,7.4,7.9,11.1,16.9,18.2,102.0,96.2,96.1,54.0,66.0,67.1,0.0,0.0,0.1,999.9,999.9,999.9,18,7.1,7.6
16585596,0723,80.3,80.0,80.4,34.9,47.6,48.8,875.8,895.1,880.4,10.0,14.8,13.7,9.5,7.4,7.9,12.0,16.9,18.0,93.9,96.2,96.0,73.0,65.9,66.4,0.01,0.0,0.1,999.9,999.9,999.9,0,7.1,8.2
16585596,0723,77.1,80.0,80.3,55.6,47.6,48.1,870.4,895.1,880.6,9.9,14.8,13.7,9.3,7.4,8.0,11.1,17.0,17.8,87.1,96.2,95.9,62.1,65.9,66.5,0.0,0.0,0.1,999.9,999.9,999.9,16,7.1,8.2
16585596,0723,76.7,80.0,80.3,49.2,47.7,48.4,872.4,895.1,880.5,20.3,14.8,13.7,5.3,7.5,8.0,14.0,16.9,17.0,90.0,96.2,95.3,64.9,65.9,66.3,0.0,0.0,0.0,999.9,999.9,999.9,18,7.1,8.7
16585596,0723,80.9,80.0,80.3,44.1,47.7,48.5,869.0,895.1,880.6,10.0,14.8,14.1,10.2,7.5,7.8,26.0,16.9,16.8,95.0,96.1,95.0,73.9,66.0,66.1,0.01,0.0,0.0,999.9,999.9,999.9,0,7.1,9.3
16585596,0723,76.4,80.0,80.2,41.2,47.7,48.4,999.9,895.1,880.5,9.8,14.8,14.1,5.6,7.5,7.8,15.9,17.0,17.2,93.9,96.1,95.0,66.0,66.0,66.3,0.15,0.0,0.0,999.9,999.9,999.9,18,7.1,9.3
16585596,0723,81.8,80.0,80.1,48.9,47.7,48.0,872.9,895.8,884.7,10.0,14.8,13.4,8.2,7.5,7.6,15.9,17.0,17.1,91.9,96.2,95.0,66.0,66.0,66.3,0.0,0.0,0.0,999.9,999.9,999.9,0,7.2,9.9
16585596,0723,76.7,80.0,80.1,49.3,47.6,48.4,999.9,895.1,884.7,10.0,14.8,13.4,8.8,7.5,7.6,15.0,17.0,17.0,102.0,96.1,94.8,64.9,66.0,66.1,0.11,0.0,0.0,999.9,999.9,999.9,18,7.1,9.3
16585596,0723,89.2,80.0,80.1,49.2,47.6,48.3,872.4,895.8,889.0,10.0,14.8,13.4,3.7,7.5,7.7,18.1,17.0,16.9,93.9,96.1,95.2,75.9,66.0,65.8,0.0,0.0,0.0,999.9,999.9,999.9,0,7.2,9.9
16585596,0723,69.7,80.0,80.1,45.2,47.6,48.6,872.4,895.1,888.9,10.0,14.8,13.4,9.6,7.5,7.6,18.1,17.0,16.7,95.0,96.1,95.1,54.0,66.1,66.3,0.0,0.0,0.0,999.9,999.9,999.9,2,7.2,9.3
16585596,0723,77.5,79.9,79.6,36.2,47.6,48.7,999.9,895.1,884.7,9.9,14.8,13.1,4.9,7.5,7.6,18.1,17.0,17.0,90.0,96.1,94.8,71.1,66.0,65.7,0.0,0.0,0.0,999.9,999.9,999.9,0,7.1,9.4
16585596,0723,85.2,79.9,79.6,41.6,47.6,48.5,872.4,895.8,888.8,9.9,14.8,13.0,9.6,7.5,7.5,14.0,17.0,16.9,98.1,96.1,94.7,54.0,66.0,65.6,0.0,0.0,0.0,999.9,999.9,999.9,18,7.1,8.8
16585596,0723,69.7,79.9,79.5,45.0,47.5,48.3,999.9,895.1,888.9,22.2,14.8,13.0,6.5,7.5,7.5,14.0,17.0,16.4,95.0,96.0,94.7,57.0,65.9,65.6,0.0,0.0,0.0,999.9,999.9,999.9,0,7.2,8.8
16585596,0723,78.4,79.9,78.8,54.1,47.5,48.2,872.4,895.8,888.9,10.0,14.9,13.4,6.9,7.5,7.5,15.0,17.0,15.7,93.9,96.1,94.4,57.9,65.9,65.6,0.0,0.0,0.0,999.9,999.9,999.9,18,7.2,8.8
16585596,0723,81.8,79.8,78.9,41.4,47.5,48.0,869.7,895.1,888.9,10.0,14.8,13.5,6.2,7.5,7.4,10.1,17.0,15.9,93.9,96.1,94.5,63.0,65.8,65.2,0.01,0.0,0.0,999.9,999.9,999.9,18,7.3,9.4
16585596,0723,76.4,79.9,78.8,33.1,47.5,47.7,869.0,895.1,888.8,10.0,14.8,13.5,5.6,7.5,7.3,15.0,16.9,15.6,88.7,96.0,94.4,66.9,65.8,65.2,0.15,0.0,0.0,999.9,999.9,999.9,0,7.4,9.4
16585596,0723,89.6,79.8,78.5,34.9,47.4,47.1,873.6,895.1,888.6,10.0,14.8,12.8,6.3,7.5,7.3,34.0,16.9,15.5,93.0,96.0,94.0,72.0,65.9,64.9,0.0,0.0,0.0,999.9,999.9,999.9,18,7.4,7.8
16585596,0723,87.8,79.9,78.7,55.6,47.3,46.4,871.0,895.1,888.6,20.3,14.8,12.4,6.9,7.5,7.2,8.9,17.0,16.2,99.0,96.0,93.8,68.0,65.8,65.3,0.0,0.0,0.0,999.9,999.9,999.9,0,7.5,8.4
16585596,0723,88.1,79.9,78.9,41.4,47.4,46.6,868.1,895.1,888.6,30.7,14.9,12.7,4.7,7.5,7.1,13.0,17.0,16.0,95.0,96.0,94.0,75.9,65.9,65.1,0.0,0.0,0.0,999.9,999.9,999.9,0,7.5,8.4
16585596,0723,85.4,80.0,79.8,57.5,47.3,46.6,873.6,895.1,888.6,10.0,15.0,13.4,10.4,7.5,7.1,14.0,17.0,15.9,90.0,96.0,94.0,66.0,65.9,65.4,0.02,0.0,0.0,999.9,999.9,999.9,18,7.5,7.8
16585596,0723,69.7,80.0,80.0,55.6,47.4,47.2,869.5,895.1,888.7,30.7,14.9,13.4,8.7,7.5,7.1,19.0,17.0,16.0,102.9,96.0,93.9,75.9,65.9,65.6,0.0,0.0,0.0,999.9,999.9,999.9,0,7.6,7.8
16585596,0723,79.9,79.9,79.7,58.4,47.4,47.6,870.5,895.1,888.7,9.8,14.9,14.0,11.6,7.5,7.2,13.0,17.0,16.2,93.0,96.0,94.4,75.9,66.0,65.7,0.11,0.0,0.0,999.9,999.9,999.9,0,7.6,7.8
16585596,0723,78.3,79.9,79.8,39.9,47.5,48.0,866.4,894.4,888.7,9.7,14.9,14.0,10.1,7.5,7.4,12.0,17.0,16.1,91.9,96.0,94.4,70.0,66.1,66.0,0.0,0.0,0.0,999.9,999.9,999.9,0,7.5,7.8
16585596,0723,69.7,79.9,79.7,57.5,47.5,47.4,871.5,894.4,888.5,10.0,14.9,13.3,10.1,7.5,7.4,11.1,17.0,15.3,102.9,95.9,94.3,75.9,66.1,66.0,0.0,0.0,0.0,999.9,999.9,999.9,0,7.5,7.8
16585596,0723,81.1,79.9,79.3,49.3,47.6,47.6,999.9,894.4,888.5,20.3,14.9,13.3,11.6,7.6,7.6,15.9,17.0,15.4,104.0,96.0,94.5,62.1,66.3,66.6,0.14,0.0,0.0,999.9,999.9,999.9,18,7.5,7.8
16585596,0723,81.8,79.9,79.3,50.9,47.6,47.9,873.1,895.1,892.9,9.9,14.9,13.6,5.3,7.6,7.8,14.0,17.0,15.5,102.0,96.1,94.9,71.1,66.2,66.3,0.03,0.0,0.0,999.9,999.9,999.9,0,7.5,7.8
16585596,0723,82.3,79.8,79.5,57.2,47.6,48.1,873.1,895.1,892.8,9.8,14.9,13.5,6.2,7.6,7.8,13.0,17.0,15.3,95.0,96.1,94.9,62.1,66.2,66.4,0.01,0.0,0.0,999.9,999.9,999.9,18,7.4,7.8
16585596,0723,78.4,79.8,79.6,39.9,47.7,48.1,873.0,895.1,893.0,9.9,14.9,13.4,8.1,7.6,7.7,15.9,17.0,15.4,102.9,96.1,95.0,64.9,66.2,66.4,0.11,0.0,0.0,999.9,999.9,999.9,18,7.4,7.8
16585596,0723,83.0,79.9,79.7,57.2,47.7,47.5,999.9,895.1,893.0,10.0,14.8,13.5,10.4,7.6,7.7,8.9,16.9,15.4,102.9,96.2,95.8,62.1,66.2,66.5,0.0,0.0,0.0,999.9,999.9,999.9,0,7.5,8.4
16585596,0723,78.4,79.9,79.6,58.4,47.8,47.6,999.9,895.9,897.2,10.0,14.8,13.5,9.6,7.6,7.9,13.0,16.9,15.1,99.0,96.2,96.1,66.9,66.1,66.4,0.0,0.0,0.0,999.9,999.9,999.9,0,7.4,7.8
16585596,0723,85.2,79.9,79.4,57.6,47.9,47.8,999.9,896.6,901.4,20.3,14.8,13.5,6.9,7.6,8.0,18.1,16.8,15.0,93.9,96.2,95.9,68.0,66.1,66.4,0.03,0.0,0.0,999.9,999.9,999.9,0,7.4,7.8
16585596,0723,89.2,79.9,79.9,33.1,47.9,48.0,871.4,897.3,905.7,9.9,14.6,13.1,4.9,7.6,7.9,12.0,16.8,15.2,102.0,96.2,95.7,61.0,66.2,66.9,0.0,0.0,0.0,999.9,999.9,999.9,18,7.4,7.2
16585596,0723,79.3,79.9,80.2,41.6,47.8,48.0,872.4,897.3,905.6,9.9,14.6,13.1,5.6,7.6,7.7,15.0,16.8,15.2,93.0,96.3,95.9,66.9,66.1,66.5,0.0,0.0,0.0,999.9,999.9,999.9,0,7.5,7.8
16585596,0723,81.1,80.0,80.3,46.5,47.9,47.5,872.4,896.6,905.6,10.0,14.6,13.1,10.2,7.6,7.6,19.0,16.8,15.3,95.0,96.3,96.1,54.0,66.1,66.7,0.02,0.0,0.0,999.9,999.9,999.9,0,7.5,7.3
16585596,0723,88.8,80.1,80.4,47.1,47.9,47.4,873.5,896.6,905.6,10.0,14.6,12.8,7.8,7.6,7.8,11.1,16.8,15.5,93.9,96.2,96.3,71.1,66.1,66.3,0.03,0.0,0.0,999.9,999.9,999.9,0,7.5,6.7
16585596,0723,80.3,80.1,80.7,47.2,47.9,47.5,866.4,896.6,905.8,20.3,14.6,12.8,9.8,7.6,7.7,13.0,16.8,15.0,100.0,96.2,96.3,64.9,66.1,66.2,0.0,0.0,0.0,999.9,999.9,999.9,0,7.4,6.7
16585596,0723,78.3,80.1,80.8,57.5,48.0,47.7,869.6,896.5,901.3,9.9,14.7,13.1,5.3,7.6,7.8,15.9,16.8,14.9,95.0,96.3,96.5,71.1,66.1,66.2,0.0,0.0,0.0,999.9,999.9,999.9,0,7.4,6.1
16585596,0723,89.6,80.1,80.7,54.5,48.1,48.0,871.4,896.5,901.2,10.0,14.5,13.1,6.5,7.6,7.7,34.0,16.8,14.9,93.9,96.2,96.6,75.9,66.1,66.3,0.0,0.0,0.0,999.9,999.9,999.9,0,7.4,6.1
16585596,0723,79.3,80.1,81.1,49.3,48.1,48.2,871.0,895.8,896.9,41.0,14.5,13.1,10.4,7.6,7.7,31.1,16.9,15.5,95.0,96.2,96.3,64.9,66.1,66.7,0.15,0.0,0.0,999.9,999.9,999.9,18,7.3,5.5
16585596,0723,82.3,80.1,80.8,44.1,48.2,48.2,871.5,895.1,896.9,39.8,14.7,14.1,10.2,7.6,7.9,15.9,17.0,16.0,91.9,96.1,96.3,71.1,66.2,66.3,0.33,0.0,0.0,999.9,999.9,999.9,0,7.4,6.1
16585596,0723,82.3,80.1,81.2,44.6,48.1,48.1,868.1,895.1,896.9,10.0,14.9,15.1,4.7,7.6,7.9,26.0,17.0,15.9,99.0,96.1,96.2,59.0,66.1,66.9,0.01,0.0,0.0,999.9,999.9,999.9,0,7.4,6.0
16585596,0723,89.2,80.2,81.4,41.6,48.1,48.4,869.5,895.1,892.5,10.0,14.7,15.1,8.7,7.6,7.9,18.1,17.0,16.2,102.9,96.1,96.5,62.1,66.1,66.5,0.0,0.0,0.0,999.9,999.9,999.9,18,7.3,6.0
16585596,0723,79.3,80.2,81.5,41.6,48.0,48.4,872.7,895.1,892.4,9.9,14.6,15.1,9.9,7.6,7.9,11.1,17.0,16.3,99.0,96.1,96.7,72.0,66.1,66.8,0.0,0.0,0.0,999.9,999.9,999.9,18,7.4,6.0
16585596,0723,81.8,80.2,81.8,48.9,47.9,48.3,999.9,895.1,888.1,14.9,14.6,14.7,7.8,7.6,8.0,14.0,17.0,16.2,102.9,96.2,96.8,66.9,66.2,67.3,0.0,0.0,0.0,999.9,999.9,999.9,0,7.5,6.6
16585596,0723,82.8,80.2,81.9,34.9,48.0,48.1,873.1,895.8,892.4,10.0,14.6,14.9,6.9,7.6,8.0,18.1,16.9,16.2,99.0,96.3,97.1,64.9,66.3,67.6,0.02,0.0,0.0,999.9,999.9,999.9,16,7.5,6.0
16585596,0723,89.2,80.3,82.0,45.2,47.9,47.9,870.5,895.8,892.5,41.0,14.6,14.9,5.3,7.6,8.0,13.0,17.0,16.4,89.1,96.2,97.3,61.0,66.2,67.7,0.0,0.0,0.0,999.9,999.9,999.9,0,7.6,5.9
16585596,0723,89.6,80.4,82.4,57.6,47.9,48.3,999.9,895.8,892.5,10.0,14.8,15.9,10.2,7.6,8.0,34.0,17.0,16.4,98.1,96.2,97.3,66.9,66.2,67.5,0.01,0.0,0.0,999.9,999.9,999.9,18,7.6,5.9
16585596,0723,87.8,80.4,82.4,45.2,47.9,49.1,999.9,896.5,896.8,10.0,14.8,15.9,4.7,7.6,8.2,19.0,17.0,16.4,93.0,96.1,97.5,61.0,66.2,67.3,0.0,0.0,0.0,999.9,999.9,999.9,0,7.7,5.9
16585596,0723,89.2,80.4,82.4,45.2,47.9,48.7,873.0,896.5,901.1,10.0,14.8,15.6,6.3,7.6,8.1,13.0,17.0,16.7,87.1,96.1,97.3,66.2,66.2,67.1,0.01,0.0,0.0,999.9,999.9,999.9,18,7.7,5.9
16585596,0723,87.8,80.5,82.4,36.2,48.0,48.8,873.5,896.5,901.2,10.0,14.8,14.9,9.5,7.6,8.1,20.0,17.0,16.7,104.0,96.1,97.0,57.9,66.2,66.7,0.0,0.0,0.0,999.9,999.9,999.9,48,7.7,6.5
16585596,0723,77.5,80.5,82.5,48.9,47.8,48.1,869.6,896.5,901.2,20.3,14.8,14.9,5.6,7.6,8.1,8.9,17.1,16.9,93.0,96.1,97.5,68.0,66.2,66.5,0.0,0.0,0.0,999.9,999.9,999.9,18,7.7,7.5
16585596,0723,82.8,80.5,82.8,54.6,47.8,47.9,870.4,896.5,901.2,22.3,14.8,14.6,9.5,7.6,8.0,10.1,17.0,16.6,89.1,96.1,97.1,66.0,66.2,66.2,0.03,0.0,0.0,999.9,999.9,999.9,0,7.8,8.1
16585596,0723,76.8,80.5,82.9,57.2,47.9,47.8,999.9,896.5,901.2,10.0,14.9,15.0,5.1,7.6,7.9,13.0,17.0,16.5,95.0,96.0,97.0,66.9,66.2,65.9,0.11,0.0,0.0,999.9,999.9,999.9,18,7.7,8.1
16585596,0723,81.1,80.5,82.8,57.2,47.9,48.4,872.4,897.2,905.7,39.8,14.9,15.0,6.4,7.6,7.8,10.1,17.0,16.5,102.0,96.0,97.1,73.9,66.2,65.8,0.0,0.0,0.0,999.9,999.9,999.9,0,7.8,8.7
16585596,0723,81.8,80.4,83.2,49.3,47.9,48.3,872.4,897.2,905.7,10.0,15.1,16.0,5.3,7.6,7.6,15.9,16.9,16.5,93.0,96.1,97.1,66.0,66.2,65.7,0.0,0.0,0.0,999.9,999.9,999.9,18,7.8,8.7
16585596,0723,86.6,80.4,83.2,41.6,47.9,48.3,999.9,897.2,901.4,9.9,15.1,15.6,6.5,7.6,7.4,19.0,16.9,16.5,90.0,96.1,96.7,68.0,66.2,65.8,0.02,0.0,0.0,999.9,999.9,999.9,0,7.9,8.7
16585596,0723,87.8,80.4,83.4,41.6,47.9,48.0,873.5,897.9,905.7,9.9,15.1,15.6,5.6,7.6,7.5,18.1,16.8,16.6,95.0,96.1,96.3,62.2,66.3,65.7,0.03,0.0,0.0,999.9,999.9,999.9,0,7.8,8.7
16585596,0723,82.7,80.5,83.6,49.2,47.8,47.5,869.5,897.2,905.7,10.0,15.1,15.6,11.6,7.6,7.5,26.0,16.9,16.8,95.0,96.1,96.3,57.9,66.2,65.7,0.0,0.0,0.0,999.9,999.9,999.9,48,7.7,8.1
16585596,0723,69.7,80.5,83.7,49.3,47.8,47.8,869.5,897.2,905.6,41.0,15.1,15.6,6.2,7.6,7.6,11.1,16.9,17.1,95.0,96.1,96.1,64.9,66.2,65.5,0.0,0.0,0.0,999.9,999.9,999.9,0,7.9,9.1
16585596,0723,81.8,80.5,83.3,44.6,47.8,47.6,869.5,897.2,901.2,10.0,15.2,16.7,11.6,7.6,7.4,10.1,16.8,17.2,93.0,96.0,95.8,54.0,66.2,65.6,0.0,0.0,0.0,999.9,999.9,999.9,18,7.9,9.1
16585596,0723,86.8,80.5,83.4,57.5,47.8,47.1,999.9,896.5,896.9,22.3,15.1,16.7,5.6,7.6,7.5,20.0,16.7,17.1,102.9,96.0,95.6,62.2,66.1,65.2,0.15,0.0,0.0,999.9,999.9,999.9,0,7.9,9.7
16585596,0723,88.8,80.5,83.4,48.9,47.9,47.1,873.0,896.5,896.9,10.0,15.2,16.7,8.1,7.6,7.5,11.1,16.8,17.2,89.1,96.0,95.9,71.1,66.0,65.0,0.01,0.0,0.0,999.9,999.9,999.9,0,7.8,9.7
16585596,0723,77.1,80.6,83.4,33.1,47.9,47.6,869.5,896.5,896.9,10.0,15.2,16.7,4.7,7.6,7.6,11.1,16.7,17.2,95.0,96.0,95.5,66.9,66.0,65.3,0.0,0.0,0.0,999.9,999.9,999.9,48,7.7,9.1
16585596,0723,78.4,80.5,83.3,46.5,47.9,47.3,869.5,895.7,896.8,13.5,15.2,16.7,8.8,7.6,7.5,14.0,16.6,17.0,93.0,96.0,95.5,66.2,66.0,65.3,0.0,0.0,0.0,999.9,999.9,999.9,0,8.0,10.7
16585596,0723,80.9,80.6,83.2,41.4,47.9,47.3,869.5,895.7,896.7,22.2,15.2,16.9,9.9,7.6,7.5,11.1,16.6,16.9,102.9,95.9,95.5,61.0,66.0,65.7,0.11,0.0,0.0,999.9,999.9,999.9,48,8.0,10.7
16585596,0723,74.2,80.6,83.0,49.2,47.8,47.2,873.1,895.7,896.6,14.9,15.3,17.3,6.6,7.6,7.6,15.9,16.6,16.9,91.9,95.9,95.8,66.9,66.0,65.4,0.0,0.0,0.0,999.9,999.9,999.9,0,8.2,12.3
16585596,0723,86.8,80.6,82.8,54.1,47.9,47.2,873.6,895.7,896.8,39.8,15.3,17.1,6.5,7.6,7.4,11.1,16.6,17.0,95.0,96.0,95.5,61.0,66.1,65.4,0.0,0.0,0.0,999.9,999.9,999.9,18,8.1,12.3
16585596,0723,82.3,80.6,83.1,41.2,47.9,47.1,869.0,895.8,897.0,9.9,15.5,18.1,4.7,7.6,7.5,15.0,16.6,16.8,93.9,96.0,95.5,54.0,66.1,65.1,0.0,0.0,0.0,999.9,999.9,999.9,0,8.1,12.9
16585596,0723,82.8,80.6,82.8,48.9,47.9,46.7,873.6,895.7,896.9,9.9,15.5,18.1,6.2,7.6,7.4,18.1,16.6,16.2,102.9,96.0,95.5,71.1,66.1,64.4,0.0,0.0,0.0,999.9,999.9,999.9,18,8.0,12.9
16585596,0723,85.2,80.7,82.9,45.2,47.8,46.6,872.4,895.8,897.0,9.7,15.5,17.0,5.3,7.5,7.3,10.1,16.6,15.7,88.7,96.0,95.8,62.2,66.1,64.6,0.0,0.0,0.0,999.9,999.9,999.9,2,8.0,12.9
16585596,0723,88.1,80.7,83.0,36.2,47.8,46.7,872.4,895.8,897.0,9.9,15.5,16.0,5.1,7.5,7.1,24.3,16.6,15.5,104.0,96.0,95.7,66.0,66.2,64.3,0.0,0.0,0.0,999.9,999.9,999.9,0,8.0,13.0
16585596,0723,80.7,80.7,83.2,46.5,47.8,46.4,873.0,895.1,897.1,13.5,15.5,16.0,10.4,7.5,7.1,12.0,16.7,15.5,99.0,96.1,95.8,61.0,66.1,64.5,0.0,0.0,0.0,999.9,999.9,999.9,0,8.0,13.0
16585596,0723,79.3,80.7,82.9,41.2,47.8,46.6,872.9,895.1,897.3,9.9,15.5,16.2,6.6,7.5,7.2,8.9,16.6,15.3,104.0,96.2,95.7,62.1,66.1,64.5,0.02,0.0,0.0,999.9,999.9,999.9,0,8.0,12.4
16585596,0723,82.8,80.8,82.9,40.5,47.7,46.6,873.5,895.1,897.3,10.0,15.5,16.2,5.3,7.5,7.1,26.0,16.6,15.2,102.9,96.2,95.9,71.1,66.1,64.1,0.0,0.0,0.0,999.9,999.9,999.9,0,8.0,11.8
16585596,0723,85.2,80.8,83.0,47.2,47.6,46.3,872.9,895.1,893.0,10.0,15.5,16.0,6.9,7.5,7.0,11.1,16.6,15.6,88.7,96.3,95.9,72.0,66.1,64.3,0.0,0.0,0.0,999.9,999.9,999.9,0,8.0,11.8
16585596,0723,80.7,80.8,83.1,58.4,47.6,46.7,872.4,894.4,893.0,10.0,15.3,16.0,6.2,7.5,7.0,26.0,16.6,15.4,89.1,96.2,95.5,62.1,66.1,64.5,0.02,0.0,0.0,999.9,999.9,999.9,0,8.0,11.3
16585596,0723,85.4,80.8,82.8,34.9,47.7,47.1,868.1,894.4,893.1,10.0,15.3,15.0,10.2,7.5,7.0,18.1,16.6,15.8,102.9,96.1,95.5,70.0,66.1,64.6,0.15,0.0,0.0,999.9,999.9,999.9,18,8.0,11.3
16585596,0723,88.1,80.8,82.6,50.2,47.7,46.4,869.5,894.3,888.7,10.0,15.3,15.0,11.6,7.5,7.0,10.1,16.6,15.3,95.0,96.2,95.7,66.2,66.1,64.7,0.0,0.0,0.0,999.9,999.9,999.9,2,8.1,11.3
16585596,0723,62.0,80.9,82.6,33.1,47.7,46.5,869.6,894.3,884.4,10.0,15.3,15.0,10.2,7.6,7.3,11.1,16.5,15.0,93.9,96.2,95.7,70.0,66.2,64.8,0.0,0.0,0.0,999.9,999.9,999.9,18,8.2,11.3
16585596,0723,86.8,80.7,81.7,57.5,47.7,46.1,875.8,894.3,884.2,10.0,15.2,15.0,6.2,7.6,7.4,13.0,16.5,14.9,99.0,96.1,96.0,54.0,66.2,65.0,0.0,0.0,0.0,999.9,999.9,999.9,18,8.3,11.3
16585596,0723,77.5,80.8,81.7,57.6,47.7,46.8,872.4,894.4,884.3,10.0,15.2,15.0,7.8,7.6,7.3,18.1,16.4,14.7,99.0,96.2,95.8,73.9,66.2,64.8,0.02,0.0,0.0,999.9,999.9,999.9,0,8.1,10.3
16585596,0723,89.6,80.8,81.7,48.9,47.7,47.1,873.5,894.4,884.4,10.0,15.2,14.6,6.2,7.6,7.4,34.0,16.4,15.0,93.9,96.2,96.0,61.0,66.2,65.0,0.02,0.0,0.0,999.9,999.9,999.9,18,8.1,9.7
16585596,0723,81.1,80.8,81.9,33.1,47.7,46.9,999.9,894.4,884.5,9.8,15.1,14.2,6.9,7.5,7.2,34.0,16.5,15.8,99.0,96.2,96.2,62.1,66.1,64.9,0.0,0.0,0.0,999.9,999.9,999.9,18,8.1,10.3
16585596,0723,74.2,80.8,82.1,50.9,47.6,46.1,869.5,895.1,884.5,10.0,15.1,14.2,9.6,7.5,7.3,19.0,16.6,16.5,91.9,96.2,96.3,62.2,66.1,64.7,0.17,0.0,0.0,999.9,999.9,999.9,0,8.2,10.3
16585596,0723,79.9,80.8,81.8,45.2,47.6,45.9,999.9,895.1,884.4,9.9,15.0,13.2,6.2,7.5,7.4,14.0,16.6,16.8,93.9,96.2,96.0,66.9,66.1,64.3,0.0,0.0,0.0,999.9,999.9,999.9,0,8.2,10.3
16585596,0723,81.1,80.8,81.8,37.5,47.6,45.8,869.6,895.1,888.7,9.8,15.0,13.2,4.7,7.5,7.4,22.0,16.6,16.7,102.0,96.1,96.0,61.0,66.1,64.3,0.11,0.0,0.0,999.9,999.9,999.9,0,8.1,9.7
16585596,0723,80.7,80.8,81.6,50.9,47.5,45.7,999.9,895.1,884.3,10.0,14.8,13.2,10.2,7.5,7.4,12.0,16.6,16.8,99.0,96.2,96.4,64.9,66.1,64.1,0.0,0.0,0.0,999.9,999.9,999.9,0,8.1,9.7
16585596,0723,79.9,80.8,81.4,47.2,47.5,46.0,872.7,895.1,888.5,9.9,14.8,13.2,10.2,7.5,7.5,15.9,16.6,16.6,95.0,96.2,96.5,71.1,66.1,64.2,0.0,0.0,0.0,999.9,999.9,999.9,0,8.1,9.7
16585596,0723,79.9,80.8,81.3,54.5,47.5,45.9,870.5,894.4,888.7,10.0,14.8,13.2,9.9,7.5,7.5,19.0,16.7,16.3,98.1,96.2,96.5,54.0,66.1,64.6,0.0,0.0,0.0,999.9,999.9,999.9,0,8.1,8.1
16585596,0723,76.7,80.8,81.6,50.9,47.5,46.1,869.5,894.3,888.7,39.8,14.8,12.2,6.5,7.5,7.6,13.0,16.7,16.5,89.1,96.2,96.6,61.0,65.9,64.3,0.0,0.0,0.0,999.9,999.9,999.9,0,8.1,8.1
16585596,0723,76.4,80.8,81.4,47.1,47.6,46.3,872.4,893.6,888.7,9.9,14.8,13.2,9.9,7.5,7.4,14.0,16.6,16.6,99.0,96.2,96.5,64.9,65.9,64.5,0.11,0.0,0.0,999.9,999.9,999.9,2,8.1,7.5
16585596,0723,86.6,80.7,81.1,33.1,47.6,45.9,999.9,893.6,884.4,10.0,14.8,12.7,9.6,7.6,7.6,20.0,16.6,16.4,93.0,96.2,96.4,64.9,65.9,64.6,0.0,0.0,0.0,999.9,999.9,999.9,0,8.1,7.6
16585596,0723,79.9,80.7,81.0,50.9,47.5,45.4,869.7,894.3,888.7,22.3,14.8,12.7,9.8,7.6,7.6,19.0,16.7,16.7,95.0,96.2,96.5,57.9,65.9,64.4,0.02,0.0,0.0,999.9,999.9,999.9,0,8.1,7.6
16585596,0723,79.3,80.7,81.1,54.5,47.5,46.0,871.0,893.6,888.7,9.9,14.9,13.2,8.8,7.6,7.8,8.9,16.7,17.0,95.0,96.3,96.5,64.9,65.8,64.1,0.0,0.0,0.0,999.9,999.9,999.9,48,8.0,6.0
16585596,0723,81.1,80.6,81.1,52.0,47.6,46.3,870.4,893.6,888.7,20.3,14.9,13.0,4.9,7.6,7.8,15.9,16.6,16.8,99.0,96.2,96.6,63.0,65.8,64.0,0.17,0.0,0.0,999.9,999.9,999.9,0,8.2,7.6
16585596,0723,82.7,80.7,81.1,50.2,47.6,46.6,873.0,893.6,888.8,30.7,14.9,13.0,4.7,7.5,7.6,13.0,16.7,17.0,100.0,96.2,96.4,71.1,65.8,64.1,0.0,0.0,0.0,999.9,999.9,999.9,0,8.1,6.0
16585596,0723,82.8,80.8,81.4,54.6,47.6,46.7,999.9,893.6,888.8,41.0,15.0,13.5,10.2,7.5,7.6,19.0,16.7,16.9,95.0,96.3,96.7,54.0,65.8,64.3,0.0,0.0,0.0,999.9,999.9,999.9,18,8.0,6.0
16585596,0723,76.8,80.8,81.3,33.1,47.7,46.7,871.5,893.6,893.0,9.7,15.1,13.5,5.6,7.5,7.7,12.0,16.7,17.2,95.0,96.2,96.7,63.0,65.8,64.0,0.0,0.0,0.0,999.9,999.9,999.9,0,8.1,6.0
16585596,0723,83.0,80.8,81.1,49.2,47.7,46.4,872.4,893.6,893.0,9.9,15.1,13.5,3.7,7.5,7.7,10.1,16.6,17.1,89.1,96.2,96.7,68.0,65.8,64.3,0.33,0.0,0.0,999.9,999.9,999.9,0,8.1,6.0
16585596,0723,77.1,80.9,81.1,57.6,47.8,46.4,872.4,893.6,893.0,22.2,15.0,13.5,10.4,7.5,7.6,31.1,16.6,16.8,93.9,96.2,96.3,66.2,65.8,64.2,0.0,0.0,0.0,999.9,999.9,999.9,18,8.0,5.4
16585596,0723,82.3,80.8,80.8,50.2,47.8,46.8,866.4,893.6,893.0,13.5,15.0,13.9,5.6,7.5,7.8,10.1,16.7,17.5,90.0,96.2,96.4,68.0,65.7,64.4,0.0,0.0,0.0,999.9,999.9,999.9,0,8.1,5.9
16585596,0723,82.8,80.8,80.7,55.9,47.8,47.3,869.0,893.6,892.8,22.3,15.1,14.1,4.7,7.5,7.8,22.0,16.7,17.0,91.9,96.1,96.0,75.0,65.7,64.4,0.11,0.0,0.0,999.9,999.9,999.9,16,8.1,5.9
16585596,0723,76.8,80.8,80.7,45.0,47.8,47.6,999.9,893.5,892.7,10.0,15.1,14.4,5.6,7.5,7.6,26.0,16.8,17.3,102.0,96.0,95.7,75.9,65.8,64.9,0.11,0.0,0.0,999.9,999.9,999.9,0,8.1,6.5
16585596,0723,80.3,80.8,80.6,50.9,47.8,47.7,873.1,894.2,896.9,10.0,15.1,14.4,9.5,7.5,7.6,19.0,16.8,17.9,102.0,96.1,95.7,72.0,65.8,65.3,0.0,0.0,0.0,999.9,999.9,999.9,18,8.1,6.5
16585596,0723,76.8,80.9,80.6,41.4,47.8,48.1,871.4,894.3,896.9,13.5,15.1,14.4,6.9,7.5,7.7,24.3,16.9,17.7,99.0,96.2,95.6,63.0,65.9,65.4,0.0,0.0,0.0,999.9,999.9,999.9,18,8.2,7.1
16585596,0723,88.8,80.9,80.3,41.6,47.8,47.9,875.8,894.3,896.8,9.7,15.0,14.5,9.6,7.5,7.8,19.0,16.9,18.1,100.0,96.2,96.0,73.9,65.8,65.1,0.01,0.0,0.0,999.9,999.9,999.9,16,8.3,7.7
16585596,0723,82.8,80.9,80.5,44.6,47.7,47.3,872.4,894.3,897.0,10.0,15.0,14.5,8.7,7.6,7.9,18.1,16.9,17.9,88.7,96.2,96.4,61.0,65.9,65.5,0.0,0.0,0.0,999.9,999.9,999.9,2,8.3,8.2
16585596,0723,76.8,80.9,80.5,52.0,47.7,47.6,869.5,894.3,897.1,9.9,14.9,14.5,4.9,7.6,7.8,14.0,16.9,17.9,93.0,96.1,95.9,59.0,65.9,65.2,0.0,0.0,0.0,999.9,999.9,999.9,0,8.3,7.7
16585596,0723,81.1,80.9,80.1,47.1,47.7,47.7,869.7,894.3,897.1,10.0,14.9,14.5,9.3,7.6,7.6,11.1,16.9,18.0,104.0,96.1,95.8,54.0,65.8,64.9,0.11,0.0,0.0,999.9,999.9,999.9,0,8.2,7.6
16585596,0723,85.4,80.9,80.7,44.1,47.7,48.2,870.0,894.3,897.1,22.2,14.9,14.5,10.2,7.6,7.6,26.0,16.9,18.0,95.0,96.2,96.1,54.0,65.8,64.4,0.0,0.0,0.0,999.9,999.9,999.9,18,8.2,7.0
16585596,0723,83.0,80.9,80.7,58.4,47.7,47.7,868.1,894.3,896.9,9.9,15.0,14.9,6.4,7.6,7.7,10.1,16.9,18.5,95.0,96.2,96.0,61.0,65.7,64.4,0.03,0.0,0.0,999.9,999.9,999.9,0,8.2,7.0
16585596,0723,83.0,80.9,80.9,54.1,47.7,47.8,869.5,893.6,896.8,9.9,14.8,14.9,8.1,7.6,7.6,24.1,16.9,18.2,102.9,96.1,95.9,59.0,65.7,64.0,0.0,0.0,0.0,999.9,999.9,999.9,18,8.2,7.0
16585596,0723,82.7,80.9,80.6,57.5,47.8,47.9,872.7,893.6,896.6,30.7,14.7,14.9,10.4,7.6,7.7,10.1,16.9,17.9,98.1,96.2,96.2,75.9,65.7,63.9,0.0,0.0,0.0,999.9,999.9,999.9,18,8.2,7.0
16585596,0723,81.1,80.9,80.7,55.6,47.9,48.7,868.1,893.6,892.4,9.9,14.8,15.6,7.8,7.6,7.8,14.0,16.8,17.1,98.1,96.2,96.2,71.1,65.7,64.4,0.0,0.0,0.0,999.9,999.9,999.9,0,8.2,7.0
16585596,0723,88.8,81.0,80.9,57.5,47.8,48.9,869.5,893.6,892.3,10.0,14.8,15.6,5.6,7.6,7.8,15.0,16.8,16.9,87.1,96.2,96.4,57.0,65.7,64.7,0.33,0.0,0.0,999.9,999.9,999.9,18,8.1,7.0
16585596,0723,80.7,81.1,81.2,55.9,47.9,49.3,999.9,893.5,888.0,41.0,14.8,15.6,5.6,7.6,7.7,24.3,16.8,16.9,99.0,96.1,96.1,68.0,65.7,64.3,0.0,0.0,0.0,999.9,999.9,999.9,48,8.1,7.6
16585596,0723,89.2,81.0,81.2,54.5,47.9,49.9,869.6,894.3,892.3,9.7,14.9,16.6,4.7,7.6,7.8,11.1,16.7,17.0,87.1,96.2,96.0,62.1,65.7,64.6,0.02,0.0,0.0,999.9,999.9,999.9,0,8.4,9.2
16585596,0723,80.3,81.0,81.5,40.5,47.9,50.0,873.5,894.2,888.0,30.7,14.9,16.6,8.1,7.6,7.6,15.9,16.7,17.0,102.0,96.1,95.6,66.0,65.7,64.5,0.02,0.0,0.0,999.9,999.9,999.9,18,8.3,9.2
16585596,0723,88.1,81.0,81.5,49.2,47.9,49.8,873.6,894.2,888.0,10.0,14.9,17.3,6.6,7.6,7.5,17.1,16.7,17.0,102.9,96.1,95.9,75.9,65.7,64.3,0.0,0.0,0.0,999.9,999.9,999.9,0,8.4,9.8
16585596,0723,79.3,81.1,81.8,45.0,47.9,49.6,872.9,894.3,888.1,10.0,14.9,17.3,9.6,7.6,7.4,31.1,16.7,16.9,93.0,96.1,96.0,73.9,65.8,65.0,0.0,0.0,0.0,999.9,999.9,999.9,18,8.4,9.8
16585596,0723,85.4,81.0,81.9,44.6,47.9,49.4,872.4,894.3,888.2,9.9,14.9,16.3,10.2,7.6,7.5,14.0,16.8,17.5,95.0,96.1,96.2,61.0,65.8,65.5,0.0,0.0,0.0,999.9,999.9,999.9,0,8.5,10.4
16585596,0723,76.4,81.0,82.2,57.5,48.0,49.4,999.9,894.3,888.2,10.0,14.9,16.3,9.9,7.6,7.5,10.1,16.8,17.5,104.0,96.1,96.0,57.0,65.9,65.3,0.03,0.0,0.0,999.9,999.9,999.9,18,8.5,10.3
16585596,0723,80.9,81.1,81.8,47.2,48.0,50.2,869.5,895.0,888.2,10.0,14.9,16.3,3.7,7.6,7.5,17.1,16.7,17.2,95.0,96.2,96.4,57.9,65.8,65.1,0.0,0.0,0.0,999.9,999.9,999.9,0,8.6,10.9
16585596,0723,85.4,81.1,81.9,57.2,48.0,50.0,873.5,895.0,888.2,9.9,14.9,15.9,5.1,7.6,7.3,13.0,16.7,17.1,102.0,96.1,96.4,62.1,65.7,65.1,0.0,0.0,0.0,999.9,999.9,999.9,0,8.5,10.9
16585596,0723,79.9,81.1,82.1,57.2,48.1,50.1,870.0,895.0,888.3,10.0,14.8,15.9,9.5,7.6,7.2,15.0,16.7,17.3,102.0,96.1,96.6,70.0,65.6,65.0,0.0,0.0,0.0,999.9,999.9,999.9,0,8.2,9.3
16585596,0723,82.3,81.1,82.0,45.2,48.1,50.3,870.5,895.0,888.3,10.0,14.8,15.5,6.3,7.6,7.4,14.0,16.7,17.2,93.9,96.1,96.7,62.1,65.7,65.2,0.0,0.0,0.0,999.9,999.9,999.9,0,8.2,9.3
16585596,0723,86.8,81.1,82.0,45.2,48.2,50.1,870.0,894.2,888.2,10.0,14.8,14.8,5.3,7.6,7.4,18.1,16.6,17.3,102.9,96.1,96.5,54.0,65.6,64.9,0.0,0.0,0.0,999.9,999.9,999.9,2,8.1,9.3
16585596,0723,80.3,81.2,82.1,52.0,48.1,49.8,871.0,894.2,883.9,9.9,14.8,13.8,5.6,7.6,7.3,19.0,16.7,17.2,90.0,96.2,96.8,72.0,65.5,64.9,0.0,0.0,0.0,999.9,999.9,999.9,18,8.1,8.8
16585596,0723,74.2,81.2,82.3,34.9,48.1,50.5,868.1,894.2,883.9,9.9,14.8,13.8,10.4,7.5,7.3,14.0,16.6,17.5,104.0,96.2,96.6,68.0,65.6,65.2,0.0,0.0,0.0,999.9,999.9,999.9,0,8.2,9.4
16585596,0723,83.0,81.2,82.0,50.2,48.1,50.0,868.1,894.2,883.7,9.7,14.7,13.8,10.4,7.6,7.5,34.0,16.6,17.6,102.0,96.2,97.1,66.0,65.6,65.2,0.0,0.0,0.0,999.9,999.9,999.9,0,8.1,9.4
16585596,0723,80.7,81.2,82.2,46.5,48.1,49.7,999.9,894.2,883.6,41.0,14.7,13.4,10.1,7.6,7.5,20.0,16.7,17.7,102.9,96.2,97.4,66.0,65.6,65.2,0.0,0.0,0.0,999.9,999.9,999.9,18,8.1,8.8
16585596,0723,81.1,81.2,82.1,57.2,48.1,49.6,872.4,894.9,888.0,41.0,14.9,14.3,5.1,7.6,7.6,22.0,16.7,18.0,104.0,96.3,97.8,66.0,65.6,65.1,0.14,0.0,0.0,999.9,999.9,999.9,18,8.2,9.4
16585596,0723,76.4,81.2,82.0,37.5,48.1,49.7,873.6,894.9,888.2,39.8,15.1,14.9,3.7,7.6,7.6,19.0,16.8,18.0,95.0,96.3,98.2,75.9,65.6,64.8,0.0,0.0,0.0,999.9,999.9,999.9,0,8.3,9.5
16585596,0723,87.8,81.2,82.0,46.5,48.0,49.4,871.4,894.9,883.9,10.0,15.2,15.9,8.7,7.6,7.6,11.1,16.8,17.8,102.0,96.2,98.0,70.0,65.6,64.8,0.0,0.0,0.0,999.9,999.9,999.9,18,8.0,9.5
16585596,0723,77.1,81.3,82.3,49.3,48.0,49.3,873.5,894.9,883.9,9.9,15.2,15.9,10.6,7.6,7.5,13.0,16.8,17.5,102.9,96.2,98.0,68.0,65.6,64.8,0.0,0.0,0.0,999.9,999.9,999.9,0,8.1,9.5
16585596,0723,74.2,81.3,82.3,41.6,48.0,49.5,869.5,894.2,884.0,10.0,15.1,15.8,9.9,7.6,7.7,14.0,16.7,17.1,99.0,96.3,98.1,66.0,65.6,64.9,0.0,0.0,0.0,999.9,999.9,999.9,18,8.0,8.9
16585596,0723,85.4,81.2,81.8,55.6,48.0,49.5,999.9,893.5,883.7,9.9,15.0,15.8,5.3,7.6,7.7,10.1,16.7,17.0,98.1,96.2,98.1,75.0,65.6,64.7,0.0,0.0,0.0,999.9,999.9,999.9,0,8.0,8.9
16585596,0723,80.7,81.2,81.9,58.4,48.0,49.9,873.5,894.2,888.0,14.9,14.9,15.8,8.2,7.6,7.6,14.0,16.7,16.7,104.0,96.3,98.4,66.0,65.6,65.1,0.0,0.0,0.0,999.9,999.9,999.9,18,8.0,8.9
16585596,0723,74.2,81.2,82.0,47.1,48.1,50.1,869.5,894.2,888.1,9.9,14.8,16.0,5.3,7.6,7.7,19.0,16.7,16.7,102.9,96.3,98.8,71.1,65.7,65.4,0.15,0.0,0.0,999.9,999.9,999.9,18,8.0,9.5
16585596,0723,86.8,81.2,81.8,55.9,48.0,50.1,872.4,894.2,888.1,9.9,14.8,16.0,9.5,7.6,7.5,17.1,16.7,17.0,87.1,96.4,98.7,59.0,65.7,65.9,0.02,0.0,0.0,999.9,999.9,999.9,48,8.1,10.1
16585596,0723,86.8,81.2,81.8,49.2,48.1,50.5,871.0,893.5,888.2,10.0,14.8,15.6,5.1,7.6,7.5,18.1,16.6,16.7,79.0,96.4,98.5,75.0,65.7,66.1,0.02,0.0,0.0,999.9,999.9,999.9,0,8.4,11.1
16585596,0723,82.8,81.3,82.0,45.2,48.1,50.2,999.9,892.8,888.3,39.8,14.8,15.6,6.9,7.6,7.5,14.0,16.6,16.9,89.1,96.3,97.9,75.0,65.8,66.6,0.0,0.0,0.0,999.9,999.9,999.9,0,8.4,11.1
16585596,0723,88.8,81.3,82.0,49.3,48.0,49.9,869.0,892.8,892.6,13.5,14.9,16.6,6.2,7.6,7.4,18.1,16.7,16.6,93.9,96.3,97.5,70.0,65.8,67.1,0.0,0.0,0.0,999.9,999.9,999.9,0,8.4,10.5
16585596,0723,87.8,81.3,82.2,47.1,48.1,49.6,873.0,892.8,892.5,10.0,14.8,16.0,11.6,7.6,7.3,13.0,16.7,16.9,100.0,96.3,97.3,66.0,65.8,66.9,0.11,0.0,0.0,999.9,999.9,999.9,0,8.3,9.9
16585596,0723,89.2,81.4,82.4,41.6,48.1,49.3,873.6,892.8,892.7,10.0,14.7,16.0,6.6,7.6,7.4,18.1,16.6,16.8,99.0,96.3,97.4,66.9,65.8,66.7,0.0,0.0,0.0,999.9,999.9,999.9,0,8.3,9.9
16585596,0723,87.8,81.4,82.4,44.1,48.1,48.8,870.0,892.8,892.8,10.0,14.7,16.0,9.6,7.7,7.5,14.0,16.7,16.9,90.0,96.3,97.8,71.1,65.9,67.1,0.0,0.0,0.0,999.9,999.9,999.9,0,8.3,9.3
16585596,0723,88.1,81.5,82.6,34.9,48.0,48.4,869.5,892.8,888.5,10.0,14.7,15.0,9.9,7.7,7.6,10.1,16.7,16.6,99.0,96.2,97.5,64.9,65.9,67.2,0.0,0.0,0.0,999.9,999.9,999.9,18,8.3,7.7
16585596,0723,78.4,81.5,82.6,54.1,47.9,47.8,872.9,892.1,888.5,14.9,14.7,15.0,9.8,7.7,7.8,20.0,16.7,16.6,93.0,96.3,97.9,62.1,65.9,67.3,0.17,0.0,0.0,999.9,999.9,999.9,18,8.4,8.3
16585596,0723,86.8,81.5,82.5,45.0,47.9,48.2,871.0,891.4,888.5,9.8,14.6,14.5,10.2,7.7,7.8,8.9,16.7,16.7,95.0,96.3,97.6,61.0,65.9,67.1,0.33,0.0,0.0,999.9,999.9,999.9,18,8.5,8.3
16585596,0723,85.2,81.5,82.5,57.2,47.9,48.1,869.0,891.4,888.4,9.9,14.5,14.5,10.6,7.7,7.9,18.1,16.7,16.4,99.0,96.3,97.3,66.0,65.8,66.6,0.0,0.0,0.0,999.9,999.9,999.9,0,8.6,8.9
16585596,0723,85.2,81.5,82.7,36.2,48.0,48.5,868.1,891.4,888.2,9.8,14.5,14.4,10.1,7.7,8.0,11.1,16.7,16.0,90.0,96.3,97.5,66.9,65.8,66.4,0.0,0.0,0.0,999.9,999.9,999.9,18,8.6,8.3
16585596,0723,89.6,81.6,82.7,41.4,47.9,48.2,869.7,890.6,888.1,10.0,14.5,14.4,5.6,7.7,8.0,13.0,16.7,15.9,102.9,96.2,97.4,62.1,65.8,66.6,0.0,0.0,0.0,999.9,999.9,999.9,0,8.7,8.9
16585596,0723,89.2,81.6,83.1,41.2,47.8,47.7,872.9,890.6,883.8,10.0,14.5,14.4,3.7,7.7,7.8,8.9,16.7,16.0,98.1,96.2,97.3,71.1,65.7,66.7,0.15,0.0,0.0,999.9,999.9,999.9,0,8.7,8.3
16585596,0723,89.6,81.7,83.4,39.9,47.8,47.5,999.9,890.6,883.9,10.0,14.5,14.4,9.9,7.7,7.8,19.0,16.5,15.7,99.0,96.2,97.4,71.1,65.8,67.2,0.0,0.0,0.0,999.9,999.9,999.9,18,8.7,8.3
16585596,0723,80.9,81.8,83.5,37.5,47.8,46.9,871.4,891.4,888.1,10.0,14.5,14.5,6.5,7.7,8.0,18.1,16.5,15.9,95.0,96.2,97.3,64.9,65.8,67.5,0.17,0.0,0.0,999.9,999.9,999.9,18,8.8,8.9
16585596,0723,88.8,81.8,83.6,46.5,47.7,46.2,999.9,891.3,888.1,9.9,14.5,14.4,6.2,7.7,7.9,15.9,16.6,16.0,95.0,96.2,97.1,63.0,65.8,67.3,0.0,0.0,0.0,999.9,999.9,999.9,18,8.9,9.5
16585596,0723,79.9,81.8,83.8,57.5,47.7,46.3,999.9,892.1,892.5,10.0,14.4,14.4,5.1,7.6,7.9,13.0,16.5,16.1,93.0,96.2,97.1,59.0,65.7,67.3,0.0,0.0,0.0,999.9,999.9,999.9,0,9.0,10.1
16585596,0723,77.5,81.8,83.6,39.9,47.8,46.7,999.9,892.8,896.8,9.9,14.4,14.4,6.3,7.6,7.9,8.9,16.5,15.9,90.0,96.2,96.8,70.0,65.7,67.5,0.14,0.0,0.0,999.9,999.9,999.9,0,8.9,10.0
16585596,0723,79.9,81.8,83.5,57.5,47.7,46.3,869.0,893.5,901.1,20.3,14.4,14.4,10.1,7.6,7.9,10.1,16.4,15.6,95.0,96.2,96.8,71.1,65.6,67.4,0.01,0.0,0.0,999.9,999.9,999.9,0,8.9,9.4
16585596,0723,76.7,81.8,83.7,54.6,47.8,47.0,869.5,893.4,901.1,9.7,14.5,14.8,6.2,7.6,7.9,10.1,16.4,15.5,93.0,96.2,96.5,66.2,65.7,67.5,0.15,0.0,0.0,999.9,999.9,999.9,0,8.8,9.4
16585596,0723,81.1,81.7,83.4,33.1,47.9,47.2,999.9,892.7,901.2,41.0,14.4,14.8,5.6,7.6,7.8,24.3,16.4,14.7,93.0,96.1,96.2,71.1,65.7,67.5,0.0,0.0,0.1,999.9,999.9,999.9,18,8.8,9.4
16585596,0723,80.3,81.7,83.5,41.2,47.8,46.7,872.4,893.4,901.2,10.0,14.6,14.8,3.7,7.6,7.6,26.0,16.4,14.8,99.0,96.1,95.9,62.1,65.7,67.7,0.0,0.0,0.1,999.9,999.9,999.9,18,8.8,9.4
16585596,0723,79.9,81.7,83.4,34.9,47.8,46.2,872.9,893.4,901.2,10.0,14.6,13.8,8.8,7.6,7.6,19.0,16.4,14.9,102.9,96.1,95.7,57.0,65.7,67.6,0.0,0.0,0.0,999.9,999.9,999.9,0,8.8,9.4
16585596,0723,89.2,81.6,83.5,33.1,47.7,46.1,871.4,892.7,901.1,10.0,14.6,12.8,10.2,7.6,7.7,31.1,16.3,14.9,93.0,96.1,96.0,70.0,65.7,67.0,0.0,0.0,0.0,999.9,999.9,999.9,16,8.8,9.4
16585596,0723,76.8,81.7,83.6,54.1,47.6,45.7,999.9,892.7,901.1,10.0,14.6,12.8,7.8,7.6,7.8,10.1,16.4,15.6,95.0,96.1,95.7,57.0,65.7,67.0,0.0,0.0,0.0,999.9,999.9,999.9,0,8.8,9.3
16585596,0723,83.0,81.7,83.6,34.9,47.6,45.8,872.9,893.4,905.3,14.9,14.6,12.8,6.9,7.6,7.7,13.0,16.4,15.5,87.1,96.1,95.4,63.0,65.7,66.6,0.0,0.0,0.0,999.9,999.9,999.9,0,8.7,9.3
16585596,0723,74.2,81.6,83.9,50.9,47.5,45.6,873.1,893.4,905.5,9.9,14.5,12.9,9.8,7.6,7.6,11.1,16.3,15.5,102.0,96.0,95.0,71.1,65.6,66.5,0.0,0.0,0.0,999.9,999.9,999.9,18,8.5,8.7
16585596,0723,82.3,81.6,83.5,47.1,47.5,45.5,999.9,893.4,901.2,9.9,14.4,12.9,10.2,7.6,7.7,24.1,16.3,15.5,93.0,96.1,95.1,66.2,65.6,66.4,0.11,0.0,0.0,999.9,999.9,999.9,18,8.6,9.3
16585596,0723,82.7,81.6,83.6,50.2,47.5,45.1,869.5,894.1,905.4,20.3,14.4,12.8,8.7,7.6,7.8,15.0,16.4,15.8,102.0,96.1,94.8,66.2,65.6,66.4,0.33,0.0,0.1,999.9,999.9,999.9,18,8.7,9.3
16585596,0723,86.6,81.7,83.8,50.9,47.5,45.2,871.4,894.1,905.4,14.9,14.5,13.1,5.1,7.6,7.9,14.0,16.4,15.7,102.0,96.1,94.7,66.0,65.6,66.2,0.02,0.0,0.1,999.9,999.9,999.9,18,8.7,9.3
16585596,0723,74.2,81.8,83.8,41.2,47.6,45.0,872.4,894.1,905.4,10.0,14.5,13.3,9.6,7.6,7.8,10.1,16.4,15.6,102.9,96.1,95.2,75.0,65.6,66.4,0.02,0.0,0.1,999.9,999.9,999.9,0,8.7,8.3
16585596,0723,77.5,81.7,83.4,45.2,47.5,44.7,872.4,894.1,905.5,10.0,14.5,13.3,8.8,7.6,7.9,18.1,16.4,15.3,104.0,96.2,96.0,66.2,65.7,66.4,0.11,0.0,0.1,999.9,999.9,999.9,0,8.7,8.3
16585596,0723,82.3,81.7,83.2,47.2,47.6,44.7,872.4,894.2,901.2,9.9,14.5,12.3,6.4,7.6,8.0,14.0,16.4,15.5,93.9,96.3,96.5,66.0,65.7,66.1,0.0,0.0,0.1,999.9,999.9,999.9,0,8.7,8.3
16585596,0723,77.5,81.7,83.0,57.5,47.5,44.7,873.6,894.2,901.3,14.9,14.4,12.2,6.2,7.6,8.0,11.1,16.3,15.3,93.9,96.3,96.5,72.0,65.6,66.0,0.0,0.0,0.1,999.9,999.9,999.9,18,8.7,8.3
16585596,0723,82.8,81.7,82.7,55.6,47.5,45.0,873.6,894.2,901.3,10.0,14.4,12.3,10.4,7.6,7.8,26.0,16.3,15.3,93.0,96.3,96.3,71.1,65.7,66.2,0.0,0.0,0.1,999.9,999.9,999.9,16,8.8,8.9
16585596,0723,80.9,81.7,82.5,44.1,47.6,45.5,873.1,894.2,901.3,10.0,14.4,12.3,9.5,7.6,7.9,12.0,16.3,15.5,93.9,96.3,96.1,71.1,65.7,66.3,0.0,0.0,0.1,999.9,999.9,999.9,18,8.8,9.5
16585596,0723,82.7,81.7,82.2,46.5,47.6,45.5,872.4,894.2,901.4,10.0,14.4,12.3,8.7,7.7,7.9,15.9,16.3,15.5,93.9,96.2,96.3,71.1,65.7,66.3,0.14,0.0,0.1,999.9,999.9,999.9,0,8.9,10.1
16585596,0723,80.9,81.8,82.1,46.5,47.5,45.9,872.7,894.2,901.5,10.0,14.4,12.3,11.6,7.7,7.9,10.1,16.3,15.7,98.1,96.2,96.1,66.9,65.8,66.6,0.15,0.0,0.1,999.9,999.9,999.9,0,8.8,9.5
16585596,0723,88.8,81.8,82.1,34.9,47.5,45.6,873.1,894.2,901.5,10.0,14.4,12.2,5.1,7.7,7.9,14.0,16.3,15.3,95.0,96.3,96.3,59.0,65.8,66.7,0.0,0.0,0.1,999.9,999.9,999.9,0,8.8,8.9
16585596,0723,86.8,81.8,82.2,54.6,47.4,45.3,875.8,894.2,901.6,10.0,14.4,12.2,9.5,7.7,7.8,15.0,16.3,15.5,90.0,96.3,96.3,75.0,65.8,66.7,0.0,0.0,0.1,999.9,999.9,999.9,0,8.7,8.3
16585596,0723,74.2,81.8,82.3,40.5,47.4,45.2,869.5,894.2,901.8,10.0,14.4,12.2,9.8,7.7,7.7,11.1,16.3,15.4,98.1,96.3,96.0,62.2,65.8,67.0,0.0,0.0,0.1,999.9,999.9,999.9,18,8.7,8.3
16585596,0723,82.7,81.9,81.9,46.5,47.3,45.3,871.4,894.2,901.9,10.0,14.3,12.2,11.6,7.7,7.7,12.0,16.3,15.4,95.0,96.3,96.2,70.0,65.9,66.8,0.0,0.0,0.1,999.9,999.9,999.9,48,8.7,8.3
16585596,0723,88.8,81.9,81.7,47.1,47.4,45.5,872.7,894.2,901.9,9.7,14.3,12.2,10.2,7.7,7.9,14.0,16.3,15.4,104.0,96.3,96.0,66.0,65.8,67.1,0.0,0.0,0.1,999.9,999.9,999.9,18,8.9,9.9
16585596,0723,78.4,81.9,81.7,48.9,47.3,45.7,872.4,894.2,901.9,9.8,14.3,12.2,6.3,7.7,8.2,11.1,16.3,15.5,99.0,96.4,96.2,73.9,65.9,66.9,0.14,0.0,0.0,999.9,999.9,999.9,18,8.9,10.5
16585596,0723,85.2,81.9,81.3,44.6,47.3,46.0,870.5,894.2,897.7,9.8,14.2,12.2,10.6,7.7,8.0,15.9,16.3,15.3,93.9,96.4,96.2,75.9,65.9,67.0,0.03,0.0,0.0,999.9,999.9,999.9,0,8.9,10.5
16585596,0723,85.2,82.0,81.4,44.6,47.3,46.2,999.9,894.2,897.6,10.0,14.2,12.2,8.7,7.7,8.2,18.1,16.2,15.2,102.9,96.4,96.1,62.1,65.9,67.3,0.0,0.0,0.0,999.9,999.9,999.9,18,8.9,9.9
16585596,0723,82.8,82.0,81.3,57.2,47.4,46.2,869.7,894.2,897.6,14.9,14.2,12.2,6.6,7.7,8.2,14.0,16.2,15.3,89.1,96.4,96.4,72.0,65.9,67.3,0.33,0.0,0.0,999.9,999.9,999.9,0,8.9,9.9
16585596,0723,62.0,82.0,81.4,54.5,47.4,46.2,869.5,894.2,893.3,9.9,14.2,12.3,6.4,7.7,8.3,20.0,16.2,15.3,102.0,96.4,96.3,57.9,65.9,67.8,0.0,0.0,0.1,999.9,999.9,999.9,18,8.9,9.9
16585596,0723,79.9,81.9,80.9,44.6,47.4,46.7,869.7,893.5,889.0,20.3,14.2,12.3,7.8,7.7,8.3,19.0,16.2,15.7,99.0,96.4,96.7,61.0,65.9,67.3,0.0,0.0,0.1,999.9,999.9,999.9,18,8.9,10.5
16585596,0723,69.7,81.9,80.9,41.4,47.4,46.2,872.9,893.4,889.0,10.0,14.3,12.3,9.9,7.7,8.2,11.1,16.3,16.0,90.0,96.5,96.8,68.0,65.8,67.0,0.0,0.0,0.1,999.9,999.9,999.9,0,9.0,11.1
16585596,0723,76.4,81.9,80.6,47.2,47.4,45.8,875.8,893.5,889.1,10.0,14.3,12.3,10.2,7.7,8.3,11.1,16.2,16.0,88.7,96.4,96.7,70.0,65.9,67.1,0.0,0.0,0.0,999.9,999.9,999.9,0,9.0,11.1
16585596,0723,78.3,81.9,80.5,48.9,47.5,46.3,873.1,892.8,885.0,10.0,14.3,11.3,6.2,7.8,8.5,12.0,16.2,15.6,93.9,96.4,96.5,66.9,65.9,67.0,0.0,0.0,0.0,999.9,999.9,999.9,16,9.0,10.5
16585596,0723,89.6,81.8,80.4,34.9,47.5,46.5,870.0,892.8,885.0,22.2,14.3,11.3,4.9,7.7,8.6,24.1,16.2,15.1,93.0,96.4,96.4,73.0,66.0,67.2,0.0,0.0,0.0,999.9,999.9,999.9,18,9.0,10.4
16585596,0723,62.0,82.0,80.7,44.6,47.4,46.5,873.6,892.0,884.9,22.2,14.3,11.7,5.1,7.7,8.5,18.1,16.2,15.3,102.9,96.4,96.0,66.2,66.0,67.7,0.0,0.0,0.0,999.9,999.9,999.9,18,9.1,11.0
16585596,0723,82.3,81.9,79.8,48.9,47.4,46.9,869.7,892.0,885.0,10.0,14.3,12.1,10.2,7.7,8.3,12.0,16.2,14.8,100.0,96.4,96.4,66.0,66.1,67.6,0.0,0.0,0.0,999.9,999.9,999.9,0,9.1,11.1
16585596,0723,77.5,81.9,80.0,36.2,47.4,46.7,870.0,892.0,880.6,10.0,14.3,12.1,4.9,7.8,8.4,18.1,16.2,14.9,95.0,96.5,96.5,71.1,66.1,67.9,0.15,0.0,0.0,999.9,999.9,999.9,0,9.0,11.1
16585596,0723,76.4,81.9,79.8,44.1,47.4,46.8,869.7,892.1,880.5,22.2,14.3,12.0,6.3,7.7,8.3,20.0,16.3,15.1,104.0,96.5,96.8,66.0,66.1,68.2,0.14,0.0,0.1,999.9,999.9,999.9,18,9.0,11.1
16585596,0723,88.8,81.8,79.9,58.4,47.5,46.5,869.5,892.0,880.4,10.0,14.4,12.4,10.4,7.7,8.2,11.1,16.2,15.4,90.0,96.6,96.9,70.0,66.1,68.0,0.0,0.0,0.1,999.9,999.9,999.9,18,9.0,11.1
16585596,0723,78.3,81.8,80.1,41.2,47.5,46.9,873.6,892.0,876.1,9.8,14.4,12.4,10.2,7.8,8.2,31.1,16.2,14.9,95.0,96.5,96.8,73.9,66.1,68.1,0.0,0.0,0.1,999.9,999.9,999.9,0,9.1,11.1
16585596,0723,81.8,81.7,80.0,45.2,47.5,46.6,999.9,892.1,876.2,9.7,14.2,12.0,9.8,7.8,8.2,8.9,16.3,15.5,102.0,96.5,96.5,54.0,66.1,68.4,0.01,0.0,0.0,999.9,999.9,999.9,0,9.1,10.5
16585596,0723,89.2,81.7,79.8,41.4,47.4,46.4,875.8,892.8,880.5,9.9,14.2,11.8,5.6,7.8,8.4,14.0,16.3,15.3,95.0,96.6,96.5,71.1,66.0,68.0,0.33,0.0,0.0,999.9,999.9,999.9,18,9.0,9.9
16585596,0723,89.2,81.8,80.3,41.4,47.4,46.4,872.4,892.8,880.6,10.0,14.1,11.8,9.8,7.8,8.3,14.0,16.2,15.4,100.0,96.5,96.3,66.2,66.0,67.9,0.0,0.0,0.1,999.9,999.9,999.9,18,9.1,10.5
16585596,0723,78.3,81.9,80.7,47.1,47.3,46.3,873.6,892.8,880.6,9.9,14.1,11.8,6.3,7.8,8.3,10.1,16.2,15.3,93.9,96.6,96.1,71.1,66.0,67.9,0.33,0.0,0.0,999.9,999.9,999.9,18,9.2,11.1
16585596,0723,79.9,81.9,80.6,57.2,47.3,46.3,999.9,892.8,880.6,10.0,14.1,11.8,6.4,7.7,8.3,8.9,16.2,15.2,93.9,96.6,96.1,57.0,66.0,68.0,0.0,0.0,0.1,999.9,999.9,999.9,0,9.3,11.7
16585596,0723,76.7,81.9,80.7,33.1,47.3,46.3,999.9,893.6,884.9,10.0,14.1,11.7,6.4,7.7,8.3,26.0,16.2,15.1,87.1,96.5,96.1,66.0,65.9,67.5,0.0,0.0,0.1,999.9,999.9,999.9,18,9.3,11.1
16585596,0723,77.5,81.9,80.5,33.1,47.2,45.5,999.9,893.6,889.1,9.9,14.1,11.7,4.9,7.7,8.2,34.0,16.3,15.1,87.1,96.4,95.9,68.0,65.9,67.4,0.0,0.0,0.1,999.9,999.9,999.9,0,9.3,11.1
16585596,0723,89.2,81.9,80.3,36.2,47.1,45.2,999.9,894.3,893.3,10.0,14.1,11.7,6.2,7.7,8.0,18.1,16.4,15.8,79.0,96.4,95.7,71.1,65.9,67.2,0.0,0.0,0.1,999.9,999.9,999.9,0,9.3,10.5
16585596,0723,76.7,81.9,80.6,45.0,47.0,44.8,873.0,895.0,897.5,22.3,14.1,11.7,6.6,7.7,7.9,19.0,16.4,15.9,93.9,96.3,95.2,64.9,65.9,67.2,0.0,0.0,0.1,999.9,999.9,999.9,18,9.2,10.5
16585596,0723,62.0,81.9,80.4,57.2,47.0,44.8,872.4,895.0,897.5,9.9,14.1,12.1,8.8,7.7,7.8,31.1,16.4,16.2,99.0,96.2,95.1,61.0,65.9,67.2,0.0,0.0,0.0,999.9,999.9,999.9,18,9.2,11.1
16585596,0723,82.3,81.8,79.5,49.2,47.0,45.5,873.6,894.3,897.5,10.0,14.1,12.1,9.5,7.7,7.9,13.0,16.6,16.8,93.0,96.2,95.2,71.1,65.9,67.2,0.0,0.0,0.0,999.9,999.9,999.9,0,9.3,11.7
16585596,0723,77.5,81.8,79.4,34.9,47.0,45.3,869.5,893.6,897.5,14.9,14.1,12.1,5.6,7.7,7.9,15.9,16.6,16.7,88.7,96.2,95.3,64.9,65.9,67.1,0.0,0.0,0.0,999.9,999.9,999.9,18,9.3,11.7
16585596,0723,80.7,81.8,79.5,44.6,46.8,45.2,873.5,892.8,897.5,20.3,14.1,12.2,5.3,7.7,7.7,12.0,16.6,16.9,95.0,96.1,95.0,63.0,65.9,67.2,0.15,0.0,0.0,999.9,999.9,999.9,18,9.4,11.7
16585596,0723,79.9,81.7,79.4,57.2,46.9,45.1,868.1,892.8,897.5,9.9,14.2,12.6,10.2,7.7,7.5,31.1,16.6,16.9,93.0,96.1,95.0,75.9,65.9,67.0,0.0,0.0,0.1,999.9,999.9,999.9,18,9.4,10.7
16585596,0723,82.3,81.7,79.1,40.5,47.0,45.4,999.9,892.8,897.4,14.9,14.2,12.6,9.5,7.7,7.5,24.1,16.6,17.4,89.1,96.1,94.6,75.9,66.0,67.3,0.0,0.0,0.1,999.9,999.9,999.9,18,9.5,10.7
16585596,0723,78.4,81.8,79.3,48.9,47.0,45.2,869.5,893.5,901.6,10.0,14.2,12.8,10.2,7.7,7.6,11.1,16.7,17.9,93.0,96.1,94.3,57.9,66.1,67.4,0.0,0.0,0.0,999.9,999.9,999.9,0,9.6,10.7
16585596,0723,69.7,81.7,79.0,40.5,47.0,45.3,869.0,893.5,901.6,10.0,14.2,12.8,8.2,7.7,7.6,17.1,16.7,17.7,102.0,96.1,94.3,57.0,66.0,66.8,0.0,0.0,0.0,999.9,999.9,999.9,18,9.6,10.7
16585596,0723,76.7,81.6,78.5,55.6,46.9,45.2,873.6,893.5,897.2,10.0,14.1,12.8,5.1,7.7,7.6,18.1,16.7,17.7,104.0,96.1,94.2,71.1,66.0,66.6,0.0,0.0,0.0,999.9,999.9,999.9,0,9.7,10.7
16585596,0723,83.0,81.6,78.3,58.4,46.9,45.1,869.0,893.5,897.4,10.0,14.1,12.6,5.3,7.7,7.6,24.1,16.7,17.8,102.9,96.1,94.7,61.0,66.0,66.6,0.0,0.0,0.0,999.9,999.9,999.9,0,9.7,10.7
16585596,0723,69.7,81.6,79.0,41.4,46.9,45.2,999.9,893.5,897.3,10.0,14.1,12.6,10.2,7.7,7.5,11.1,16.6,17.9,89.1,96.2,94.8,68.0,65.9,66.7,0.0,0.0,0.0,999.9,999.9,999.9,0,9.7,10.1
16585596,0723,88.1,81.5,78.7,52.0,46.9,45.1,872.4,894.2,901.7,9.9,14.0,12.3,8.2,7.7,7.6,15.9,16.5,17.7,104.0,96.1,94.4,70.0,65.9,66.9,0.33,0.0,0.0,999.9,999.9,999.9,18,9.6,9.5
16585596,0723,69.7,81.6,79.3,41.6,46.9,45.5,873.1,894.2,901.7,9.7,13.8,12.3,9.9,7.7,7.5,15.0,16.5,17.8,99.0,96.2,94.9,62.1,65.9,67.0,0.02,0.0,0.0,999.9,999.9,999.9,0,9.7,10.1
16585596,0723,62.0,81.5,79.1,44.1,46.9,45.3,871.4,894.3,901.6,10.0,13.8,12.3,9.9,7.7,7.5,22.0,16.5,18.0,102.9,96.2,95.2,66.0,65.9,66.7,0.03,0.0,0.0,999.9,999.9,999.9,18,9.7,10.1
16585596,0723,77.1,81.3,78.5,39.9,46.9,45.1,873.6,894.3,901.5,10.0,13.8,12.3,6.2,7.7,7.7,11.1,16.5,18.3,95.0,96.2,95.5,75.9,65.9,66.7,0.0,0.0,0.0,999.9,999.9,999.9,2,9.7,10.2
16585596,0723,82.8,81.3,78.1,41.2,46.9,45.3,869.5,894.3,901.6,10.0,13.8,11.8,9.6,7.7,7.7,18.1,16.5,17.9,93.9,96.2,95.6,71.1,66.0,66.8,0.11,0.0,0.0,999.9,999.9,999.9,0,9.6,9.7
16585596,0723,88.8,81.3,78.8,57.5,46.9,45.2,869.0,893.6,901.5,9.9,13.8,11.4,9.9,7.7,7.9,24.3,16.5,17.9,99.0,96.1,95.3,54.0,66.0,66.9,0.17,0.0,0.1,999.9,999.9,999.9,0,9.6,9.1
16585596,0723,80.3,81.4,79.0,48.9,47.0,45.5,869.6,893.5,901.5,9.8,13.8,11.4,5.3,7.7,7.8,22.0,16.6,18.3,95.0,96.1,95.3,66.0,65.9,66.5,0.0,0.0,0.1,999.9,999.9,999.9,0,9.5,9.1
16585596,0723,77.5,81.3,79.1,54.6,47.0,45.9,872.4,893.5,901.5,30.7,13.6,11.4,6.9,7.7,7.9,24.1,16.6,18.4,99.0,96.2,95.3,62.1,66.0,66.4,0.0,0.0,0.1,999.9,999.9,999.9,18,9.5,9.1
16585596,0723,79.9,81.3,79.1,33.1,47.0,46.3,870.5,892.8,901.5,9.9,13.7,11.7,8.7,7.7,7.9,15.9,16.5,18.5,99.0,96.2,95.1,64.9,65.9,66.2,0.15,0.0,0.0,999.9,999.9,999.9,0,9.5,9.1
16585596,0723,80.9,81.2,78.8,45.2,47.0,45.4,873.0,892.1,901.6,10.0,13.7,11.7,5.6,7.7,7.8,11.1,16.5,18.7,90.0,96.2,95.4,54.0,65.9,66.1,0.0,0.0,0.1,999.9,999.9,999.9,0,9.5,8.5
16585596,0723,76.8,81.2,78.9,44.1,47.0,45.5,868.1,892.1,901.6,41.0,13.7,11.7,5.6,7.7,7.7,19.0,16.5,18.0,95.0,96.2,95.2,66.0,65.9,65.4,0.15,0.0,0.1,999.9,999.9,999.9,0,9.4,8.5
16585596,0723,80.7,81.1,78.8,46.5,47.0,45.5,873.6,892.1,897.2,10.0,13.9,12.8,6.9,7.7,7.5,15.9,16.5,18.4,102.0,96.2,95.0,62.2,65.9,65.8,0.0,0.0,0.1,999.9,999.9,999.9,18,9.2,8.5
16585596,0723,81.8,81.1,78.5,50.9,47.0,45.7,870.5,892.1,897.1,20.3,13.8,12.8,6.9,7.7,7.6,19.0,16.6,18.4,100.0,96.2,95.2,72.0,65.9,65.5,0.0,0.0,0.0,999.9,999.9,999.9,0,9.2,8.5
16585596,0723,80.3,81.1,78.2,34.9,47.0,46.0,875.8,892.1,897.0,10.0,13.8,13.1,10.1,7.7,7.5,24.1,16.6,18.6,102.9,96.3,95.2,66.2,65.9,65.7,0.0,0.0,0.0,999.9,999.9,999.9,0,9.2,7.9
16585596,0723,81.8,81.1,78.3,45.0,46.8,45.6,872.4,891.4,897.1,10.0,13.8,13.1,6.9,7.7,7.6,13.0,16.7,19.1,99.0,96.3,95.6,61.0,65.9,65.5,0.0,0.0,0.0,999.9,999.9,999.9,0,9.1,7.3
16585596,0723,85.4,81.1,78.4,54.1,46.8,45.2,871.4,891.4,892.9,9.8,13.6,13.1,6.6,7.7,7.6,10.1,16.7,19.2,89.1,96.3,95.7,63.0,65.9,65.7,0.0,0.0,0.0,999.9,999.9,999.9,0,9.1,7.3
16585596,0723,86.6,81.2,78.7,54.1,46.8,45.9,875.8,891.4,888.6,9.9,13.6,13.1,5.3,7.7,7.6,15.0,16.7,18.7,93.9,96.3,95.8,66.0,65.8,65.6,0.0,0.0,0.0,999.9,999.9,999.9,0,9.0,6.7
16585596,0723,81.8,81.2,79.0,48.9,46.9,46.6,870.5,890.7,884.4,10.0,13.6,13.1,8.1,7.7,7.6,24.1,16.6,18.0,93.0,96.3,96.0,71.1,65.8,65.5,0.02,0.0,0.0,999.9,999.9,999.9,0,9.0,6.7
16585596,0723,87.8,81.1,78.7,46.5,46.9,47.0,999.9,890.7,880.1,10.0,13.6,13.1,9.3,7.7,7.7,31.1,16.7,18.2,102.9,96.3,96.5,64.9,65.9,65.5,0.0,0.0,0.0,999.9,999.9,999.9,48,9.0,6.7
16585596,0723,77.5,81.2,79.1,58.4,46.9,47.1,873.1,891.4,884.4,20.3,13.6,12.7,6.5,7.7,7.8,24.1,16.7,18.7,93.9,96.3,96.8,61.0,65.9,65.5,0.14,0.0,0.0,999.9,999.9,999.9,18,9.0,7.7
16585596,0723,79.9,81.2,79.6,34.9,46.9,47.1,866.4,891.4,884.4,10.0,13.5,13.0,9.3,7.7,7.7,14.0,16.8,18.4,93.9,96.3,96.6,73.0,65.9,65.5,0.0,0.0,0.0,999.9,999.9,999.9,0,9.1,7.7
16585596,0723,74.2,81.2,79.5,54.1,46.9,46.6,873.6,891.4,884.1,9.8,13.5,13.0,10.2,7.7,7.7,15.0,16.8,18.4,95.0,96.3,96.6,71.1,66.0,65.6,0.33,0.0,0.0,999.9,999.9,999.9,18,9.0,7.7
16585596,0723,86.8,81.1,79.4,47.2,46.9,47.3,999.9,890.7,884.3,10.0,13.5,12.9,6.3,7.7,7.9,26.0,16.8,18.4,99.0,96.3,96.9,72.0,66.0,65.8,0.0,0.0,0.1,999.9,999.9,999.9,18,9.1,7.7
16585596,0723,77.5,81.1,79.6,33.1,46.9,47.3,869.5,891.4,888.5,9.9,13.5,12.5,5.3,7.7,7.9,14.0,16.8,18.9,99.0,96.4,97.0,75.0,66.1,66.1,0.0,0.0,0.0,999.9,999.9,999.9,0,9.2,7.7
16585596,0723,89.2,81.1,79.5,41.2,46.9,46.5,871.0,891.4,888.5,13.5,13.5,12.5,7.8,7.7,7.7,15.9,16.9,18.3,91.9,96.4,97.2,57.9,66.1,66.0,0.0,0.0,0.0,999.9,999.9,999.9,0,8.9,7.1
16585596,0723,80.9,81.2,79.8,49.3,46.8,46.6,869.5,891.4,884.2,10.0,13.5,12.5,5.6,7.7,7.7,15.0,16.9,18.0,95.0,96.4,97.3,66.9,66.0,65.5,0.0,0.0,0.0,999.9,999.9,999.9,18,8.9,6.5
16585596,0723,74.2,81.2,79.8,57.2,46.9,46.6,873.0,891.4,884.2,10.0,13.4,12.5,6.3,7.7,7.5,10.1,16.9,18.2,102.9,96.3,97.3,71.1,66.1,65.8,0.0,0.0,0.0,999.9,999.9,999.9,0,8.7,7.1
16585596,0723,81.1,81.2,80.0,50.2,46.9,47.1,999.9,891.4,884.4,9.7,13.4,12.5,5.3,7.7,7.5,17.1,16.9,17.9,93.0,96.4,97.4,71.1,66.1,66.2,0.11,0.0,0.0,999.9,999.9,999.9,18,8.7,6.5
16585596,0723,79.9,81.1,80.1,40.5,46.9,47.0,869.5,892.1,888.6,22.2,13.2,12.5,9.3,7.7,7.5,10.1,16.9,17.9,93.0,96.4,97.0,54.0,66.2,66.2,0.17,0.0,0.1,999.9,999.9,999.9,0,8.7,7.1
16585596,0723,78.4,81.1,80.0,50.9,46.9,46.4,869.5,892.1,888.6,41.0,13.3,12.9,6.3,7.7,7.6,15.0,16.9,17.4,102.9,96.4,96.7,71.1,66.2,66.0,0.01,0.0,0.1,999.9,999.9,999.9,0,8.7,7.1
16585596,0723,81.1,81.1,80.3,47.2,46.9,46.7,999.9,892.1,884.2,10.0,13.4,13.9,6.2,7.7,7.5,13.0,16.8,17.6,87.1,96.4,97.1,66.0,66.2,66.1,0.11,0.0,0.1,999.9,999.9,999.9,18,8.6,7.1
16585596,0723,77.5,81.1,80.1,33.1,46.9,46.5,869.5,892.8,888.5,10.0,13.4,13.9,7.8,7.7,7.4,15.9,16.9,17.5,93.0,96.4,96.6,71.1,66.2,66.0,0.0,0.0,0.1,999.9,999.9,999.9,0,8.7,7.1
16585596,0723,89.2,81.0,80.3,54.1,46.9,46.2,999.9,892.8,888.4,10.0,13.4,13.9,4.7,7.7,7.3,18.1,16.8,17.5,87.1,96.3,96.4,57.0,66.2,66.3,0.0,0.0,0.1,999.9,999.9,999.9,0,8.7,7.1
16585596,0723,62.0,81.1,81.3,33.1,46.9,46.6,999.9,893.5,892.7,9.7,13.4,13.9,10.2,7.7,7.2,24.3,16.8,17.4,90.0,96.2,95.8,62.1,66.2,66.0,0.0,0.0,0.0,999.9,999.9,999.9,18,8.7,6.5
16585596,0723,62.0,81.0,80.8,44.1,46.9,46.3,869.7,894.2,896.9,41.0,13.4,13.9,8.7,7.7,7.3,15.9,16.9,17.8,89.1,96.2,95.7,62.1,66.2,65.5,0.0,0.0,0.0,999.9,999.9,999.9,18,8.8,7.0
16585596,0723,79.9,80.9,80.1,36.2,46.9,46.4,872.7,894.2,896.9,9.8,13.6,14.9,5.3,7.7,7.3,11.1,16.9,17.7,90.0,96.1,95.5,71.1,66.1,65.2,0.0,0.0,0.0,999.9,999.9,999.9,18,8.9,7.6
16585596,0723,76.8,80.8,79.8,39.9,46.9,45.7,999.9,894.2,897.0,9.7,13.6,14.9,6.9,7.7,7.1,24.1,16.9,17.3,100.0,96.1,95.2,64.9,66.1,65.8,0.0,0.0,0.0,999.9,999.9,999.9,18,9.0,8.2
16585596,0723,79.3,80.8,79.6,55.9,46.8,45.4,869.5,894.9,901.3,9.9,13.6,14.9,10.2,7.7,7.2,11.1,16.9,17.4,95.0,96.2,95.4,71.1,66.1,65.7,0.0,0.0,0.0,999.9,999.9,999.9,18,9.1,8.8
16585596,0723,79.9,80.8,79.7,50.9,46.9,45.5,871.0,894.9,901.2,39.8,13.6,14.2,10.2,7.7,7.3,34.0,16.8,16.9,99.0,96.1,95.3,75.9,66.2,66.0,0.0,0.0,0.0,999.9,999.9,999.9,0,9.1,8.8
16585596,0723,87.8,80.7,79.7,57.6,46.9,46.1,869.5,894.9,901.3,14.9,13.8,15.2,5.3,7.7,7.3,14.0,17.0,17.5,95.0,96.1,95.3,72.0,66.2,66.4,0.0,0.0,0.0,999.9,999.9,999.9,0,9.1,8.8
16585596,0723,81.8,80.9,79.9,47.1,47.0,46.5,871.4,894.9,901.1,10.0,13.8,15.4,9.9,7.7,7.3,17.1,17.0,17.6,102.0,96.1,95.4,68.0,66.2,67.0,0.0,0.0,0.0,999.9,999.9,999.9,18,9.0,8.8
16585596,0723,62.0,80.8,80.1,54.6,47.0,46.6,999.9,894.9,901.3,9.8,13.8,14.4,5.6,7.7,7.5,12.0,17.0,17.6,93.9,96.2,95.7,71.1,66.3,67.1,0.0,0.0,0.0,999.9,999.9,999.9,0,9.0,9.4
16585596,0723,82.7,80.8,79.5,50.9,46.9,46.8,871.4,895.6,905.5,10.0,13.8,14.4,6.3,7.7,7.4,12.0,17.0,17.4,87.1,96.1,95.4,64.9,66.3,67.4,0.0,0.0,0.0,999.9,999.9,999.9,0,9.0,8.8
16585596,0723,77.5,80.7,79.5,44.6,47.0,46.8,873.6,895.6,905.5,10.0,13.8,14.0,6.3,7.7,7.4,14.0,16.8,17.2,95.0,96.1,95.0,68.0,66.3,67.1,0.17,0.0,0.0,999.9,999.9,999.9,0,8.9,8.8
16585596,0723,76.4,80.7,79.4,44.6,47.0,47.2,873.5,894.9,905.4,10.0,13.8,14.0,6.3,7.7,7.3,31.1,16.7,16.9,98.1,96.1,94.7,57.9,66.3,67.2,0.0,0.0,0.0,999.9,999.9,999.9,18,8.8,8.8
16585596,0723,82.8,80.7,79.2,34.9,47.0,47.1,999.9,894.9,905.5,10.0,13.8,14.0,7.8,7.7,7.2,10.1,16.8,17.5,99.0,96.1,94.7,71.1,66.3,67.1,0.0,0.0,0.0,999.9,999.9,999.9,0,8.9,9.4
16585596,0723,82.7,80.7,79.2,50.9,46.9,46.5,870.4,894.9,909.7,9.7,13.8,14.0,8.8,7.7,7.3,10.1,16.8,17.5,99.0,96.1,95.0,71.1,66.3,67.3,0.0,0.0,0.0,999.9,999.9,999.9,0,8.9,9.4
16585596,0723,82.3,80.7,79.0,33.1,47.0,46.4,873.0,894.9,909.6,9.8,13.8,14.0,8.7,7.7,7.4,10.1,16.7,17.3,93.0,96.1,95.2,57.0,66.4,67.5,0.03,0.0,0.0,999.9,999.9,999.9,0,8.9,9.4
16585596,0723,78.4,80.7,79.0,55.9,46.9,45.9,999.9,894.2,909.6,10.0,13.8,14.0,10.4,7.7,7.4,12.0,16.7,16.8,93.9,96.1,95.2,73.9,66.3,67.0,0.0,0.0,0.0,999.9,999.9,999.9,0,8.9,9.4
16585596,0723,78.4,80.7,78.7,34.9,46.9,46.2,870.5,894.9,909.6,9.8,13.8,14.0,8.2,7.7,7.5,10.1,16.7,16.2,90.0,96.1,94.9,71.1,66.4,67.3,0.02,0.0,0.0,999.9,999.9,999.9,0,8.9,7.8
16585596,0723,69.7,80.7,78.8,41.2,46.8,45.4,999.9,894.9,909.6,9.8,13.8,13.7,7.8,7.7,7.5,18.1,16.6,15.7,102.0,96.0,94.7,54.0,66.5,67.7,0.0,0.0,0.0,999.9,999.9,999.9,18,8.9,7.2
16585596,0723,82.8,80.7,78.4,58.4,46.8,45.6,870.4,895.7,914.0,10.0,13.6,13.7,10.2,7.7,7.5,18.1,16.7,15.9,93.9,96.1,95.0,66.0,66.4,67.1,0.0,0.0,0.0,999.9,999.9,999.9,18,9.0,7.8
16585596,0723,74.2,80.7,78.7,41.2,46.8,45.8,999.9,895.6,913.9,22.2,13.6,13.7,5.6,7.7,7.5,12.0,16.7,16.0,91.9,96.1,95.0,70.0,66.4,66.9,0.11,0.0,0.0,999.9,999.9,999.9,18,9.1,7.8
16585596,0723,81.8,80.7,78.3,45.2,46.9,45.6,868.1,895.6,913.9,30.7,13.7,14.1,5.3,7.7,7.4,11.1,16.6,15.5,79.0,96.1,94.7,75.0,66.5,66.8,0.0,0.0,0.0,999.9,999.9,999.9,0,9.2,7.8
16585596,0723,81.1,80.7,78.4,54.6,46.9,46.0,873.1,895.6,913.9,10.0,13.7,14.8,4.7,7.7,7.4,17.1,16.6,15.4,93.9,96.0,94.1,61.0,66.5,66.8,0.0,0.0,0.0,999.9,999.9,999.9,0,9.2,7.8
16585596,0723,79.9,80.7,78.2,45.0,46.9,46.4,872.4,895.6,913.9,10.0,13.7,14.7,5.3,7.6,7.3,13.0,16.6,15.5,95.0,96.0,94.1,75.9,66.5,66.9,0.0,0.0,0.0,999.9,999.9,999.9,0,8.9,7.8
16585596,0723,86.6,80.7,78.1,41.2,46.8,46.3,872.4,895.7,914.0,13.5,13.7,14.7,3.7,7.7,7.3,15.9,16.6,15.4,88.7,95.9,94.1,73.9,66.6,67.2,0.0,0.0,0.0,999.9,999.9,999.9,18,8.9,7.2
16585596,0723,81.1,80.7,78.5,36.2,46.8,45.7,869.6,895.7,914.0,9.7,13.6,14.8,6.9,7.6,7.2,13.0,16.6,15.6,93.9,95.9,93.7,73.9,66.6,67.3,0.0,0.0,0.0,999.9,999.9,999.9,0,9.0,7.8
16585596,0723,86.6,80.7,78.5,41.4,46.7,45.3,873.0,894.9,909.7,10.0,13.4,14.8,10.1,7.6,7.3,24.3,16.6,15.5,99.0,95.9,93.7,75.0,66.7,67.4,0.14,0.0,0.0,999.9,999.9,999.9,0,8.9,7.2
16585596,0723,62.0,80.7,78.8,54.1,46.7,45.3,871.4,894.9,909.8,39.8,13.4,14.4,6.3,7.7,7.3,19.0,16.7,15.9,98.1,95.9,93.9,61.0,66.8,68.1,0.02,0.0,0.0,999.9,999.9,999.9,0,8.9,7.2
16585596,0723,82.7,80.6,78.2,39.9,46.7,45.4,869.0,894.9,909.8,9.9,13.6,14.3,8.7,7.7,7.3,13.0,16.7,16.1,93.9,96.0,93.7,71.1,66.8,67.8,0.0,0.0,0.0,999.9,999.9,999.9,2,8.9,7.2
16585596,0723,82.7,80.6,78.3,37.5,46.6,45.2,999.9,894.9,905.5,22.2,13.5,14.3,11.6,7.7,7.4,12.0,16.6,16.1,98.1,96.0,94.0,68.0,66.8,67.9,0.0,0.0,0.0,999.9,999.9,999.9,0,8.9,6.7
16585596,0723,76.7,80.6,78.4,58.4,46.6,45.3,870.4,895.7,909.8,41.0,13.6,14.7,3.7,7.7,7.5,13.0,16.6,15.9,98.1,96.0,94.1,73.9,66.8,67.8,0.0,0.0,0.0,999.9,999.9,999.9,18,8.9,6.7
16585596,0723,77.5,80.6,78.0,44.6,46.6,45.5,870.5,895.7,905.5,10.0,13.7,15.8,3.7,7.7,7.5,10.1,16.6,15.8,95.0,96.0,94.5,61.0,66.8,68.4,0.0,0.0,0.0,999.9,999.9,999.9,0,8.9,7.3
16585596,0723,81.8,80.6,78.5,33.1,46.6,45.8,873.1,894.9,901.2,10.0,13.7,15.8,6.4,7.7,7.3,18.1,16.5,15.3,98.1,96.0,94.7,64.9,66.7,68.4,0.0,0.0,0.0,999.9,999.9,999.9,18,8.9,6.7
16585596,0723,82.3,80.6,79.2,58.4,46.5,45.5,873.0,894.9,901.3,10.0,13.7,14.7,9.9,7.7,7.2,19.0,16.5,15.4,102.0,96.0,95.0,57.9,66.7,68.5,0.0,0.0,0.0,999.9,999.9,999.9,0,8.9,6.7
16585596,0723,77.5,80.7,79.3,37.5,46.6,46.2,875.8,895.0,901.3,9.7,13.6,14.7,10.1,7.7,7.4,14.0,16.5,15.6,98.1,96.0,95.4,66.9,66.6,68.0,0.0,0.0,0.0,999.9,999.9,999.9,0,8.8,6.1
16585596,0723,80.9,80.6,79.3,45.2,46.6,46.1,871.4,895.0,897.2,10.0,13.6,14.7,5.6,7.7,7.5,19.0,16.4,15.3,93.9,96.0,95.3,66.0,66.6,68.1,0.0,0.0,0.0,999.9,999.9,999.9,0,8.7,5.5
16585596,0723,77.1,80.6,79.4,52.0,46.6,45.8,869.5,894.9,897.2,10.0,13.6,14.7,10.2,7.7,7.3,8.9,16.4,15.5,87.1,96.0,95.3,71.1,66.6,67.9,0.17,0.0,0.0,999.9,999.9,999.9,0,8.7,4.9
16585596,0723,89.6,80.6,79.3,52.0,46.6,45.8,873.0,894.9,897.2,10.0,13.6,13.7,10.6,7.7,7.3,11.1,16.4,14.7,95.0,96.0,94.9,73.0,66.7,67.8,0.0,0.0,0.0,999.9,999.9,999.9,16,8.7,4.9
16585596,0723,80.3,80.6,79.3,45.0,46.6,45.6,873.1,895.0,897.3,10.0,13.6,13.6,10.6,7.7,7.5,34.0,16.4,14.6,102.0,95.9,94.9,62.1,66.8,67.8,0.0,0.0,0.0,999.9,999.9,999.9,0,8.8,5.4
16585596,0723,87.8,80.6,79.3,33.1,46.6,45.5,870.5,895.0,897.4,9.9,13.6,13.6,4.7,7.7,7.5,18.1,16.5,15.2,98.1,96.0,94.9,75.0,66.8,67.6,0.0,0.0,0.0,999.9,999.9,999.9,0,8.7,4.8
16585596,0723,81.8,80.6,80.1,36.2,46.5,44.8,875.8,895.0,893.1,10.0,13.6,13.6,8.8,7.7,7.5,8.9,16.5,15.4,99.0,96.0,95.0,75.0,66.9,67.7,0.0,0.0,0.0,999.9,999.9,999.9,0,8.7,4.8
16585596,0723,88.1,80.6,80.1,44.6,46.4,44.3,868.1,895.0,893.2,9.7,13.6,13.6,11.6,7.7,7.6,10.1,16.4,15.3,99.0,96.0,95.4,66.0,67.0,68.1,0.0,0.0,0.0,999.9,999.9,999.9,0,8.6,4.8
16585596,0723,69.7,80.7,80.5,45.2,46.3,44.3,868.1,895.0,893.0,9.9,13.5,13.6,10.4,7.7,7.7,15.0,16.4,15.1,99.0,96.0,95.5,70.0,66.9,68.0,0.0,0.0,0.0,999.9,999.9,999.9,0,8.5,4.8
16585596,0723,74.2,80.6,80.2,54.1,46.2,44.4,872.9,895.0,892.8,9.9,13.5,13.6,6.3,7.7,7.9,15.0,16.4,14.6,91.9,96.0,95.6,62.2,66.9,68.4,0.0,0.0,0.0,999.9,999.9,999.9,18,8.5,4.2
16585596,0723,79.9,80.5,79.9,49.2,46.2,45.0,873.0,895.0,888.6,9.9,13.5,13.6,5.6,7.7,7.8,15.0,16.4,14.8,95.0,96.0,95.3,66.9,67.0,68.1,0.0,0.0,0.0,999.9,999.9,999.9,0,8.5,4.8
16585596,0723,74.2,80.5,79.8,33.1,46.2,44.9,868.1,894.3,888.7,10.0,13.3,13.6,10.2,7.7,7.7,14.0,16.4,14.9,102.9,96.0,95.2,66.0,67.0,68.0,0.02,0.0,0.0,999.9,999.9,999.9,0,8.2,4.8
16585596,0723,88.1,80.4,79.6,44.1,46.0,44.9,869.5,894.3,888.5,10.0,13.3,13.6,6.9,7.7,7.8,18.1,16.4,15.1,104.0,96.1,95.5,71.1,67.0,68.3,0.0,0.0,0.0,999.9,999.9,999.9,48,8.2,4.8
16585596,0723,79.3,80.5,79.9,49.3,46.1,44.6,999.9,894.3,884.2,10.0,13.2,13.6,4.7,7.7,7.7,18.1,16.4,15.3,90.0,96.1,95.9,73.0,67.0,68.2,0.14,0.0,0.0,999.9,999.9,999.9,0,8.4,6.4
16585596,0723,86.6,80.4,79.9,50.9,46.1,45.0,869.7,895.0,888.5,9.7,13.2,13.6,10.6,7.7,7.5,14.0,16.4,15.5,102.9,96.0,95.9,72.0,67.0,68.2,0.0,0.0,0.0,999.9,999.9,999.9,2,8.4,6.4
16585596,0723,79.9,80.5,80.5,57.6,46.1,45.4,868.1,895.0,884.2,10.0,13.2,13.6,6.5,7.7,7.6,10.1,16.3,15.4,87.1,96.1,95.9,73.9,67.0,68.8,0.0,0.0,0.0,999.9,999.9,999.9,18,8.3,5.9
16585596,0723,80.9,80.4,80.4,57.6,46.2,45.3,999.9,894.9,884.1,9.9,13.2,13.6,9.5,7.7,7.5,11.1,16.3,15.1,104.0,96.0,95.7,57.0,67.1,69.1,0.11,0.0,0.0,999.9,999.9,999.9,18,8.4,5.9
16585596,0723,80.9,80.5,80.6,49.2,46.2,45.9,873.6,894.9,884.1,9.8,13.2,13.2,4.9,7.7,7.6,17.1,16.3,15.1,93.9,96.0,96.1,72.0,67.1,68.7,0.0,0.0,0.0,999.9,999.9,999.9,48,8.4,5.9
16585596,0723,76.4,80.5,80.6,41.2,46.2,46.0,866.4,895.0,884.3,10.0,13.2,12.5,5.3,7.7,7.6,31.1,16.3,15.3,100.0,96.0,96.6,73.9,67.1,68.6,0.14,0.0,0.0,999.9,999.9,999.9,0,8.6,7.5
16585596,0723,62.0,80.4,80.4,46.5,46.1,45.6,872.9,894.9,884.0,10.0,13.2,12.5,8.2,7.7,7.6,14.0,16.4,15.8,99.0,96.0,96.8,73.9,67.2,69.0,0.0,0.0,0.0,999.9,999.9,999.9,0,8.6,7.5
16585596,0723,69.7,80.3,79.8,54.6,46.0,45.6,873.6,894.9,884.1,9.9,13.2,12.5,8.8,7.7,7.7,12.0,16.4,15.8,100.0,96.0,96.9,66.0,67.2,68.9,0.0,0.0,0.0,999.9,999.9,999.9,0,8.6,7.5
16585596,0723,83.0,80.2,79.3,49.2,46.1,46.1,869.5,895.0,884.1,10.0,13.2,12.4,9.5,7.7,7.9,20.0,16.4,15.7,102.0,96.0,97.3,62.1,67.2,68.7,0.02,0.0,0.0,999.9,999.9,999.9,18,8.6,6.9
16585596,0723,78.4,80.2,79.3,44.1,46.1,46.5,873.5,895.0,884.1,9.9,13.2,12.4,10.6,7.8,8.0,12.0,16.4,15.9,102.0,96.0,97.5,66.0,67.3,68.3,0.0,0.0,0.0,999.9,999.9,999.9,18,8.7,7.5
16585596,0723,80.9,80.2,79.1,41.4,46.1,46.6,999.9,895.0,884.1,9.8,13.2,12.4,5.3,7.8,8.0,22.0,16.3,15.5,93.0,96.1,97.6,75.9,67.3,68.0,0.17,0.0,0.0,999.9,999.9,999.9,18,8.7,8.1
16585596,0723,78.4,80.2,79.7,45.0,46.1,46.2,999.9,895.7,888.4,20.3,13.2,11.4,9.5,7.8,8.0,11.1,16.4,15.6,93.0,96.0,97.5,66.9,67.3,68.5,0.0,0.0,0.0,999.9,999.9,999.9,0,8.8,8.7
16585596,0723,74.2,80.2,79.6,54.6,46.1,46.3,873.0,896.4,892.8,9.8,13.2,11.7,9.5,7.7,8.0,15.0,16.3,15.5,93.9,96.0,97.4,62.1,67.3,68.3,0.0,0.0,0.0,999.9,999.9,999.9,0,8.8,8.6
16585596,0723,85.4,80.2,79.3,50.9,46.1,46.9,872.7,895.7,888.5,10.0,13.1,11.3,8.1,7.7,7.9,13.0,16.2,15.6,99.0,95.9,97.3,73.9,67.3,68.1,0.0,0.0,0.0,999.9,999.9,999.9,18,8.7,8.6
16585596,0723,87.8,80.2,79.6,54.1,46.1,46.7,873.6,895.7,888.6,9.7,12.9,10.3,6.9,7.8,8.1,18.1,16.2,15.6,99.0,95.9,97.3,71.1,67.3,68.1,0.01,0.0,0.0,999.9,999.9,999.9,18,8.7,8.6
16585596,0723,85.4,80.3,79.9,45.2,46.2,47.0,871.4,895.7,888.7,9.9,12.7,10.3,3.7,7.8,8.2,11.1,16.2,15.9,93.0,95.9,97.5,66.9,67.3,68.5,0.0,0.0,0.0,999.9,999.9,999.9,18,8.8,9.2
16585596,0723,76.7,80.3,80.0,39.9,46.2,47.4,869.5,895.7,888.6,39.8,12.7,10.3,5.3,7.7,8.1,20.0,16.2,15.7,100.0,95.9,97.3,62.2,67.3,68.5,0.03,0.0,0.0,999.9,999.9,999.9,0,8.8,9.2
16585596,0723,62.0,80.2,79.8,55.9,46.1,46.8,868.1,895.7,888.5,10.0,12.9,11.2,9.5,7.7,8.0,26.0,16.2,15.7,99.0,95.8,97.2,71.1,67.2,68.7,0.0,0.0,0.0,999.9,999.9,999.9,0,8.8,9.2
16585596,0723,80.7,80.2,79.3,41.2,46.2,47.4,872.9,895.7,888.3,10.0,12.9,11.3,4.7,7.7,7.9,17.1,16.3,16.1,79.0,95.8,97.3,64.9,67.3,68.8,0.0,0.0,0.0,999.9,999.9,999.9,0,8.7,9.2
16585596,0723,88.1,80.2,79.3,57.2,46.1,47.2,870.0,895.0,888.3,10.0,12.9,11.3,4.7,7.7,7.9,18.1,16.3,16.0,93.0,95.7,96.8,71.1,67.2,68.8,0.0,0.0,0.0,999.9,999.9,999.9,16,8.7,9.2
16585596,0723,81.1,80.2,79.7,36.2,46.1,47.4,869.5,895.0,888.3,10.0,12.8,11.3,10.2,7.7,7.7,24.1,16.3,16.3,89.1,95.7,97.0,64.9,67.2,68.8,0.0,0.0,0.0,999.9,999.9,999.9,18,8.7,9.7
16585596,0723,77.1,80.2,79.4,55.6,46.1,46.9,872.9,895.0,888.2,9.7,12.9,11.3,6.5,7.7,7.7,19.0,16.4,16.8,102.0,95.6,96.8,64.9,67.2,68.5,0.0,0.0,0.0,999.9,999.9,999.9,0,8.7,9.8
16585596,0723,79.3,80.2,79.3,48.9,46.0,47.2,868.1,895.0,888.2,10.0,12.8,11.3,9.6,7.7,7.6,18.1,16.4,16.3,100.0,95.7,96.8,71.1,67.2,68.6,0.0,0.0,0.0,999.9,999.9,999.9,0,8.4,9.8
16585596,0723,74.2,80.1,79.0,39.9,46.0,47.8,870.5,895.0,888.1,9.8,12.8,11.3,6.2,7.7,7.7,13.0,16.4,16.3,79.0,95.8,96.8,71.1,67.2,68.5,0.0,0.0,0.0,999.9,999.9,999.9,18,8.4,9.8
16585596,0723,81.8,80.1,78.8,50.2,46.0,47.9,873.0,894.2,888.0,13.5,12.7,11.2,4.9,7.7,7.6,24.3,16.4,16.4,99.0,95.7,96.2,62.1,67.2,68.3,0.0,0.0,0.0,999.9,999.9,999.9,18,8.5,10.4
16585596,0723,81.8,80.1,78.5,40.5,46.0,48.1,870.4,894.3,888.1,10.0,12.7,11.4,5.3,7.7,7.4,34.0,16.4,16.9,100.0,95.8,96.2,57.0,67.2,68.2,0.0,0.0,0.0,999.9,999.9,999.9,18,8.6,11.0
16585596,0723,81.1,80.0,78.9,47.1,46.0,47.9,872.4,894.3,888.2,9.9,12.7,11.4,5.1,7.7,7.2,13.0,16.5,17.5,93.9,95.8,96.2,61.0,67.1,67.8,0.03,0.0,0.0,999.9,999.9,999.9,16,8.7,11.6
16585596,0723,81.8,80.0,79.2,55.9,46.0,47.7,999.9,894.3,888.2,39.8,12.7,11.4,5.3,7.7,7.2,15.9,16.5,17.5,90.0,95.7,96.3,66.9,67.1,67.7,0.0,0.0,0.0,999.9,999.9,999.9,0,8.8,11.5
16585596,0723,85.4,79.9,79.2,54.1,46.1,47.9,999.9,895.0,892.4,10.0,12.8,12.4,6.9,7.7,7.2,11.1,16.5,17.5,93.0,95.7,96.1,70.0,67.1,67.7,0.11,0.0,0.0,999.9,999.9,999.9,18,8.8,11.5
16585596,0723,89.6,79.9,79.6,50.9,46.2,48.6,999.9,895.7,896.8,9.8,12.8,12.4,6.9,7.6,7.1,14.0,16.5,17.4,102.0,95.7,95.8,61.0,67.1,67.9,0.0,0.0,0.0,999.9,999.9,999.9,0,8.8,12.1
16585596,0723,86.6,80.0,79.7,36.2,46.2,48.8,999.9,896.4,901.2,22.3,12.8,12.4,9.3,7.6,7.1,11.1,16.5,17.2,102.0,95.8,95.7,66.0,67.1,67.5,0.02,0.0,0.0,999.9,999.9,999.9,0,8.7,10.5
16585596,0723,81.1,80.0,79.9,45.0,46.1,48.4,870.5,897.1,901.2,13.5,12.9,12.8,8.8,7.6,7.2,13.0,16.5,17.0,93.0,95.8,96.1,59.0,67.1,67.3,0.0,0.0,0.0,999.9,999.9,999.9,0,8.6,10.5
16585596,0723,88.1,80.0,79.7,57.5,46.1,48.2,873.1,897.1,901.2,22.3,12.9,12.9,10.1,7.6,7.2,19.0,16.5,17.0,89.1,95.8,95.8,59.0,67.1,66.9,0.0,0.0,0.0,999.9,999.9,999.9,0,8.6,10.5
16585596,0723,76.4,80.0,80.0,50.2,46.2,48.2,870.4,897.2,901.3,10.0,13.0,13.3,10.2,7.6,7.3,22.0,16.5,17.3,102.0,95.8,95.8,71.1,67.0,66.4,0.02,0.0,0.0,999.9,999.9,999.9,18,8.5,9.9
16585596,0723,81.1,79.9,79.8,50.9,46.2,47.9,871.0,897.2,897.0,30.7,13.0,13.3,11.6,7.6,7.3,22.0,16.6,17.6,99.0,95.7,95.8,73.9,67.1,66.8,0.0,0.0,0.0,999.9,999.9,999.9,18,8.6,9.9
16585596,0723,79.9,79.9,79.9,44.1,46.3,48.0,872.4,897.1,896.9,41.0,13.1,14.0,10.1,7.7,7.6,11.1,16.6,17.8,88.7,95.8,95.9,54.0,67.1,66.9,0.17,0.0,0.0,999.9,999.9,999.9,0,8.7,8.9
16585596,0723,81.1,79.8,80.0,58.4,46.3,48.1,872.7,896.4,897.1,30.7,13.3,15.0,8.1,7.7,7.7,26.0,16.6,17.1,99.0,95.7,95.6,66.9,67.0,66.2,0.0,0.0,0.0,999.9,999.9,999.9,0,8.6,8.9
16585596,0723,83.0,79.8,80.6,49.2,46.4,48.5,869.5,896.4,897.1,30.7,13.4,15.7,8.7,7.7,7.7,11.1,16.6,17.5,79.0,95.7,95.6,62.1,67.0,66.0,0.0,0.0,0.0,999.9,999.9,999.9,18,8.5,8.9
16585596,0723,69.7,79.8,81.0,33.1,46.4,48.3,999.9,895.7,897.0,20.3,13.5,16.4,8.1,7.7,7.7,22.0,16.6,17.5,98.1,95.6,94.9,73.9,67.0,65.9,0.0,0.0,0.0,999.9,999.9,999.9,0,8.5,9.5
16585596,0723,81.1,79.7,80.6,37.5,46.3,47.8,871.5,895.7,901.3,10.0,13.6,16.8,5.3,7.7,7.7,13.0,16.7,17.6,87.1,95.7,94.7,75.9,67.1,66.3,0.0,0.0,0.0,999.9,999.9,999.9,0,8.5,8.9
16585596,0723,78.4,79.7,80.7,54.1,46.3,47.6,873.6,895.0,901.3,9.8,13.6,16.8,5.1,7.7,7.5,15.0,16.7,17.6,89.1,95.6,94.2,73.0,67.1,66.6,0.0,0.0,0.0,999.9,999.9,999.9,0,8.5,8.3
16585596,0723,79.9,79.7,80.6,34.9,46.3,48.0,999.9,895.0,897.1,9.7,13.5,16.8,4.9,7.7,7.5,11.1,16.7,17.4,99.0,95.6,94.1,66.2,67.1,66.5,0.0,0.0,0.0,999.9,999.9,999.9,18,8.5,7.7
16585596,0723,78.4,79.7,80.7,57.6,46.2,47.6,866.4,895.8,897.1,10.0,13.5,16.4,5.6,7.7,7.3,11.1,16.7,17.4,79.0,95.6,94.3,57.9,67.1,66.5,0.0,0.0,0.0,999.9,999.9,999.9,2,8.6,8.3
16585596,0723,81.1,79.7,80.8,52.0,46.3,47.7,999.9,895.0,896.9,9.8,13.3,16.4,7.8,7.7,7.2,20.0,16.6,17.2,90.0,95.6,93.8,59.0,67.1,66.3,0.0,0.0,0.0,999.9,999.9,999.9,0,8.5,8.3
16585596,0723,69.7,79.7,80.7,57.5,46.3,47.8,873.0,895.7,901.1,10.0,13.3,16.4,9.6,7.7,7.2,34.0,16.6,17.5,93.9,95.5,93.5,73.9,67.0,65.8,0.33,0.0,0.0,999.9,999.9,999.9,48,8.4,7.7
16585596,0723,79.3,79.7,80.1,41.4,46.5,47.9,872.9,895.7,901.1,10.0,13.3,16.4,4.7,7.7,7.3,18.1,16.7,18.0,102.9,95.5,93.3,61.0,67.1,65.9,0.0,0.0,0.0,999.9,999.9,999.9,18,8.7,8.7
16585596,0723,82.3,79.6,79.9,41.6,46.5,47.8,869.7,895.7,901.1,9.7,13.3,16.4,10.2,7.7,7.3,15.0,16.6,18.2,102.9,95.5,93.7,62.2,67.1,65.7,0.0,0.0,0.0,999.9,999.9,999.9,16,8.7,8.7
16585596,0723,81.1,79.7,80.0,55.9,46.5,47.8,872.9,895.0,901.1,10.0,13.3,15.4,6.3,7.7,7.5,18.1,16.6,18.1,102.9,95.6,93.8,70.0,67.1,65.7,0.0,0.0,0.0,999.9,999.9,999.9,0,8.8,9.3
16585596,0723,80.9,79.6,80.7,41.2,46.6,47.8,872.9,895.0,901.3,22.2,13.3,15.4,5.1,7.7,7.4,22.0,16.7,17.8,87.1,95.7,93.9,61.0,67.1,65.7,0.0,0.0,0.0,999.9,999.9,999.9,0,8.8,9.3
16585596,0723,86.6,79.7,80.7,57.5,46.5,47.8,873.0,895.0,901.3,9.9,13.4,15.8,6.4,7.7,7.4,34.0,16.7,18.0,98.1,95.6,94.2,66.9,67.1,65.6,0.0,0.0,0.0,999.9,999.9,999.9,0,8.7,9.3
16585596,0723,88.8,79.7,80.6,45.0,46.6,47.8,866.4,894.3,901.4,9.8,13.4,15.8,4.7,7.6,7.4,13.0,16.8,18.5,95.0,95.6,94.3,71.1,67.1,65.4,0.0,0.0,0.0,999.9,999.9,999.9,0,8.6,8.7
16585596,0723,62.0,79.7,80.9,44.1,46.5,48.1,999.9,894.3,901.3,10.0,13.3,15.8,4.7,7.6,7.2,34.0,16.8,18.1,99.0,95.6,94.5,61.0,67.1,65.6,0.0,0.0,0.0,999.9,999.9,999.9,0,8.5,8.1
16585596,0723,62.0,79.6,80.4,57.2,46.5,47.7,873.6,895.0,905.5,9.9,13.3,15.8,6.9,7.6,7.2,31.1,16.9,18.6,102.0,95.5,94.4,64.9,67.1,65.5,0.0,0.0,0.0,999.9,999.9,999.9,18,8.4,8.1
16585596,0723,80.7,79.5,79.8,55.6,46.6,48.0,999.9,895.0,905.7,9.9,13.3,15.8,9.9,7.6,7.1,10.1,17.0,19.1,99.0,95.5,94.5,71.1,67.0,65.3,0.0,0.0,0.0,999.9,999.9,999.9,0,8.5,8.7
16585596,0723,81.8,79.6,80.0,44.1,46.7,48.5,872.4,895.7,910.0,22.3,13.3,15.8,6.9,7.6,7.2,18.1,17.0,19.0,99.0,95.5,95.2,62.1,67.1,65.3,0.0,0.0,0.0,999.9,999.9,999.9,18,8.5,8.1
16585596,0723,79.9,79.6,80.0,40.5,46.6,48.3,866.4,895.7,910.0,9.9,13.3,16.1,9.8,7.6,7.3,8.9,17.0,18.8,99.0,95.5,95.2,68.0,67.0,65.3,0.0,0.0,0.0,999.9,999.9,999.9,0,8.6,8.1
16585596,0723,74.2,79.6,80.0,55.9,46.5,48.3,873.6,895.7,909.9,10.0,13.3,16.1,10.2,7.6,7.4,17.1,17.0,17.9,93.9,95.6,95.1,62.1,67.0,65.7,0.03,0.0,0.0,999.9,999.9,999.9,48,8.5,7.5
16585596,0723,81.1,79.5,79.7,57.5,46.5,48.6,866.4,895.7,909.9,9.8,13.3,16.1,9.9,7.6,7.6,11.1,16.9,18.1,93.9,95.6,95.1,73.9,67.0,65.7,0.0,0.0,0.0,999.9,999.9,999.9,0,8.7,8.6
16585596,0723,62.0,79.5,79.7,41.6,46.6,48.7,866.4,895.6,905.5,10.0,13.3,15.1,9.9,7.6,7.8,11.1,16.9,17.9,95.0,95.6,95.3,70.0,67.0,65.9,0.0,0.0,0.0,999.9,999.9,999.9,2,8.6,8.6
16585596,0723,87.8,79.4,78.9,39.9,46.6,48.3,873.6,895.6,901.0,9.9,13.3,15.1,11.6,7.6,7.9,18.1,16.9,17.9,95.0,95.6,95.3,66.0,67.0,65.9,0.0,0.0,0.0,999.9,999.9,999.9,18,8.6,8.1
16585596,0723,81.1,79.4,78.9,50.9,46.6,47.9,870.4,895.6,896.8,10.0,13.3,15.1,6.2,7.6,8.0,14.0,16.9,18.0,104.0,95.6,95.1,57.9,67.0,66.1,0.0,0.0,0.0,999.9,999.9,999.9,0,8.7,8.7
16585596,0723,82.7,79.4,78.7,39.9,46.6,48.4,868.1,895.6,892.5,10.0,13.3,14.7,10.4,7.6,7.9,14.0,16.9,18.1,93.9,95.6,95.2,62.1,67.0,65.8,0.0,0.0,0.0,999.9,999.9,999.9,16,8.7,8.7
16585596,0723,86.6,79.4,78.7,57.6,46.6,48.2,872.7,895.6,892.4,9.9,13.3,14.6,6.2,7.6,8.0,19.0,16.9,18.2,95.0,95.6,95.2,54.0,66.9,65.9,0.0,0.0,0.0,999.9,999.9,999.9,0,8.8,9.2
16585596,0723,74.2,79.4,78.7,57.5,46.7,48.2,873.0,895.6,892.4,22.3,13.3,14.2,10.1,7.6,7.8,20.0,17.0,18.2,98.1,95.6,95.4,62.1,66.8,65.8,0.17,0.0,0.0,999.9,999.9,999.9,18,8.7,9.2
16585596,0723,80.7,79.4,78.6,46.5,46.7,48.5,871.0,895.6,892.5,39.8,13.4,14.6,10.2,7.6,7.8,26.0,17.0,18.1,99.0,95.6,95.3,72.0,66.8,65.5,0.17,0.0,0.0,999.9,999.9,999.9,0,8.5,9.2
16585596,0723,80.9,79.4,78.6,49.3,46.7,48.3,868.1,895.6,892.5,10.0,13.5,14.9,3.7,7.6,7.8,11.1,17.1,18.2,104.0,95.6,95.3,62.1,66.8,65.4,0.0,0.0,0.0,999.9,999.9,999.9,18,8.4,8.6
16585596,0723,89.2,79.4,78.6,37.5,46.7,48.5,871.0,895.5,892.3,10.0,13.6,13.9,8.2,7.6,7.6,19.0,17.1,18.2,99.0,95.6,95.8,57.0,66.8,65.7,0.17,0.0,0.0,999.9,999.9,999.9,18,8.4,9.2
16585596,0723,89.6,79.4,78.9,57.5,46.7,47.8,870.4,895.5,892.3,22.3,13.6,13.2,8.8,7.6,7.6,19.0,17.1,18.0,100.0,95.7,95.8,57.0,66.7,65.3,0.0,0.0,0.0,999.9,999.9,999.9,0,8.5,9.8
16585596,0723,87.8,79.4,79.1,50.9,46.7,48.1,872.4,894.8,892.3,22.2,13.6,12.9,9.8,7.6,7.6,15.0,17.1,18.3,102.0,95.6,96.5,73.0,66.6,65.2,0.0,0.0,0.0,999.9,999.9,999.9,16,8.4,9.2
16585596,0723,87.8,79.4,79.7,44.6,46.7,48.7,870.5,894.8,888.0,10.0,13.7,13.0,10.2,7.6,7.6,13.0,17.1,18.0,102.9,95.7,96.6,73.9,66.6,65.1,0.14,0.0,0.0,999.9,999.9,999.9,18,8.5,9.7
16585596,0723,89.6,79.6,80.0,54.6,46.7,48.9,999.9,894.9,888.0,9.9,13.7,13.0,8.1,7.6,7.8,15.9,17.1,18.0,87.1,95.7,97.1,71.1,66.7,65.1,0.0,0.0,0.0,999.9,999.9,999.9,18,8.5,10.3
16585596,0723,80.7,79.6,80.3,55.9,46.7,48.9,875.8,895.6,892.2,9.8,13.6,13.0,6.5,7.6,7.9,26.0,17.1,18.1,93.0,95.7,97.1,66.9,66.8,65.0,0.02,0.0,0.0,999.9,999.9,999.9,0,8.5,10.9
16585596,0723,78.3,79.7,80.4,58.4,46.8,49.6,869.5,895.6,888.1,10.0,13.6,13.0,3.7,7.6,8.0,14.0,17.1,18.6,98.1,95.7,96.9,71.1,66.8,65.0,0.02,0.0,0.0,999.9,999.9,999.9,0,8.5,10.3
16585596,0723,85.2,79.7,80.3,41.6,46.9,49.7,869.0,895.6,888.2,14.9,13.6,13.0,10.4,7.6,7.9,12.0,17.2,18.7,102.0,95.7,97.5,62.1,66.8,65.5,0.03,0.0,0.0,999.9,999.9,999.9,0,8.5,10.3
16585596,0723,81.1,79.7,80.5,50.9,46.8,49.3,873.0,895.5,883.8,10.0,13.6,13.1,5.3,7.6,8.0,19.0,17.2,18.4,98.1,95.8,97.9,66.9,66.8,65.6,0.33,0.0,0.0,999.9,999.9,999.9,18,8.4,10.3
16585596,0723,89.2,79.7,80.9,47.2,46.9,49.1,869.5,895.5,883.8,9.7,13.6,13.1,10.6,7.6,7.8,13.0,17.1,17.9,98.1,95.8,98.0,62.1,66.7,65.3,0.0,0.0,0.0,999.9,999.9,999.9,0,8.4,9.3
16585596,0723,88.1,79.9,81.2,55.6,46.9,49.3,873.0,895.5,883.7,9.8,13.5,13.1,5.1,7.6,8.0,10.1,17.1,17.7,93.0,95.8,97.9,72.0,66.7,65.4,0.0,0.0,0.0,999.9,999.9,999.9,48,8.3,8.7
16585596,0723,83.0,79.9,81.4,52.0,47.0,49.7,999.9,895.5,883.8,20.3,13.5,13.1,6.2,7.6,7.9,13.0,17.1,17.6,95.0,95.7,97.5,64.9,66.7,65.7,0.01,0.0,0.0,999.9,999.9,999.9,0,8.6,9.7
16585596,0723,76.8,79.9,81.5,45.0,47.0,49.6,872.4,896.3,888.1,9.7,13.5,13.5,10.6,7.6,7.9,19.0,17.1,17.4,102.9,95.7,97.3,75.9,66.7,65.5,0.0,0.0,0.0,999.9,999.9,999.9,0,8.6,9.7
16585596,0723,77.5,79.9,81.3,41.2,47.0,49.7,872.4,896.3,888.0,9.8,13.5,13.1,3.7,7.6,8.0,12.0,17.1,17.3,95.0,95.7,97.8,66.0,66.8,66.0,0.0,0.0,0.0,999.9,999.9,999.9,0,8.5,9.7
16585596,0723,82.7,79.9,81.0,40.5,47.0,49.2,872.4,896.3,888.0,14.9,13.5,13.1,6.3,7.6,7.9,8.9,17.1,16.6,98.1,95.8,97.7,61.0,66.7,66.0,0.0,0.0,0.0,999.9,999.9,999.9,0,8.4,9.7
16585596,0723,88.1,79.9,80.8,45.2,46.9,49.0,870.5,896.3,888.2,10.0,13.5,13.2,8.8,7.6,8.0,14.0,16.9,16.4,90.0,95.8,97.8,64.9,66.7,65.7,0.0,0.0,0.0,999.9,999.9,999.9,0,8.4,9.7
16585596,0723,77.5,79.9,81.7,54.6,46.9,49.1,866.4,895.6,883.9,9.9,13.5,13.2,5.3,7.6,8.1,8.9,17.0,15.8,89.1,95.7,97.5,62.1,66.7,65.8,0.0,0.0,0.0,999.9,999.9,999.9,0,8.4,9.7
16585596,0723,62.0,79.9,82.2,45.2,47.0,49.0,871.0,895.5,883.7,9.9,13.5,13.2,6.9,7.6,8.1,12.0,16.9,15.0,90.0,95.7,97.1,57.0,66.7,65.7,0.17,0.0,0.0,999.9,999.9,999.9,18,8.3,9.1
16585596,0723,88.8,79.7,81.6,41.6,47.0,48.7,875.8,895.5,879.4,22.3,13.5,13.2,8.2,7.5,8.0,13.0,16.9,15.1,102.9,95.6,96.8,62.1,66.6,65.2,0.0,0.0,0.0,999.9,999.9,999.9,16,8.3,9.7
16585596,0723,76.4,79.8,81.8,46.5,47.0,48.6,999.9,895.5,879.5,9.9,13.6,13.2,6.9,7.6,8.0,34.0,16.9,14.9,99.0,95.7,96.9,61.0,66.6,65.2,0.0,0.0,0.0,999.9,999.9,999.9,0,8.3,9.7
16585596,0723,81.1,79.7,81.7,54.5,47.0,48.8,872.7,895.5,883.9,9.7,13.6,13.2,3.7,7.6,7.9,11.1,17.1,15.7,93.0,95.7,96.9,59.0,66.6,65.0,0.0,0.0,0.0,999.9,999.9,999.9,0,8.3,9.7
16585596,0723,80.7,79.8,81.9,55.9,47.1,48.7,871.0,894.8,883.9,10.0,13.6,13.2,10.2,7.5,7.7,19.0,17.0,15.5,93.0,95.7,96.9,73.9,66.6,64.9,0.0,0.0,0.0,999.9,999.9,999.9,0,8.2,8.1
16585596,0723,78.3,79.8,81.9,52.0,47.2,48.7,872.7,894.1,884.1,9.9,13.6,13.2,9.8,7.6,7.7,12.0,16.9,15.8,87.1,95.8,96.8,61.0,66.6,64.9,0.0,0.0,0.0,999.9,999.9,999.9,0,8.2,8.1
16585596,0723,80.7,79.7,82.5,52.0,47.3,49.0,870.0,893.4,884.3,9.9,13.6,13.2,5.3,7.6,7.7,15.9,16.9,15.8,102.9,95.8,96.6,63.0,66.5,64.6,0.15,0.0,0.0,999.9,999.9,999.9,0,8.2,8.0
16585596,0723,79.9,79.7,82.2,37.5,47.3,49.4,999.9,893.4,884.1,9.7,13.5,13.2,6.9,7.6,7.5,14.0,16.9,15.8,93.0,95.9,96.8,57.9,66.5,64.5,0.0,0.0,0.0,999.9,999.9,999.9,18,8.1,7.4
16585596,0723,76.7,79.8,82.2,48.9,47.2,49.0,873.6,894.1,888.5,10.0,13.5,13.2,10.4,7.6,7.5,31.1,16.8,15.8,100.0,95.8,96.5,75.9,66.5,64.5,0.33,0.0,0.0,999.9,999.9,999.9,2,8.1,8.0
16585596,0723,83.0,79.8,82.0,44.6,47.2,49.3,873.1,894.1,888.6,10.0,13.5,13.2,6.9,7.6,7.5,11.1,16.9,16.3,93.9,95.9,96.7,66.9,66.5,65.0,0.0,0.0,0.1,999.9,999.9,999.9,18,8.1,7.5
16585596,0723,62.0,79.8,81.9,41.2,47.3,48.8,871.5,894.1,888.7,10.0,13.5,13.2,8.2,7.6,7.6,10.1,16.8,16.1,102.9,95.9,96.6,66.0,66.5,65.4,0.33,0.0,0.1,999.9,999.9,999.9,0,8.1,8.1
16585596,0723,80.9,79.7,81.4,54.1,47.2,48.3,870.5,894.1,888.6,10.0,13.4,12.8,7.8,7.6,7.5,18.1,16.8,15.7,102.9,95.9,96.8,73.0,66.6,65.5,0.02,0.0,0.1,999.9,999.9,999.9,0,8.0,7.5
16585596,0723,77.1,79.7,81.5,37.5,47.2,48.6,871.0,894.1,888.6,10.0,13.4,11.8,9.5,7.6,7.4,10.1,16.8,15.5,99.0,96.0,96.9,71.1,66.5,65.6,0.0,0.0,0.1,999.9,999.9,999.9,0,7.9,7.5
16585596,0723,69.7,79.7,81.3,54.6,47.2,48.2,870.0,893.4,888.7,9.8,13.4,11.8,4.9,7.6,7.6,10.1,16.7,15.4,99.0,96.0,96.8,62.1,66.5,65.9,0.0,0.0,0.1,999.9,999.9,999.9,18,7.8,6.9
16585596,0723,79.9,79.7,80.7,40.5,47.2,48.7,873.1,893.4,888.7,10.0,13.4,11.8,6.9,7.6,7.5,15.0,16.7,15.1,93.9,96.1,96.8,73.9,66.5,66.0,0.11,0.0,0.1,999.9,999.9,999.9,18,7.9,6.9
16585596,0723,81.1,79.7,80.4,54.6,47.2,48.2,872.7,893.4,888.7,14.9,13.4,11.4,10.1,7.6,7.4,15.9,16.7,15.0,102.9,96.0,96.6,71.1,66.6,66.6,0.0,0.0,0.1,999.9,999.9,999.9,0,7.9,7.5
16585596,0723,76.7,79.7,80.1,33.1,47.2,48.3,871.5,893.4,888.8,10.0,13.4,11.2,6.2,7.6,7.4,8.9,16.7,15.0,93.0,96.0,96.6,61.0,66.6,66.5,0.0,0.0,0.1,999.9,999.9,999.9,0,7.9,7.0
16585596,0723,79.9,79.7,79.8,57.5,47.1,47.9,873.5,893.4,888.8,9.7,13.4,11.2,5.6,7.6,7.3,20.0,16.6,14.9,93.0,96.0,96.3,57.0,66.6,66.1,0.02,0.0,0.1,999.9,999.9,999.9,18,7.9,6.4
16585596,0723,89.6,79.8,79.4,34.9,47.2,48.0,869.5,892.7,884.6,9.9,13.4,11.2,5.3,7.6,7.2,8.9,16.6,15.0,102.9,96.0,96.5,70.0,66.6,65.6,0.0,0.0,0.1,999.9,999.9,999.9,18,8.0,6.4
16585596,0723,79.9,79.8,79.7,55.9,47.1,47.3,873.6,892.7,884.4,10.0,13.4,11.2,6.9,7.5,7.2,18.1,16.6,14.5,100.0,96.0,96.8,66.0,66.6,65.7,0.0,0.0,0.1,999.9,999.9,999.9,18,8.0,7.0
16585596,0723,86.6,79.8,79.8,41.6,47.2,47.2,866.4,892.7,884.5,30.7,13.4,11.2,5.3,7.5,7.3,19.0,16.6,14.6,95.0,96.0,96.9,66.0,66.6,65.6,0.0,0.0,0.1,999.9,999.9,999.9,18,8.1,7.6
16585596,0723,88.1,80.0,79.8,34.9,47.2,47.2,873.1,892.7,884.4,9.9,13.5,11.7,8.1,7.5,7.1,11.1,16.6,14.8,95.0,95.9,96.6,59.0,66.6,65.7,0.0,0.0,0.0,999.9,999.9,999.9,18,8.1,8.2
16585596,0723,77.5,80.0,80.1,57.5,47.1,46.7,869.0,892.7,884.4,9.9,13.5,11.7,9.3,7.5,7.2,10.1,16.6,14.6,102.0,95.9,96.5,66.9,66.5,65.4,0.0,0.0,0.0,999.9,999.9,999.9,18,8.2,8.2
16585596,0723,79.9,80.0,79.7,47.2,47.2,47.0,875.8,892.7,884.4,30.7,13.5,11.7,11.6,7.5,7.2,15.9,16.5,14.5,99.0,96.0,96.6,71.1,66.5,65.6,0.0,0.0,0.0,999.9,999.9,999.9,0,8.3,8.8
16585596,0723,62.0,80.0,79.4,45.2,47.2,46.7,999.9,892.7,884.5,10.0,13.6,12.4,6.9,7.5,7.4,19.0,16.5,14.7,99.0,96.0,96.8,61.0,66.6,65.6,0.0,0.0,0.0,999.9,999.9,999.9,0,8.3,7.2
16585596,0723,79.9,79.9,78.7,52.0,47.1,46.5,999.9,893.4,884.5,9.7,13.6,12.0,9.3,7.5,7.4,13.0,16.5,14.9,90.0,96.0,97.0,66.0,66.5,65.4,0.0,0.0,0.0,999.9,999.9,999.9,18,8.3,7.2
16585596,0723,80.9,79.9,78.8,45.2,47.1,46.8,999.9,894.1,888.7,39.8,13.5,12.0,5.6,7.5,7.4,19.0,16.4,14.7,93.0,96.0,96.6,61.0,66.6,65.1,0.0,0.0,0.0,999.9,999.9,999.9,0,8.3,7.8
16585596,0723,76.8,79.9,78.9,41.4,47.2,46.9,870.5,894.9,893.0,10.0,13.7,13.0,5.6,7.5,7.4,13.0,16.4,14.9,102.0,95.9,96.5,72.0,66.5,64.9,0.0,0.0,0.0,999.9,999.9,999.9,18,8.3,7.8
16585596,0723,87.8,79.8,78.7,45.2,47.2,46.9,873.0,894.9,892.9,10.0,13.7,12.9,7.8,7.5,7.4,19.0,16.4,15.0,91.9,96.0,96.6,57.9,66.6,65.3,0.11,0.0,0.0,999.9,999.9,999.9,0,8.4,8.4
16585596,0723,80.9,79.9,78.7,55.9,47.2,46.9,872.9,894.9,893.0,9.9,13.5,12.9,10.4,7.5,7.4,8.9,16.4,15.2,102.0,96.0,96.7,66.9,66.6,65.1,0.0,0.0,0.0,999.9,999.9,999.9,0,8.4,8.4
16585596,0723,82.7,79.9,78.8,36.2,47.2,47.0,999.9,894.9,893.2,10.0,13.5,12.9,5.3,7.6,7.6,15.9,16.4,15.2,90.0,96.0,97.1,66.0,66.6,65.2,0.0,0.0,0.0,999.9,999.9,999.9,0,8.3,8.4
16585596,0723,77.5,79.9,79.5,49.2,47.2,46.7,872.4,895.6,897.5,10.0,13.5,12.9,8.1,7.6,7.5,14.0,16.4,15.3,104.0,95.9,97.1,71.1,66.6,65.5,0.0,0.0,0.0,999.9,999.9,999.9,0,8.3,7.8
16585596,0723,76.7,79.9,79.1,57.2,47.2,46.9,999.9,895.6,897.4,10.0,13.5,12.5,5.3,7.5,7.5,19.0,16.3,15.4,95.0,95.9,97.1,71.1,66.6,65.8,0.15,0.0,0.0,999.9,999.9,999.9,48,8.3,7.3
16585596,0723,78.3,79.9,79.2,57.2,47.3,47.3,873.0,896.3,897.4,10.0,13.5,12.5,4.7,7.5,7.4,18.1,16.4,14.9,89.1,95.9,97.0,57.9,66.7,66.2,0.11,0.0,0.0,999.9,999.9,999.9,18,8.5,8.9
16585596,0723,77.5,79.8,79.1,41.2,47.3,47.4,869.7,896.3,897.4,10.0,13.5,12.5,8.8,7.5,7.5,24.1,16.4,15.1,102.9,95.9,96.9,72.0,66.7,66.1,0.0,0.0,0.0,999.9,999.9,999.9,0,8.6,9.5
16585596,0723,69.7,79.8,79.0,50.2,47.2,46.9,871.5,896.3,897.4,22.2,13.5,12.5,8.2,7.5,7.4,22.0,16.5,15.3,98.1,96.0,97.2,62.1,66.7,66.1,0.0,0.0,0.0,999.9,999.9,999.9,18,8.6,9.5
16585596,0723,85.4,79.7,78.7,34.9,47.3,46.8,873.0,896.3,897.3,22.3,13.5,12.9,8.8,7.5,7.4,19.0,16.4,15.6,93.9,96.0,97.6,57.0,66.6,66.1,0.0,0.0,0.0,999.9,999.9,999.9,18,8.7,10.1
16585596,0723,82.7,79.7,78.8,54.6,47.2,46.2,870.0,895.6,897.4,9.7,13.6,13.3,5.6,7.5,7.5,10.1,16.4,15.7,99.0,95.9,97.3,71.1,66.6,65.9,0.0,0.0,0.0,999.9,999.9,999.9,18,8.6,10.7
16585596,0723,82.8,79.7,78.9,52.0,47.2,46.8,873.6,895.5,893.1,9.7,13.5,13.3,6.6,7.5,7.4,13.0,16.3,15.6,93.0,96.0,97.5,57.9,66.6,66.3,0.01,0.0,0.0,999.9,999.9,999.9,0,8.6,10.7
16585596,0723,76.4,79.7,79.1,54.1,47.3,46.9,873.6,895.6,893.1,9.9,13.5,13.3,6.3,7.5,7.3,13.0,16.3,15.0,89.1,96.0,97.2,75.0,66.6,65.7,0.17,0.0,0.0,999.9,999.9,999.9,0,8.6,10.6
16585596,0723,85.4,79.8,78.9,57.5,47.3,47.2,999.9,895.6,893.1,10.0,13.5,13.3,5.3,7.5,7.3,19.0,16.3,15.0,95.0,95.9,97.1,61.0,66.6,66.0,0.11,0.0,0.0,999.9,999.9,999.9,0,8.5,10.0
16585596,0723,79.9,79.7,79.7,47.2,47.3,47.8,870.5,895.6,897.4,9.9,13.5,13.3,10.6,7.5,7.2,24.3,16.2,15.3,89.1,95.9,96.8,66.0,66.5,65.8,0.0,0.0,0.0,999.9,999.9,999.9,0,8.4,10.0
16585596,0723,62.0,79.8,79.6,45.2,47.4,47.5,869.0,895.6,897.4,9.9,13.5,13.3,11.6,7.5,7.3,11.1,16.3,15.6,99.0,95.8,96.4,59.0,66.5,65.6,0.0,0.0,0.0,999.9,999.9,999.9,0,8.4,10.0
16585596,0723,85.4,79.6,79.1,58.4,47.4,47.8,999.9,895.6,897.3,9.7,13.5,13.3,10.4,7.5,7.4,18.1,16.3,15.6,104.0,95.9,96.4,73.0,66.5,65.2,0.0,0.0,0.0,999.9,999.9,999.9,18,8.4,10.0
16585596,0723,79.3,79.6,79.7,49.2,47.5,47.9,872.4,896.3,901.7,10.0,13.5,13.3,7.8,7.6,7.5,26.0,16.3,15.9,79.0,95.9,96.5,66.2,66.5,65.6,0.17,0.0,0.0,999.9,999.9,999.9,0,8.4,10.0
16585596,0723,79.3,79.7,79.6,34.9,47.4,48.2,870.4,896.3,901.6,22.2,13.5,13.3,9.6,7.6,7.6,10.1,16.4,16.2,95.0,95.8,96.0,61.0,66.5,65.3,0.14,0.0,0.0,999.9,999.9,999.9,0,8.4,9.4
16585596,0723,78.4,79.7,79.6,46.5,47.3,47.6,873.5,895.6,901.6,10.0,13.6,13.5,3.7,7.6,7.6,14.0,16.3,16.0,93.9,95.8,95.8,75.9,66.4,65.0,0.17,0.0,0.0,999.9,999.9,999.9,18,8.3,9.4
16585596,0723,81.1,79.6,79.6,41.2,47.4,48.0,873.0,895.6,901.6,9.9,13.5,13.5,10.4,7.6,7.5,19.0,16.4,16.2,102.9,95.8,95.8,70.0,66.6,65.5,0.0,0.0,0.0,999.9,999.9,999.9,0,8.4,10.0
16585596,0723,88.8,79.7,79.7,45.2,47.3,47.5,999.9,895.6,901.6,9.8,13.4,13.5,6.3,7.6,7.6,12.0,16.4,16.2,102.0,95.8,96.1,73.9,66.5,65.9,0.0,0.0,0.0,999.9,999.9,999.9,0,8.4,9.4
16585596,0723,78.4,79.7,79.7,55.9,47.3,47.8,873.6,895.6,906.0,13.5,13.4,13.5,8.2,7.6,7.7,11.1,16.4,16.3,99.0,95.9,96.1,57.9,66.6,66.0,0.0,0.0,0.0,999.9,999.9,999.9,18,8.3,8.8
16585596,0723,88.1,79.7,79.6,34.9,47.4,47.8,999.9,895.6,906.0,9.8,13.4,13.6,9.3,7.6,7.7,18.1,16.4,16.0,99.0,95.9,96.1,70.0,66.5,65.8,0.0,0.0,0.0,999.9,999.9,999.9,16,8.4,8.8
16585596,0723,74.2,79.7,79.7,48.9,47.3,47.6,873.6,895.6,910.4,9.9,13.4,12.9,3.7,7.6,7.9,19.0,16.4,16.0,102.0,96.0,96.2,54.0,66.6,65.9,0.0,0.0,0.0,999.9,999.9,999.9,18,8.5,8.7
16585596,0723,76.8,79.8,79.2,57.5,47.4,48.0,872.4,894.9,910.4,10.0,13.4,12.9,6.6,7.6,7.7,15.0,16.3,16.3,98.1,96.1,96.4,75.9,66.5,65.7,0.0,0.0,0.0,999.9,999.9,999.9,0,8.5,8.7
16585596,0723,79.9,79.9,79.2,47.2,47.5,48.0,873.6,895.0,910.6,13.5,13.2,12.9,8.2,7.6,7.6,22.0,16.3,16.4,95.0,96.1,96.3,75.9,66.6,66.0,0.0,0.0,0.0,999.9,999.9,999.9,0,8.4,8.1
16585596,0723,89.6,79.9,79.2,52.0,47.6,48.0,873.0,895.0,910.5,10.0,13.2,12.4,11.6,7.6,7.5,15.9,16.4,16.6,91.9,96.1,96.2,66.9,66.6,66.2,0.11,0.0,0.0,999.9,999.9,999.9,0,8.3,8.1
16585596,0723,87.8,79.9,80.1,41.4,47.6,48.3,869.7,894.3,906.2,10.0,13.2,12.4,6.2,7.6,7.7,19.0,16.3,16.5,102.9,96.1,95.9,64.9,66.7,66.4,0.0,0.0,0.0,999.9,999.9,999.9,0,8.2,8.1
16585596,0723,76.4,80.0,80.4,41.6,47.5,47.9,873.1,894.3,901.9,9.9,13.2,12.4,10.2,7.6,7.6,13.0,16.4,16.7,95.0,96.1,96.4,71.1,66.6,66.4,0.0,0.0,0.0,999.9,999.9,999.9,0,8.1,7.5
16585596,0723,86.8,80.0,80.2,41.4,47.5,47.8,999.9,894.3,897.7,9.9,13.1,11.4,5.1,7.6,7.7,8.9,16.3,16.5,99.0,96.1,96.4,62.1,66.6,66.7,0.0,0.0,0.0,999.9,999.9,999.9,18,8.1,7.5
16585596,0723,85.4,79.9,80.5,55.9,47.4,47.8,999.9,895.0,902.0,10.0,13.0,11.4,7.8,7.6,7.7,17.1,16.2,16.4,98.1,96.1,96.3,62.1,66.5,66.4,0.0,0.0,0.0,999.9,999.9,999.9,18,8.2,7.5
16585596,0723,62.0,80.0,80.5,47.2,47.4,48.2,875.8,895.7,906.2,10.0,13.0,11.4,10.2,7.6,7.7,22.0,16.2,16.3,93.0,96.1,96.5,66.0,66.5,66.5,0.0,0.0,0.0,999.9,999.9,999.9,18,8.2,8.1
16585596,0723,80.7,80.0,79.8,45.2,47.4,47.9,866.4,895.0,906.3,9.9,13.0,11.4,6.3,7.6,7.7,22.0,16.3,16.8,91.9,96.1,96.2,62.2,66.5,66.5,0.0,0.0,0.0,999.9,999.9,999.9,18,8.3,8.7
16585596,0723,81.1,80.0,79.8,41.6,47.4,48.2,869.5,895.0,901.9,10.0,13.0,11.4,9.5,7.6,7.7,11.1,16.3,17.0,79.0,96.1,96.3,62.1,66.5,66.3,0.0,0.0,0.0,999.9,999.9,999.9,2,8.4,9.3
16585596,0723,85.4,80.0,79.9,54.6,47.4,47.9,999.9,895.0,901.8,10.0,13.0,11.4,4.7,7.6,7.8,19.0,16.3,16.9,99.0,96.1,95.5,70.0,66.4,66.0,0.0,0.0,0.0,999.9,999.9,999.9,0,8.4,9.4
16585596,0723,83.0,80.0,80.2,41.4,47.4,47.8,999.9,895.7,901.8,10.0,13.0,11.4,5.3,7.6,7.7,22.0,16.3,16.9,98.1,96.1,95.6,62.1,66.5,66.0,0.0,0.0,0.0,999.9,999.9,999.9,18,8.3,7.8
16585596,0723,79.9,80.0,80.3,46.5,47.4,47.3,872.9,895.7,906.0,10.0,13.0,11.4,9.9,7.6,7.8,26.0,16.3,17.0,95.0,96.1,95.9,75.9,66.5,66.1,0.33,0.0,0.0,999.9,999.9,999.9,18,8.4,7.8
16585596,0723,85.4,80.0,80.4,57.5,47.4,47.5,873.1,895.7,906.1,10.0,13.0,11.4,6.2,7.6,7.8,11.1,16.4,17.1,104.0,96.0,95.6,70.0,66.5,66.3,0.33,0.0,0.0,999.9,999.9,999.9,0,8.5,8.4
16585596,0723,76.4,80.0,80.9,55.9,47.6,47.7,869.7,895.7,906.2,9.8,13.0,11.0,5.3,7.6,7.7,13.0,16.4,16.7,93.0,96.1,95.8,62.1,66.5,66.5,0.02,0.0,0.1,999.9,999.9,999.9,0,8.5,7.8
16585596,0723,81.8,80.0,80.6,58.4,47.6,48.4,870.5,895.0,906.1,10.0,13.0,10.6,7.8,7.6,7.6,15.9,16.4,16.5,93.9,96.1,95.8,64.9,66.5,66.7,0.0,0.0,0.1,999.9,999.9,999.9,0,8.5,7.2
16585596,0723,80.9,80.0,80.6,55.9,47.7,48.5,999.9,895.0,906.1,10.0,13.0,10.6,6.5,7.6,7.7,26.0,16.5,16.7,93.9,96.1,95.6,62.1,66.4,66.5,0.15,0.0,0.1,999.9,999.9,999.9,0,8.5,6.6
16585596,0723,88.1,80.1,80.5,54.1,47.8,48.7,871.5,895.0,910.3,9.9,13.0,10.6,9.3,7.6,7.7,12.0,16.5,17.1,90.0,96.1,95.7,63.0,66.5,66.6,0.02,0.0,0.1,999.9,999.9,999.9,18,8.4,6.6
16585596,0723,62.0,80.1,80.9,48.9,47.7,48.7,873.0,895.0,910.2,39.8,13.0,10.6,6.9,7.5,7.8,17.1,16.5,17.1,93.0,96.0,95.7,72.0,66.5,66.2,0.0,0.0,0.1,999.9,999.9,999.9,18,8.4,7.2
16585596,0723,77.5,80.1,80.1,44.6,47.8,48.4,999.9,894.3,906.0,10.0,13.1,11.6,6.9,7.6,7.8,26.0,16.5,17.0,95.0,96.1,95.6,73.9,66.5,66.6,0.0,0.0,0.0,999.9,999.9,999.9,0,8.4,7.8
16585596,0723,86.6,80.0,80.1,34.9,47.8,48.3,869.5,895.0,910.3,10.0,13.0,11.6,3.7,7.6,7.7,15.0,16.6,17.1,99.0,96.1,95.8,75.9,66.5,66.9,0.17,0.0,0.0,999.9,999.9,999.9,0,8.4,7.8
16585596,0723,74.2,80.1,80.9,47.2,47.7,48.0,872.7,895.0,910.3,9.9,13.0,11.6,6.9,7.6,7.5,26.0,16.6,17.2,95.0,96.2,95.8,62.1,66.6,67.4,0.11,0.0,0.1,999.9,999.9,999.9,0,8.4,7.8
16585596,0723,82.3,80.0,80.5,58.4,47.7,47.6,999.9,895.0,906.1,10.0,13.0,11.6,6.9,7.6,7.3,22.0,16.6,17.5,79.0,96.2,95.5,54.0,66.5,67.1,0.0,0.0,0.1,999.9,999.9,999.9,0,8.4,7.2
16585596,0723,80.3,80.0,80.6,54.6,47.8,47.9,870.0,895.7,910.3,9.9,13.0,11.6,5.6,7.6,7.3,19.0,16.7,17.3,98.1,96.1,95.5,57.0,66.4,66.7,0.0,0.0,0.1,999.9,999.9,999.9,18,8.3,7.2
16585596,0723,77.1,80.0,80.6,55.9,47.9,48.6,869.5,895.7,910.3,9.7,13.0,11.2,6.2,7.6,7.2,22.0,16.7,17.6,93.9,96.1,95.6,66.2,66.3,66.5,0.0,0.0,0.0,999.9,999.9,999.9,0,8.4,7.8
16585596,0723,87.8,80.0,80.6,37.5,48.0,48.9,872.4,895.7,910.2,14.9,13.0,11.2,6.3,7.6,7.3,15.0,16.7,17.9,93.9,96.1,95.6,62.1,66.2,66.2,0.01,0.0,0.0,999.9,999.9,999.9,18,8.4,7.2
16585596,0723,86.6,80.1,80.8,58.4,47.9,48.7,999.9,895.7,910.2,9.8,12.9,11.3,9.9,7.6,7.1,19.0,16.7,17.8,102.0,96.1,95.3,61.0,66.2,65.9,0.0,0.0,0.0,999.9,999.9,999.9,18,8.5,7.8
16585596,0723,88.1,80.1,80.8,39.9,48.0,49.2,871.5,896.4,910.2,9.9,12.9,11.3,3.7,7.6,7.2,24.3,16.7,18.0,102.9,96.1,95.3,54.0,66.2,65.5,0.0,0.0,0.0,999.9,999.9,999.9,0,8.6,8.4
16585596,0723,80.9,80.1,81.1,50.2,48.0,48.6,999.9,895.7,910.1,10.0,12.8,11.2,10.2,7.5,7.1,18.1,16.8,18.4,102.0,96.2,95.5,73.0,66.1,65.4,0.0,0.0,0.0,999.9,999.9,999.9,0,8.6,7.8
16585596,0723,80.7,80.2,80.8,55.9,47.9,49.2,873.6,896.4,910.1,10.0,12.6,11.2,6.9,7.6,7.1,14.0,16.8,18.4,104.0,96.2,95.6,71.1,66.1,65.5,0.0,0.0,0.0,999.9,999.9,999.9,0,8.5,7.3
16585596,0723,81.1,80.2,81.0,34.9,48.0,49.4,869.0,896.4,910.1,39.8,12.6,11.2,6.3,7.6,7.2,13.0,16.8,18.3,99.0,96.2,95.6,71.1,66.2,66.1,0.0,0.0,0.0,999.9,999.9,999.9,0,8.5,6.7
16585596,0723,77.5,80.2,81.2,49.3,48.0,48.6,873.0,896.4,910.0,10.0,12.8,12.2,10.4,7.6,7.2,15.9,16.8,18.2,93.0,96.2,95.7,71.1,66.2,65.9,0.03,0.0,0.0,999.9,999.9,999.9,0,8.4,6.7
16585596,0723,69.7,80.2,81.1,55.9,48.0,48.7,872.7,896.4,910.0,9.9,12.8,12.1,6.3,7.6,7.3,17.1,16.8,18.0,100.0,96.2,95.6,62.2,66.3,65.7,0.14,0.0,0.0,999.9,999.9,999.9,0,8.4,6.7
16585596,0723,78.4,80.1,80.4,46.5,48.1,48.8,869.6,896.4,909.9,9.8,12.8,12.1,8.2,7.6,7.1,19.0,16.8,18.1,98.1,96.2,95.9,64.9,66.2,65.6,0.0,0.0,0.0,999.9,999.9,999.9,18,8.4,6.7
16585596,0723,78.3,80.1,80.1,41.4,48.1,49.0,999.9,896.4,909.9,9.9,12.8,12.1,3.7,7.6,7.2,12.0,16.8,18.1,95.0,96.2,95.7,73.9,66.2,65.6,0.02,0.0,0.0,999.9,999.9,999.9,0,8.5,7.3
16585596,0723,85.4,80.1,80.2,46.5,48.0,49.0,872.7,897.1,914.2,9.9,12.8,12.1,6.6,7.5,7.0,15.9,16.8,18.0,93.0,96.3,95.7,71.1,66.3,65.7,0.14,0.0,0.0,999.9,999.9,999.9,18,8.5,7.3
16585596,0723,74.2,80.1,80.2,45.2,48.0,49.2,869.6,897.1,909.9,10.0,12.8,12.1,8.2,7.5,7.0,12.0,16.8,18.3,104.0,96.3,95.5,61.0,66.2,66.0,0.0,0.0,0.0,999.9,999.9,999.9,18,8.5,7.3
16585596,0723,77.5,80.1,79.8,50.9,48.0,48.8,870.4,897.1,905.6,10.0,12.8,12.1,9.6,7.5,7.0,15.9,16.7,18.1,104.0,96.3,95.7,62.2,66.2,65.9,0.0,0.0,0.0,999.9,999.9,999.9,0,8.6,7.3
16585596,0723,80.3,80.0,80.3,57.5,48.1,48.9,999.9,897.1,905.4,9.9,12.8,12.1,8.8,7.5,7.0,10.1,16.7,17.9,93.0,96.3,96.1,57.9,66.2,65.8,0.15,0.0,0.0,999.9,999.9,999.9,18,8.6,6.7
16585596,0723,62.0,80.0,80.3,44.1,48.2,49.3,869.5,897.8,909.9,10.0,12.8,12.1,8.8,7.5,7.1,10.1,16.7,17.5,95.0,96.3,96.1,63.0,66.1,65.7,0.0,0.0,0.1,999.9,999.9,999.9,0,8.7,6.7
16585596,0723,82.3,79.8,79.6,47.1,48.2,49.4,999.9,897.8,909.9,10.0,12.8,12.1,6.6,7.5,7.1,19.0,16.7,17.4,79.0,96.2,96.6,71.1,66.1,65.7,0.0,0.0,0.1,999.9,999.9,999.9,18,8.7,6.6
16585596,0723,80.7,79.9,79.5,46.5,48.2,49.2,872.9,898.5,909.9,39.8,12.8,12.1,8.7,7.5,7.1,12.0,16.7,17.4,79.0,96.1,96.0,62.1,66.1,65.7,0.0,0.0,0.1,999.9,999.9,999.9,0,8.8,7.2
16585596,0723,79.3,79.9,79.5,57.6,48.2,49.4,871.0,898.5,905.6,10.0,12.9,13.1,10.1,7.5,7.2,20.0,16.7,17.1,95.0,96.1,95.3,66.0,66.1,65.7,0.0,0.0,0.1,999.9,999.9,999.9,18,8.7,6.6
16585596,0723,76.8,79.9,79.4,40.5,48.2,49.7,870.4,898.5,905.6,9.9,12.9,13.1,8.8,7.5,7.2,10.1,16.7,16.9,95.0,96.1,95.3,62.1,66.1,65.4,0.33,0.0,0.0,999.9,999.9,999.9,0,8.8,6.6
16585596,0723,89.2,80.0,79.2,39.9,48.3,49.2,869.0,898.5,905.5,10.0,12.9,13.1,6.4,7.5,7.3,26.0,16.7,16.9,88.7,96.0,95.0,61.0,66.0,65.1,0.0,0.0,0.0,999.9,999.9,999.9,0,8.8,6.6
16585596,0723,86.8,80.0,79.6,50.2,48.2,48.6,872.4,898.5,905.4,9.9,12.9,13.1,6.2,7.5,7.4,12.0,16.8,17.3,95.0,95.9,94.9,66.0,66.0,65.1,0.0,0.0,0.0,999.9,999.9,999.9,2,8.5,6.6
16585596,0723,74.2,80.0,79.8,49.3,48.2,48.3,875.8,897.8,905.5,10.0,12.9,13.1,6.5,7.5,7.3,15.9,16.7,17.2,100.0,96.0,94.9,71.1,65.9,65.1,0.01,0.0,0.0,999.9,999.9,999.9,0,8.5,6.7
16585596,0723,85.2,79.9,79.5,44.6,48.2,48.1,873.0,897.8,901.4,10.0,12.9,13.1,5.3,7.5,7.3,19.0,16.7,16.9,104.0,95.9,95.1,75.9,65.9,65.4,0.0,0.0,0.0,999.9,999.9,999.9,0,8.5,6.7
16585596,0723,80.3,80.0,79.4,55.9,48.2,47.8,869.0,897.9,901.4,10.0,12.9,13.1,9.9,7.5,7.2,18.1,16.8,17.1,99.0,96.0,95.6,75.9,65.9,65.9,0.0,0.0,0.0,999.9,999.9,999.9,16,8.4,6.1
16585596,0723,79.9,80.0,80.0,57.5,48.2,48.0,870.5,897.1,901.3,10.0,12.9,12.1,11.6,7.5,7.3,19.0,16.8,17.1,99.0,96.0,95.8,75.9,66.0,66.0,0.0,0.0,0.0,999.9,999.9,999.9,48,8.4,6.0
16585596,0723,86.6,80.0,80.1,55.6,48.2,48.5,999.9,897.1,897.0,14.9,13.0,12.1,4.9,7.5,7.4,10.1,16.8,16.9,93.9,96.0,95.9,75.9,66.1,66.1,0.33,0.0,0.0,999.9,999.9,999.9,0,8.4,7.6
16585596,0723,81.8,80.0,80.1,58.4,48.3,49.2,871.5,897.9,901.3,10.0,13.0,12.3,8.7,7.5,7.5,13.0,16.7,16.7,102.0,96.0,95.7,66.0,66.1,66.1,0.15,0.0,0.0,999.9,999.9,999.9,0,8.4,7.6
16585596,0723,81.1,80.1,80.4,49.3,48.3,49.5,869.5,897.8,901.3,9.9,13.0,12.3,6.5,7.5,7.5,15.9,16.7,16.3,87.1,96.0,96.0,57.0,66.0,66.2,0.0,0.0,0.0,999.9,999.9,999.9,16,8.4,7.6
16585596,0723,79.9,80.2,80.3,54.5,48.3,49.2,873.6,897.8,896.9,9.8,13.0,12.3,3.7,7.5,7.5,11.1,16.7,16.1,102.0,95.9,96.3,66.0,66.0,66.3,0.02,0.0,0.0,999.9,999.9,999.9,0,8.5,8.1
16585596,0723,82.3,80.2,80.3,40.5,48.3,49.2,871.4,897.8,897.1,30.7,13.0,12.3,6.9,7.5,7.5,14.0,16.7,15.8,102.9,95.9,96.4,57.9,66.0,66.6,0.11,0.0,0.0,999.9,999.9,999.9,0,8.4,7.5
16585596,0723,85.2,80.2,80.5,44.6,48.3,48.7,873.6,897.8,897.1,10.0,13.1,13.0,6.5,7.5,7.5,11.1,16.7,15.6,95.0,96.0,96.7,71.1,66.0,66.3,0.0,0.0,0.0,999.9,999.9,999.9,18,8.3,7.5
16585596,0723,88.8,80.2,80.4,45.2,48.3,49.0,869.0,897.1,897.2,10.0,13.1,12.8,6.2,7.5,7.5,15.9,16.6,15.4,88.7,96.0,96.7,63.0,65.9,66.6,0.0,0.0,0.0,999.9,999.9,999.9,0,8.3,7.5
16585596,0723,81.1,80.3,80.5,58.4,48.3,48.5,999.9,896.4,892.8,9.7,13.0,12.8,9.5,7.5,7.4,10.1,16.7,15.3,102.0,95.9,96.3,66.2,65.9,66.7,0.0,0.0,0.0,999.9,999.9,999.9,0,8.3,6.9
16585596,0723,82.8,80.3,80.2,46.5,48.4,49.1,872.4,897.1,897.1,30.7,13.0,12.8,5.3,7.5,7.6,20.0,16.6,14.8,79.0,96.0,96.2,71.1,65.9,67.1,0.0,0.0,0.0,999.9,999.9,999.9,0,8.3,6.9
16585596,0723,80.9,80.3,80.3,36.2,48.3,49.0,870.4,897.1,892.8,10.0,13.2,13.5,6.9,7.4,7.4,18.1,16.7,14.9,102.0,95.9,95.5,62.1,65.9,67.0,0.0,0.0,0.0,999.9,999.9,999.9,18,8.2,6.9
16585596,0723,89.6,80.3,80.3,48.9,48.2,48.4,869.5,897.1,892.7,10.0,13.2,13.5,5.3,7.4,7.4,11.1,16.7,15.0,95.0,95.9,95.4,71.1,65.9,66.7,0.0,0.0,0.0,999.9,999.9,999.9,0,8.2,7.5
16585596,0723,86.8,80.3,80.6,45.0,48.3,48.8,873.6,897.1,892.7,9.9,13.2,12.5,11.6,7.5,7.4,24.3,16.7,15.0,95.0,95.9,95.3,73.9,65.9,66.7,0.0,0.0,0.0,999.9,999.9,999.9,18,8.1,7.5
16585596,0723,74.2,80.3,80.9,55.9,48.3,48.7,873.6,897.1,892.8,41.0,13.0,12.5,3.7,7.5,7.4,19.0,16.7,15.3,93.0,95.9,95.3,57.0,66.0,66.8,0.01,0.0,0.0,999.9,999.9,999.9,0,8.2,8.1
16585596,0723,76.8,80.4,81.1,49.2,48.3,48.7,999.9,897.1,892.8,22.2,13.2,13.5,6.2,7.5,7.3,13.0,16.7,15.3,87.1,95.8,95.1,62.2,65.9,66.6,0.0,0.0,0.0,999.9,999.9,999.9,0,8.2,8.1
16585596,0723,77.5,80.4,81.0,48.9,48.3,48.8,869.5,897.8,897.1,14.9,13.2,13.9,5.6,7.5,7.3,19.0,16.6,15.1,99.0,95.9,94.7,61.0,65.9,66.6,0.0,0.0,0.0,999.9,999.9,999.9,0,8.2,7.5
16585596,0723,85.4,80.3,81.0,41.2,48.3,49.0,872.7,897.8,892.8,9.9,13.3,14.1,8.2,7.5,7.3,12.0,16.6,15.4,99.0,95.9,94.9,73.0,65.8,66.1,0.15,0.0,0.0,999.9,999.9,999.9,0,8.1,7.5
16585596,0723,88.8,80.3,81.0,44.1,48.3,48.8,872.7,897.9,892.8,10.0,13.3,14.1,6.5,7.5,7.4,13.0,16.6,15.2,98.1,96.0,95.1,71.1,65.9,66.2,0.0,0.0,0.0,999.9,999.9,999.9,0,8.0,6.9
16585596,0723,78.4,80.4,81.5,41.6,48.3,48.8,869.0,897.9,892.9,10.0,13.3,14.1,6.4,7.5,7.3,15.0,16.5,15.3,95.0,96.0,94.9,66.0,65.9,66.5,0.0,0.0,0.0,999.9,999.9,999.9,0,8.0,6.3
16585596,0723,80.3,80.4,81.5,58.4,48.2,48.5,871.0,897.9,892.8,10.0,13.3,14.1,8.8,7.4,7.2,34.0,16.5,15.2,104.0,95.9,94.6,64.9,65.9,66.7,0.17,0.0,0.0,999.9,999.9,999.9,16,8.0,6.3
16585596,0723,88.8,80.4,81.5,36.2,48.3,48.5,872.4,897.9,888.5,9.9,13.3,14.1,7.8,7.5,7.2,18.1,16.6,16.0,99.0,96.1,95.0,62.2,65.8,66.9,0.0,0.0,0.0,999.9,999.9,999.9,18,8.0,6.3
16585596,0723,82.7,80.5,82.4,54.6,48.2,48.3,873.5,897.9,888.6,13.5,13.2,14.1,9.9,7.5,7.2,10.1,16.6,16.3,93.0,96.1,95.1,71.1,65.8,66.9,0.0,0.0,0.0,999.9,999.9,999.9,18,8.0,6.9
16585596,0723,86.6,80.5,82.4,45.0,48.3,48.5,873.0,897.9,884.4,22.2,13.3,14.2,4.9,7.5,7.3,15.9,16.5,16.0,87.1,96.0,95.5,75.9,65.9,66.9,0.0,0.0,0.0,999.9,999.9,999.9,0,8.0,6.9
16585596,0723,81.1,80.5,82.6,54.5,48.3,48.5,999.9,897.9,884.4,9.9,13.3,13.6,6.2,7.5,7.2,13.0,16.5,16.1,93.9,96.0,95.8,66.0,66.0,67.3,0.33,0.0,0.0,999.9,999.9,999.9,0,7.9,6.9
16585596,0723,85.4,80.5,82.7,54.6,48.3,48.4,869.5,897.9,888.7,10.0,13.2,13.6,8.8,7.5,7.0,15.9,16.5,15.9,93.0,96.0,95.8,62.1,66.0,67.3,0.0,0.0,0.1,999.9,999.9,999.9,0,7.9,6.3
16585596,0723,83.0,80.5,83.0,41.6,48.3,48.8,873.6,897.2,888.7,9.9,13.2,13.6,6.3,7.5,7.0,18.1,16.5,16.1,91.9,96.0,95.7,71.1,65.9,67.3,0.0,0.0,0.0,999.9,999.9,999.9,2,7.8,6.3
16585596,0723,86.6,80.5,82.7,54.6,48.2,48.9,873.6,896.5,888.8,9.7,13.2,13.6,6.2,7.5,7.0,24.3,16.5,15.8,99.0,96.0,95.8,75.9,66.0,67.7,0.0,0.0,0.0,999.9,999.9,999.9,0,7.8,6.3
16585596,0723,82.8,80.5,82.7,44.6,48.3,49.0,872.9,895.8,888.9,10.0,13.1,13.6,7.8,7.5,7.0,22.0,16.6,16.2,87.1,95.9,96.0,64.9,66.0,68.0,0.0,0.0,0.0,999.9,999.9,999.9,0,7.8,6.3
16585596,0723,89.2,80.5,83.0,45.0,48.3,48.9,999.9,895.8,888.8,10.0,13.1,13.6,6.9,7.5,7.1,11.1,16.7,16.4,99.0,95.9,95.5,62.1,66.1,67.8,0.0,0.0,0.0,999.9,999.9,999.9,18,7.8,6.3
16585596,0723,77.5,80.5,83.2,34.9,48.3,48.9,999.9,896.5,893.0,20.3,13.0,13.6,6.6,7.5,7.1,15.0,16.6,16.2,93.9,96.0,95.4,61.0,66.1,67.3,0.0,0.0,0.0,999.9,999.9,999.9,48,7.9,6.9
16585596,0723,62.0,80.5,83.1,54.6,48.2,48.2,999.9,897.2,897.4,22.2,13.1,14.0,6.4,7.4,7.0,15.0,16.6,16.1,99.0,95.9,95.2,57.0,66.0,66.8,0.0,0.0,0.0,999.9,999.9,999.9,0,8.1,7.9
16585596,0723,81.1,80.4,82.5,49.2,48.2,48.1,869.6,897.9,901.7,9.8,13.0,14.4,4.9,7.4,6.8,11.1,16.5,15.9,89.1,95.9,95.2,68.0,65.9,66.2,0.0,0.0,0.0,999.9,999.9,999.9,0,8.0,6.3
16585596,0723,88.1,80.4,82.3,41.4,48.2,47.9,999.9,897.9,897.4,39.8,12.8,14.2,10.1,7.4,6.8,15.9,16.5,16.0,104.0,95.9,95.0,66.2,66.0,65.9,0.01,0.0,0.0,999.9,999.9,999.9,0,8.0,6.3
16585596,0723,81.1,80.4,82.5,44.1,48.1,47.3,871.0,898.6,901.6,10.0,12.9,15.2,5.3,7.4,6.9,17.1,16.5,16.1,102.9,95.9,95.1,70.0,66.0,65.9,0.0,0.0,0.0,999.9,999.9,999.9,0,8.0,6.3
16585596,0723,79.3,80.4,82.5,52.0,48.1,47.1,872.4,898.6,901.7,9.7,12.8,15.2,3.7,7.4,6.8,13.0,16.5,16.1,79.0,96.1,95.6,72.0,66.1,66.4,0.0,0.0,0.0,999.9,999.9,999.9,18,7.9,5.8
16585596,0723,82.8,80.5,82.5,40.5,48.2,47.0,869.7,897.9,901.6,10.0,12.7,15.2,8.8,7.4,6.8,14.0,16.5,16.2,104.0,96.0,94.9,62.1,66.1,66.6,0.0,0.0,0.0,999.9,999.9,999.9,18,8.0,6.4
16585596,0723,82.3,80.5,82.5,36.2,48.2,47.1,873.0,897.9,901.6,10.0,12.7,14.5,8.7,7.4,6.9,13.0,16.5,16.2,102.9,96.1,94.9,62.1,66.0,66.7,0.0,0.0,0.0,999.9,999.9,999.9,0,8.1,7.0
16585596,0723,79.9,80.5,82.4,36.2,48.1,46.8,872.4,897.9,901.6,9.8,12.7,14.5,10.1,7.4,7.0,22.0,16.5,16.2,93.0,96.1,95.2,57.0,65.9,66.4,0.02,0.0,0.0,999.9,999.9,999.9,0,8.1,6.4
16585596,0723,89.6,80.5,82.1,45.2,48.1,46.5,999.9,897.2,901.7,9.9,12.7,14.5,9.6,7.4,7.1,13.0,16.5,16.4,90.0,96.1,95.3,57.0,65.9,66.2,0.0,0.0,0.0,999.9,999.9,999.9,0,8.0,6.4
16585596,0723,78.4,80.6,82.4,54.1,48.1,46.0,869.5,897.9,901.7,10.0,12.7,14.5,9.8,7.4,7.1,14.0,16.5,16.5,88.7,96.2,94.9,73.9,65.9,65.9,0.0,0.0,0.0,999.9,999.9,999.9,18,8.0,6.4
16585596,0723,82.7,80.6,82.2,40.5,48.1,46.3,869.0,897.2,901.6,10.0,12.7,13.8,8.1,7.5,7.3,8.9,16.5,16.3,104.0,96.2,95.2,62.1,65.9,66.0,0.0,0.0,0.0,999.9,999.9,999.9,0,8.1,7.0
16585596,0723,89.6,80.6,82.3,34.9,48.0,46.4,872.7,897.2,901.5,9.9,12.7,13.8,5.3,7.4,7.3,19.0,16.3,16.0,100.0,96.2,95.3,73.0,65.9,66.0,0.0,0.0,0.0,999.9,999.9,999.9,18,7.8,6.4
16585596,0723,77.5,80.7,82.3,39.9,48.0,46.0,870.0,897.2,901.6,20.3,12.7,13.8,7.8,7.5,7.3,19.0,16.4,16.3,98.1,96.2,95.5,66.0,65.9,66.1,0.0,0.0,0.0,999.9,999.9,999.9,0,7.8,7.0
16585596,0723,85.4,80.7,82.0,45.2,48.0,45.8,873.0,897.2,901.5,10.0,12.8,14.2,5.3,7.4,7.2,12.0,16.4,16.1,95.0,96.2,95.6,72.0,66.0,65.8,0.14,0.0,0.0,999.9,999.9,999.9,16,7.7,6.4
16585596,0723,79.3,80.7,82.4,40.5,47.9,45.4,872.4,897.2,901.5,13.5,12.8,13.1,7.8,7.4,7.2,15.9,16.3,15.9,104.0,96.1,95.6,66.0,66.0,66.3,0.0,0.0,0.0,999.9,999.9,999.9,18,7.8,6.9
16585596,0723,87.8,80.7,82.4,57.6,47.9,45.1,870.4,897.2,897.3,9.8,12.7,12.8,4.7,7.4,7.3,18.1,16.3,16.0,102.0,96.2,96.2,61.0,66.0,66.4,0.0,0.0,0.0,999.9,999.9,999.9,18,7.9,7.5
16585596,0723,85.2,80.7,82.8,57.2,47.9,45.4,872.7,897.2,897.3,9.8,12.7,12.7,10.2,7.4,7.3,17.1,16.2,15.9,93.9,96.2,96.3,66.9,66.0,66.4,0.0,0.0,0.0,999.9,999.9,999.9,0,8.0,8.1
16585596,0723,82.7,80.7,82.8,57.5,48.0,46.0,873.0,897.2,897.3,9.9,12.7,12.7,5.3,7.5,7.3,11.1,16.2,16.1,93.0,96.2,96.1,71.1,66.0,66.2,0.0,0.0,0.0,999.9,999.9,999.9,18,8.0,8.1
16585596,0723,76.8,80.8,82.6,55.9,48.0,46.4,873.0,896.5,897.3,10.0,12.7,12.7,6.5,7.5,7.3,13.0,16.1,16.1,95.0,96.2,96.0,71.1,66.0,66.2,0.03,0.0,0.0,999.9,999.9,999.9,16,8.1,8.7
16585596,0723,74.2,80.9,82.5,47.1,48.0,46.9,870.4,896.5,897.4,9.9,12.7,12.7,8.8,7.5,7.3,19.0,16.0,16.0,91.9,96.2,96.0,72.0,66.0,66.4,0.0,0.0,0.0,999.9,999.9,999.9,18,8.1,9.3
16585596,0723,80.7,80.8,82.3,34.9,48.0,46.5,873.0,895.8,897.4,9.9,12.7,12.7,8.7,7.5,7.3,8.9,16.1,15.5,98.1,96.1,95.5,61.0,66.0,66.6,0.0,0.0,0.0,999.9,999.9,999.9,2,8.2,9.3
16585596,0723,74.2,80.8,82.0,54.1,47.9,46.5,869.0,895.8,897.4,9.9,12.7,12.7,4.7,7.5,7.3,12.0,16.0,15.2,102.9,96.1,95.5,71.1,66.0,66.6,0.01,0.0,0.0,999.9,999.9,999.9,0,8.1,8.8
16585596,0723,88.8,80.8,81.8,40.5,48.0,46.5,870.4,895.8,897.3,10.0,12.7,12.5,4.7,7.4,7.1,11.1,16.0,15.2,102.0,96.1,95.8,73.9,66.1,66.6,0.0,0.0,0.0,999.9,999.9,999.9,0,8.1,8.2
16585596,0723,74.2,80.9,81.8,40.5,47.9,46.3,869.5,895.8,897.2,10.0,12.7,12.1,8.7,7.4,7.1,18.1,16.0,15.1,102.0,96.2,96.3,62.2,66.1,66.5,0.15,0.0,0.0,999.9,999.9,999.9,18,7.8,8.2
16585596,0723,62.0,80.8,81.6,54.1,47.8,45.8,871.5,895.8,892.8,20.3,12.7,12.1,9.3,7.4,7.2,15.9,16.0,15.3,102.9,96.2,96.6,71.1,66.1,66.4,0.0,0.0,0.0,999.9,999.9,999.9,48,7.9,8.8
16585596,0723,77.5,80.8,80.8,40.5,47.9,45.8,869.5,895.8,892.9,10.0,12.7,12.5,10.2,7.4,7.2,19.0,16.1,15.3,90.0,96.3,96.9,62.1,66.1,66.7,0.0,0.0,0.0,999.9,999.9,999.9,18,8.2,10.4
16585596,0723,81.1,80.8,80.6,46.5,47.9,45.8,871.4,895.8,892.8,10.0,12.7,12.5,9.8,7.4,7.4,11.1,16.1,15.3,93.9,96.3,96.9,66.0,66.0,66.4,0.17,0.0,0.0,999.9,999.9,999.9,18,8.2,10.9
16585596,0723,88.8,80.8,80.5,39.9,47.9,45.5,872.4,895.8,892.7,10.0,12.7,12.5,6.9,7.4,7.5,24.1,16.1,14.8,93.9,96.2,96.7,66.0,66.1,66.1,0.0,0.0,0.0,999.9,999.9,999.9,18,8.3,11.5
16585596,0723,81.1,80.8,80.7,40.5,47.9,45.4,999.9,895.8,892.7,10.0,12.7,12.5,8.8,7.4,7.5,31.1,16.1,14.9,88.7,96.2,96.9,66.0,66.1,66.1,0.0,0.0,0.0,999.9,999.9,999.9,18,8.3,12.1
16585596,0723,76.8,80.8,80.4,52.0,47.8,45.2,869.7,896.5,892.7,10.0,12.7,12.5,5.3,7.4,7.5,14.0,16.2,15.6,102.0,96.2,96.6,73.0,66.2,66.2,0.0,0.0,0.0,999.9,999.9,999.9,0,8.4,12.1
16585596,0723,62.0,80.8,80.4,47.2,47.7,45.8,999.9,896.5,888.3,10.0,12.6,12.1,6.4,7.4,7.5,34.0,16.1,15.6,93.0,96.2,96.9,59.0,66.2,66.6,0.0,0.0,0.0,999.9,999.9,999.9,0,8.3,10.5
16585596,0723,89.2,80.7,80.4,54.1,47.7,45.5,873.1,897.2,888.3,9.9,12.5,11.7,10.6,7.4,7.5,18.1,16.2,16.2,93.9,96.1,96.7,54.0,66.2,66.7,0.11,0.0,0.0,999.9,999.9,999.9,18,8.3,10.5
16585596,0723,81.1,80.7,80.6,44.1,47.8,45.7,873.6,897.2,888.5,41.0,12.5,11.7,6.6,7.4,7.7,10.1,16.2,16.4,99.0,96.1,96.8,71.1,66.1,66.2,0.0,0.0,0.0,999.9,999.9,999.9,18,8.3,11.1
16585596,0723,69.7,80.7,80.4,50.2,47.8,45.8,999.9,897.3,884.2,9.9,12.7,11.8,5.6,7.4,7.5,31.1,16.2,16.2,87.1,96.1,96.7,71.1,66.2,66.4,0.0,0.0,0.0,999.9,999.9,999.9,18,8.3,11.7
16585596,0723,86.8,80.6,80.0,49.3,47.8,46.0,873.5,898.0,888.5,14.9,12.6,11.8,6.2,7.4,7.6,20.0,16.2,16.7,102.0,96.0,96.1,61.0,66.3,66.4,0.11,0.0,0.0,999.9,999.9,999.9,18,8.4,12.3
16585596,0723,88.8,80.6,80.3,45.0,47.8,45.9,999.9,898.0,888.6,9.9,12.5,12.0,6.2,7.4,7.6,13.0,16.3,16.9,95.0,96.0,96.9,70.0,66.2,66.1,0.17,0.0,0.0,999.9,999.9,999.9,0,8.4,12.3
16585596,0723,81.1,80.6,80.5,41.4,47.8,46.0,869.6,898.7,892.9,14.9,12.5,11.9,6.9,7.3,7.6,19.0,16.3,16.9,95.0,96.0,96.6,73.0,66.2,66.3,0.0,0.0,0.0,999.9,999.9,999.9,0,8.3,11.7
16585596,0723,76.7,80.5,80.4,48.9,47.7,46.2,866.4,898.0,892.8,9.8,12.6,12.1,10.4,7.3,7.5,22.0,16.3,17.1,102.0,96.0,96.3,62.1,66.2,66.7,0.0,0.0,0.0,999.9,999.9,999.9,0,8.2,11.7
16585596,0723,82.3,80.5,80.3,41.4,47.7,46.6,871.4,897.9,892.6,41.0,12.6,12.1,11.6,7.3,7.5,26.0,16.3,17.1,102.9,96.1,96.6,64.9,66.2,66.9,0.0,0.0,0.0,999.9,999.9,999.9,18,8.2,11.7
16585596,0723,76.7,80.5,80.1,36.2,47.6,46.5,871.0,897.9,888.3,9.9,12.7,13.1,6.9,7.4,7.6,18.1,16.3,17.5,93.0,96.1,97.1,70.0,66.1,67.1,0.02,0.0,0.0,999.9,999.9,999.9,0,8.3,12.3
16585596,0723,82.3,80.5,80.0,47.2,47.5,45.9,869.0,897.9,888.4,9.9,12.7,13.1,5.3,7.4,7.5,20.0,16.4,17.7,88.7,96.0,97.2,71.1,66.2,67.0,0.02,0.0,0.0,999.9,999.9,999.9,0,8.3,11.7
16585596,0723,76.8,80.5,80.0,41.2,47.5,46.1,872.7,897.9,888.4,9.7,12.7,13.1,9.5,7.4,7.4,24.3,16.4,18.0,98.1,96.0,96.7,64.9,66.2,67.3,0.0,0.0,0.0,999.9,999.9,999.9,0,8.2,11.7
16585596,0723,81.1,80.4,79.6,44.1,47.5,46.4,873.6,897.9,888.4,10.0,12.7,13.1,7.8,7.4,7.5,12.0,16.4,18.2,93.9,96.0,96.6,57.0,66.2,67.0,0.11,0.0,0.0,999.9,999.9,999.9,18,8.2,11.1
16585596,0723,89.2,80.4,79.7,54.5,47.4,46.5,873.0,897.9,888.5,39.8,12.7,12.8,5.3,7.4,7.5,24.3,16.4,18.0,99.0,96.0,96.5,62.1,66.1,66.7,0.33,0.0,0.0,999.9,999.9,999.9,0,8.0,11.7
16585596,0723,76.4,80.4,79.8,41.2,47.4,46.8,872.9,897.2,888.5,10.0,12.8,13.8,6.2,7.4,7.5,13.0,16.5,18.4,93.9,96.0,96.6,73.9,66.1,66.4,0.11,0.0,0.0,999.9,999.9,999.9,2,8.0,11.2
16585596,0723,82.8,80.4,79.7,33.1,47.4,46.8,999.9,897.2,888.5,10.0,12.8,13.7,6.2,7.4,7.5,11.1,16.5,18.3,95.0,96.0,96.3,54.0,66.1,66.7,0.03,0.0,0.0,999.9,999.9,999.9,0,8.1,10.7
16585596,0723,85.2,80.4,79.6,34.9,47.4,46.0,869.6,898.0,892.8,14.9,12.8,13.7,8.8,7.4,7.5,17.1,16.5,18.1,91.9,96.0,96.1,71.1,66.0,66.4,0.03,0.0,0.0,999.9,999.9,999.9,0,8.1,10.1
16585596,0723,82.3,80.5,79.6,47.2,47.3,45.3,871.4,897.9,892.7,14.9,12.8,13.8,9.8,7.4,7.5,17.1,16.5,18.1,88.7,95.9,96.0,75.9,66.1,66.6,0.0,0.0,0.0,999.9,999.9,999.9,18,8.1,10.1
16585596,0723,78.3,80.4,79.6,54.6,47.3,44.9,873.5,897.9,892.7,22.2,12.9,14.0,9.9,7.4,7.6,19.0,16.5,18.3,102.9,95.9,95.8,66.2,66.2,66.7,0.0,0.0,0.0,999.9,999.9,999.9,0,8.2,10.1
16585596,0723,78.4,80.4,79.6,49.3,47.3,44.9,873.1,898.0,892.7,20.3,12.9,14.4,3.7,7.4,7.7,13.0,16.6,18.5,98.1,96.0,96.1,54.0,66.2,66.6,0.0,0.0,0.0,999.9,999.9,999.9,16,8.2,9.5
16585596,0723,76.8,80.5,79.7,45.0,47.4,45.0,999.9,898.0,892.8,10.0,13.0,14.8,3.7,7.4,7.6,11.1,16.6,18.3,87.1,96.1,96.3,71.1,66.2,66.0,0.0,0.0,0.0,999.9,999.9,999.9,48,8.1,9.5
16585596,0723,76.7,80.5,79.6,40.5,47.4,45.3,999.9,898.7,897.0,39.8,12.9,14.8,8.8,7.4,7.4,13.0,16.6,18.3,102.9,96.0,96.0,62.1,66.2,66.3,0.02,0.0,0.0,999.9,999.9,999.9,18,8.3,11.0
16585596,0723,79.9,80.5,79.7,33.1,47.3,44.8,875.8,898.7,901.4,10.0,13.1,15.8,8.8,7.4,7.5,31.1,16.5,18.4,104.0,96.0,96.0,71.1,66.2,66.0,0.0,0.0,0.0,999.9,999.9,999.9,18,8.4,11.6
16585596,0723,77.1,80.4,79.4,49.2,47.2,44.6,871.4,898.7,901.5,10.0,13.1,15.8,9.3,7.4,7.7,26.0,16.6,19.0,102.9,96.0,96.0,70.0,66.3,65.9,0.17,0.0,0.0,999.9,999.9,999.9,16,8.5,12.2
16585596,0723,76.7,80.4,79.5,44.1,47.2,44.9,871.0,898.7,901.6,9.9,13.1,15.8,10.4,7.4,7.7,18.1,16.6,19.3,100.0,96.1,96.0,54.0,66.3,66.2,0.0,0.0,0.0,999.9,999.9,999.9,0,8.6,12.1
16585596,0723,81.8,80.4,80.0,54.6,47.1,44.5,872.4,898.7,901.6,10.0,13.1,15.4,9.9,7.4,7.7,26.0,16.7,19.4,87.1,96.2,96.0,70.0,66.2,65.6,0.0,0.0,0.0,999.9,999.9,999.9,18,8.6,10.5
16585596,0723,78.4,80.4,80.1,37.5,47.2,45.0,999.9,898.7,901.7,9.9,13.1,15.4,9.5,7.4,7.7,14.0,16.7,19.6,98.1,96.1,95.9,72.0,66.3,65.9,0.02,0.0,0.0,999.9,999.9,999.9,0,8.7,10.5
16585596,0723,85.4,80.4,80.0,37.5,47.2,44.7,870.4,898.7,906.0,22.3,13.1,15.4,6.2,7.4,7.7,22.0,16.7,19.7,95.0,96.1,96.0,71.1,66.3,66.1,0.11,0.0,0.0,999.9,999.9,999.9,18,8.6,9.9
16585596,0723,81.1,80.5,79.9,50.2,47.1,44.6,873.5,898.7,905.9,10.0,13.2,15.8,9.6,7.4,7.7,20.0,16.7,19.6,104.0,96.1,96.0,57.9,66.3,66.2,0.02,0.0,0.0,999.9,999.9,999.9,18,8.7,9.9
16585596,0723,82.3,80.5,79.9,39.9,47.1,45.0,870.4,898.7,901.7,20.3,13.2,15.8,6.3,7.4,7.7,14.0,16.7,19.3,95.0,96.1,96.5,66.9,66.3,66.0,0.0,0.0,0.0,999.9,999.9,999.9,18,8.7,9.9
16585596,0723,85.4,80.6,80.1,36.2,47.1,44.6,866.4,898.7,901.7,10.0,13.2,16.2,10.4,7.4,7.7,8.9,16.7,19.3,88.7,96.1,96.3,66.0,66.3,65.8,0.11,0.0,0.0,999.9,999.9,999.9,18,8.8,10.5
16585596,0723,78.3,80.6,80.9,44.1,47.0,44.2,872.7,898.7,897.3,9.9,13.2,16.2,9.9,7.4,7.9,8.9,16.7,18.4,99.0,96.0,96.2,61.0,66.2,66.0,0.17,0.0,0.0,999.9,999.9,999.9,2,8.9,11.1
16585596,0723,78.4,80.6,80.5,50.2,47.1,43.9,872.4,898.7,897.3,9.9,13.2,16.2,5.3,7.4,7.9,14.0,16.7,18.1,102.0,96.0,96.3,62.1,66.2,66.2,0.0,0.0,0.1,999.9,999.9,999.9,0,8.9,10.6
16585596,0723,82.3,80.6,80.4,40.5,47.0,44.1,869.7,898.7,897.2,10.0,13.2,15.1,9.6,7.4,7.8,24.3,16.7,18.2,95.0,96.0,96.4,66.2,66.2,65.9,0.0,0.0,0.1,999.9,999.9,999.9,16,8.8,10.0
16585596,0723,78.4,80.7,80.9,39.9,47.0,43.7,873.0,898.7,892.9,10.0,13.2,15.1,8.2,7.5,7.9,15.9,16.7,18.0,102.9,96.0,96.7,66.0,66.1,65.8,0.11,0.0,0.1,999.9,999.9,999.9,18,8.8,9.9
16585596,0723,79.9,80.6,80.6,50.2,47.0,43.4,872.7,898.7,892.9,9.9,13.2,15.0,10.1,7.5,8.0,10.1,16.7,17.9,90.0,96.0,96.7,75.0,66.1,65.9,0.0,0.0,0.1,999.9,999.9,999.9,18,8.9,9.9
16585596,0723,81.8,80.7,80.3,47.1,47.0,43.6,999.9,898.7,888.6,30.7,13.2,15.0,10.4,7.5,8.1,11.1,16.7,17.8,93.9,96.0,96.6,61.0,66.2,66.1,0.17,0.0,0.0,999.9,999.9,999.9,18,9.0,10.5
16585596,0723,77.1,80.7,80.3,49.2,47.0,43.8,873.1,899.4,893.0,10.0,13.3,15.5,4.7,7.5,8.3,15.9,16.7,17.5,90.0,96.0,96.5,61.0,66.2,65.7,0.0,0.0,0.1,999.9,999.9,999.9,0,9.0,11.1
16585596,0723,82.3,80.6,80.3,50.2,47.1,43.8,871.0,899.4,893.2,30.7,13.3,15.5,6.2,7.5,8.1,15.9,16.7,17.3,89.1,96.0,96.1,66.0,66.2,65.7,0.0,0.0,0.1,999.9,999.9,999.9,18,8.9,11.1
16585596,0723,80.7,80.6,80.3,41.2,47.0,44.1,875.8,899.4,893.2,9.9,13.4,15.2,5.1,7.5,7.9,22.0,16.7,17.0,93.9,95.9,95.7,62.2,66.2,65.7,0.0,0.0,0.1,999.9,999.9,999.9,0,8.9,11.1
16585596,0723,81.1,80.6,80.5,57.6,47.0,44.3,872.4,899.4,893.3,10.0,13.3,15.2,6.9,7.5,7.8,12.0,16.7,17.1,102.9,95.9,95.7,71.1,66.1,65.4,0.0,0.0,0.1,999.9,999.9,999.9,18,8.8,11.1
16585596,0723,85.2,80.5,80.4,50.2,47.2,44.6,873.1,899.4,893.4,10.0,13.3,15.2,5.1,7.5,7.9,19.0,16.7,16.8,102.9,95.9,96.2,64.9,66.2,65.4,0.17,0.0,0.1,999.9,999.9,999.9,0,8.8,11.7
16585596,0723,81.1,80.6,80.7,44.1,47.1,44.9,871.0,899.5,893.5,9.9,13.3,15.2,5.3,7.5,7.7,12.0,16.8,16.7,87.1,95.9,96.3,70.0,66.2,65.4,0.03,0.0,0.1,999.9,999.9,999.9,0,8.7,11.7
16585596,0723,83.0,80.6,80.7,45.2,47.1,44.9,870.0,899.4,893.4,10.0,13.2,15.2,5.1,7.4,7.7,18.1,16.8,16.7,93.0,95.9,96.1,71.1,66.2,65.9,0.02,0.0,0.1,999.9,999.9,999.9,0,8.7,11.1
16585596,0723,85.4,80.7,80.5,41.6,47.1,44.6,869.5,898.7,893.3,9.9,13.2,14.2,6.5,7.4,7.6,13.0,16.8,16.5,93.0,95.8,95.9,72.0,66.2,66.2,0.0,0.0,0.0,999.9,999.9,999.9,0,8.7,11.1
16585596,0723,78.3,80.7,80.8,45.0,47.0,44.6,869.7,898.0,893.2,22.2,13.2,14.2,5.6,7.4,7.7,18.1,16.8,16.5,104.0,95.9,95.9,66.9,66.3,66.1,0.02,0.0,0.0,999.9,999.9,999.9,18,8.6,11.1
16585596,0723,80.7,80.7,80.6,41.2,47.0,45.0,872.4,897.3,888.8,10.0,13.1,14.6,5.6,7.4,7.6,20.0,16.8,16.7,95.0,95.9,96.2,59.0,66.3,66.5,0.0,0.0,0.0,999.9,999.9,999.9,0,8.7,11.7
16585596,0723,85.2,80.8,80.5,41.4,47.0,45.2,869.7,897.3,888.9,9.9,13.1,14.4,6.2,7.4,7.5,8.9,16.8,16.8,104.0,95.9,96.3,62.1,66.2,66.1,0.14,0.0,0.0,999.9,999.9,999.9,0,8.6,11.7
16585596,0723,88.8,80.7,80.6,55.9,47.0,45.0,873.1,897.2,888.9,9.9,13.1,14.3,7.8,7.4,7.4,11.1,16.7,16.5,99.0,95.9,96.8,68.0,66.3,65.7,0.11,0.0,0.0,999.9,999.9,999.9,18,8.6,11.1
16585596,0723,88.8,80.8,80.9,55.6,47.0,45.1,870.4,897.3,888.8,30.7,13.1,13.8,9.9,7.4,7.3,31.1,16.8,16.3,87.1,95.9,96.7,66.2,66.3,65.7,0.0,0.0,0.0,999.9,999.9,999.9,18,8.7,11.7
16585596,0723,78.3,80.8,81.3,41.4,47.1,45.3,872.4,896.5,888.8,10.0,13.2,14.2,8.2,7.4,7.5,26.0,16.8,16.9,99.0,95.9,96.3,64.9,66.3,66.1,0.17,0.0,0.0,999.9,999.9,999.9,18,8.8,11.7
16585596,0723,80.7,80.8,81.3,50.9,47.1,45.2,869.7,896.5,884.5,10.0,13.2,14.2,10.4,7.4,7.7,18.1,16.9,17.4,89.1,95.9,96.7,59.0,66.2,65.9,0.0,0.0,0.1,999.9,999.9,999.9,18,8.9,10.7
16585596,0723,78.3,80.8,81.5,58.4,47.1,45.5,869.5,895.8,880.2,10.0,13.2,13.2,3.7,7.4,7.7,19.0,16.9,17.5,93.9,95.9,96.2,70.0,66.2,65.8,0.01,0.0,0.1,999.9,999.9,999.9,18,8.7,10.7
16585596,0723,69.7,80.8,81.4,55.9,47.1,46.3,869.6,895.8,880.0,10.0,13.2,13.2,9.8,7.4,7.6,18.1,16.9,17.1,93.0,95.9,95.9,66.0,66.2,65.8,0.0,0.0,0.1,999.9,999.9,999.9,0,8.7,10.7
16585596,0723,81.8,80.8,81.2,57.6,47.1,46.6,873.0,895.8,879.9,10.0,13.2,13.2,3.7,7.4,7.6,14.0,16.9,16.9,93.9,95.8,95.6,71.1,66.2,65.7,0.0,0.0,0.0,999.9,999.9,999.9,0,8.7,10.2
16585596,0723,85.2,80.9,81.3,48.9,47.2,47.0,872.4,895.8,880.0,13.5,13.1,13.2,7.8,7.4,7.4,13.0,16.8,16.7,93.0,95.8,95.4,66.9,66.3,66.2,0.0,0.0,0.0,999.9,999.9,999.9,0,8.6,10.2
16585596,0723,81.8,80.9,81.4,57.6,47.3,46.8,870.4,895.8,880.0,20.3,13.1,13.3,4.7,7.4,7.3,24.3,16.8,16.3,102.0,95.8,95.5,71.1,66.3,66.1,0.0,0.0,0.0,999.9,999.9,999.9,0,8.5,9.6
16585596,0723,89.2,80.9,81.6,40.5,47.3,47.5,870.4,895.8,875.6,10.0,13.1,13.7,6.9,7.4,7.1,15.9,16.9,16.6,91.9,95.8,95.7,54.0,66.3,66.1,0.0,0.0,0.0,999.9,999.9,999.9,0,8.4,9.6
16585596,0723,69.7,80.9,81.7,37.5,47.2,47.6,872.4,895.8,875.6,10.0,13.1,13.3,6.2,7.4,7.2,24.3,16.9,16.4,90.0,95.8,95.6,66.0,66.3,65.5,0.01,0.0,0.0,999.9,999.9,999.9,0,8.4,9.0
16585596,0723,77.5,80.9,81.3,41.2,47.1,47.2,873.6,895.8,875.6,9.9,13.1,13.3,6.2,7.4,7.1,15.0,17.0,16.6,93.9,95.8,95.1,57.0,66.2,65.8,0.0,0.0,0.0,999.9,999.9,999.9,18,8.4,8.4
16585596,0723,79.9,80.8,81.1,49.2,47.0,47.2,999.9,895.1,875.7,10.0,13.1,12.9,5.6,7.4,7.0,12.0,16.9,16.6,95.0,95.8,95.1,72.0,66.2,65.5,0.0,0.0,0.0,999.9,999.9,999.9,0,8.5,8.4
16585596,0723,85.4,80.8,81.0,33.1,47.0,47.7,870.5,895.8,880.2,10.0,13.1,12.9,8.1,7.4,6.9,14.0,16.9,16.7,100.0,95.8,95.3,62.1,66.2,65.7,0.33,0.0,0.0,999.9,999.9,999.9,18,8.5,7.8
16585596,0723,78.4,80.9,81.2,33.1,47.0,47.3,869.7,895.8,880.1,10.0,13.1,12.9,3.7,7.4,6.8,19.0,16.9,16.9,99.0,95.8,95.3,54.0,66.3,65.7,0.17,0.0,0.0,999.9,999.9,999.9,18,8.6,8.3
16585596,0723,79.9,80.9,81.2,54.5,46.8,46.7,871.4,895.1,880.0,10.0,13.1,12.9,10.2,7.3,6.8,19.0,16.9,17.0,95.0,95.8,95.2,73.0,66.2,65.4,0.33,0.0,0.0,999.9,999.9,999.9,0,8.6,8.9
16585596,0723,89.6,80.9,81.1,57.6,46.9,47.2,999.9,895.1,880.1,9.9,13.1,12.9,4.7,7.3,6.8,26.0,16.9,16.9,90.0,95.9,95.2,61.0,66.2,65.7,0.0,0.0,0.1,999.9,999.9,999.9,2,8.6,8.4
16585596,0723,85.2,81.0,81.5,41.4,47.0,47.8,872.4,895.8,884.3,9.9,13.1,12.9,5.1,7.3,6.7,18.1,16.9,17.2,89.1,95.9,94.8,73.9,66.2,65.5,0.0,0.0,0.1,999.9,999.9,999.9,18,8.6,7.9
16585596,0723,79.9,81.0,81.7,44.1,47.0,47.5,871.5,895.8,884.3,9.9,13.1,12.9,8.1,7.3,6.5,18.1,17.0,17.5,102.9,95.9,94.8,66.0,66.2,65.5,0.0,0.0,0.1,999.9,999.9,999.9,0,8.6,7.9
16585596,0723,82.8,81.0,81.6,57.6,47.0,47.4,869.5,895.8,880.0,10.0,13.1,12.2,10.2,7.3,6.4,14.0,17.0,17.7,90.0,95.9,95.1,73.9,66.2,65.6,0.11,0.0,0.1,999.9,999.9,999.9,18,8.6,7.3
16585596,0723,86.8,81.0,81.8,41.4,47.0,47.7,875.8,895.0,879.9,13.5,13.1,12.2,8.8,7.3,6.6,13.0,17.0,17.6,93.9,95.8,95.1,63.0,66.2,66.0,0.0,0.0,0.1,999.9,999.9,999.9,18,8.7,7.9
16585596,0723,88.8,81.0,81.9,33.1,47.0,47.4,871.5,895.1,880.0,9.9,13.1,11.6,6.3,7.3,6.7,26.0,17.0,17.5,95.0,95.8,95.2,71.1,66.2,65.9,0.0,0.0,0.1,999.9,999.9,999.9,2,8.7,7.9
16585596,0723,85.4,81.0,82.2,50.9,47.0,47.1,999.9,894.3,879.9,10.0,13.1,11.6,9.3,7.3,6.7,11.1,17.0,17.7,102.9,95.7,95.3,75.9,66.2,66.2,0.11,0.0,0.1,999.9,999.9,999.9,0,8.7,7.9
16585596,0723,74.2,81.1,82.4,41.6,47.0,46.9,872.4,895.0,884.1,9.9,13.1,11.6,6.4,7.3,6.8,24.3,17.0,17.6,93.9,95.7,95.3,66.2,66.3,66.4,0.14,0.0,0.1,999.9,999.9,999.9,18,8.6,7.3
16585596,0723,78.4,81.1,82.0,45.2,46.9,46.6,872.7,895.0,884.1,22.2,13.1,11.6,8.7,7.3,6.9,15.9,17.0,17.8,90.0,95.7,95.0,75.0,66.3,66.4,0.01,0.0,0.1,999.9,999.9,999.9,18,8.7,7.9
16585596,0723,78.4,81.1,81.9,44.1,46.9,46.6,875.8,895.0,884.2,10.0,13.1,12.0,8.7,7.3,7.0,15.9,17.0,17.9,98.1,95.7,95.1,70.0,66.3,66.6,0.01,0.0,0.1,999.9,999.9,999.9,0,8.8,8.5
16585596,0723,69.7,81.0,81.8,36.2,46.8,46.6,999.9,895.1,884.4,9.7,13.1,12.0,6.9,7.3,7.1,17.1,17.0,17.9,102.9,95.7,95.2,59.0,66.3,66.6,0.0,0.0,0.1,999.9,999.9,999.9,18,8.8,8.5
16585596,0723,79.3,80.9,81.2,55.6,46.8,46.4,869.5,895.8,888.7,10.0,13.1,12.0,10.2,7.3,7.1,24.3,17.0,18.0,102.0,95.7,95.6,57.9,66.2,66.1,0.0,0.0,0.1,999.9,999.9,999.9,18,8.9,9.1
16585596,0723,87.8,80.9,81.3,36.2,46.9,46.8,873.5,895.8,888.7,30.7,13.1,11.6,10.4,7.3,7.3,18.1,17.0,18.2,99.0,95.8,95.5,54.0,66.2,65.8,0.0,0.0,0.1,999.9,999.9,999.9,0,9.0,9.1
16585596,0723,80.9,80.9,81.5,58.4,46.8,46.6,873.6,895.1,888.7,10.0,13.2,12.3,7.8,7.4,7.4,12.0,17.1,18.2,102.0,95.8,95.6,75.9,66.1,65.7,0.0,0.0,0.1,999.9,999.9,999.9,2,8.9,9.1
16585596,0723,79.9,80.9,81.4,34.9,46.9,47.2,999.9,894.4,888.9,9.8,13.2,12.3,8.8,7.4,7.5,13.0,17.1,18.3,93.9,95.8,95.6,73.9,66.2,66.1,0.0,0.0,0.1,999.9,999.9,999.9,0,8.8,9.2
16585596,0723,76.4,81.0,81.1,46.5,46.8,46.5,872.4,895.0,893.1,9.7,13.2,12.3,10.2,7.3,7.5,10.1,17.0,18.3,102.9,95.8,95.4,71.1,66.2,66.3,0.33,0.0,0.0,999.9,999.9,999.9,0,8.7,8.6
16585596,0723,62.0,81.0,80.6,54.1,46.8,46.2,869.5,895.1,893.2,9.9,13.2,11.6,8.1,7.4,7.5,12.0,17.0,17.6,99.0,95.8,95.9,73.9,66.3,66.5,0.0,0.0,0.1,999.9,999.9,999.9,18,8.6,8.0
16585596,0723,77.1,80.9,80.1,50.9,46.9,46.6,873.6,895.1,893.1,10.0,13.2,11.6,6.5,7.4,7.5,31.1,17.0,17.2,102.0,96.0,95.9,54.0,66.4,66.8,0.0,0.0,0.1,999.9,999.9,999.9,0,8.7,8.0
16585596,0723,80.3,80.8,80.0,58.4,46.8,46.6,870.0,894.4,893.2,9.9,13.2,11.6,6.9,7.4,7.4,19.0,17.0,17.6,89.1,96.0,96.3,54.0,66.3,66.6,0.0,0.0,0.1,999.9,999.9,999.9,18,8.7,7.4
16585596,0723,76.8,80.8,80.0,39.9,46.9,46.6,872.4,893.7,893.2,10.0,13.2,11.6,8.1,7.4,7.5,15.9,17.0,17.6,102.9,95.9,96.2,66.0,66.2,66.1,0.0,0.0,0.1,999.9,999.9,999.9,0,8.7,7.4
16585596,0723,80.9,80.8,80.3,57.5,46.9,46.0,869.7,893.7,893.3,10.0,13.2,11.6,5.3,7.4,7.4,15.0,17.0,17.5,102.9,96.0,96.5,71.1,66.2,66.1,0.15,0.0,0.1,999.9,999.9,999.9,0,8.6,7.4
16585596,0723,81.8,80.8,80.3,47.1,46.9,46.0,872.9,893.6,893.2,9.7,13.2,11.6,9.6,7.4,7.5,13.0,17.0,17.6,100.0,96.0,96.8,66.9,66.2,66.1,0.0,0.0,0.1,999.9,999.9,999.9,0,8.6,7.4
16585596,0723,79.3,80.8,80.1,54.1,46.9,46.0,999.9,893.7,893.2,10.0,13.2,11.5,10.4,7.4,7.6,18.1,17.0,17.6,104.0,96.0,97.0,57.0,66.2,66.1,0.0,0.0,0.1,999.9,999.9,999.9,0,8.6,7.4
16585596,0723,82.8,80.8,80.1,49.2,46.8,45.9,869.7,894.4,897.5,9.9,13.2,11.1,9.5,7.4,7.7,18.1,17.0,17.3,102.0,96.1,97.1,66.0,66.2,65.6,0.0,0.0,0.1,999.9,999.9,999.9,0,8.6,7.4
16585596,0723,79.3,80.8,79.8,37.5,46.8,46.2,872.4,893.6,897.5,22.3,13.2,11.1,10.1,7.4,7.8,10.1,16.9,17.4,90.0,96.1,97.4,57.9,66.2,66.0,0.0,0.0,0.1,999.9,999.9,999.9,18,8.6,7.4
16585596,0723,86.6,80.7,80.2,44.1,46.7,46.2,869.0,893.7,897.5,10.0,13.3,11.6,6.6,7.4,8.0,26.0,16.9,16.9,95.0,96.1,97.4,71.1,66.2,65.8,0.33,0.0,0.1,999.9,999.9,999.9,18,8.6,8.0
16585596,0723,76.4,80.9,80.5,50.2,46.7,46.2,869.7,893.6,897.4,30.7,13.1,11.6,9.8,7.4,8.0,11.1,17.0,17.3,102.9,96.1,97.5,73.9,66.1,66.2,0.0,0.0,0.1,999.9,999.9,999.9,2,8.6,8.0
16585596,0723,76.7,80.9,80.4,57.2,46.7,46.3,869.5,892.9,893.0,9.9,13.3,12.2,4.9,7.4,8.1,26.0,16.9,17.3,90.0,96.2,97.7,68.0,66.1,66.3,0.0,0.0,0.1,999.9,999.9,999.9,0,8.6,8.1
16585596,0723,88.1,80.8,80.1,52.0,46.8,47.1,871.0,892.9,893.0,9.9,13.3,12.2,5.3,7.4,8.0,15.0,17.0,17.7,98.1,96.1,97.4,57.0,66.1,66.5,0.0,0.0,0.1,999.9,999.9,999.9,18,8.6,7.5
16585596,0723,78.3,80.9,80.4,45.0,46.9,47.7,869.6,892.9,893.0,30.7,13.3,12.2,11.6,7.4,8.1,10.1,16.9,17.5,93.0,96.1,97.4,70.0,66.1,66.6,0.0,0.0,0.1,999.9,999.9,999.9,0,8.7,7.5
16585596,0723,74.2,80.9,80.3,36.2,46.8,47.4,873.0,892.2,893.0,10.0,13.4,12.9,5.3,7.5,8.1,13.0,16.8,17.3,99.0,96.2,97.3,66.0,66.2,66.5,0.0,0.0,0.0,999.9,999.9,999.9,16,8.7,7.5
16585596,0723,83.0,80.8,79.8,54.5,46.7,46.7,875.8,892.2,888.7,41.0,13.4,12.9,8.7,7.5,8.1,34.0,16.8,16.8,95.0,96.2,97.6,73.0,66.2,66.7,0.0,0.0,0.0,999.9,999.9,999.9,0,8.7,7.9
16585596,0723,78.3,80.9,79.7,58.4,46.7,47.1,871.5,892.2,888.9,9.7,13.5,14.0,6.3,7.5,8.3,18.1,16.9,17.3,95.0,96.2,97.8,66.9,66.3,66.6,0.0,0.0,0.0,999.9,999.9,999.9,18,8.7,7.3
16585596,0723,81.1,80.8,79.7,54.5,46.8,47.6,875.8,892.2,888.9,10.0,13.5,14.0,10.6,7.5,8.2,10.1,16.9,17.3,93.9,96.2,97.5,62.1,66.3,66.7,0.0,0.0,0.0,999.9,999.9,999.9,0,8.7,7.9
16585596,0723,77.1,80.8,79.6,44.6,46.8,47.5,873.6,891.5,889.1,9.9,13.5,14.0,11.6,7.5,8.2,8.9,16.8,17.2,102.0,96.2,97.7,66.0,66.3,66.3,0.0,0.0,0.0,999.9,999.9,999.9,0,8.6,7.3
16585596,0723,81.8,80.7,79.3,49.3,46.8,47.6,869.5,891.5,889.0,14.9,13.5,13.8,6.2,7.5,8.3,15.9,16.8,17.1,104.0,96.2,97.9,71.1,66.4,66.4,0.0,0.0,0.0,999.9,999.9,999.9,0,8.6,6.7
16585596,0723,88.1,80.7,79.1,34.9,46.8,48.1,869.5,890.8,888.9,9.9,13.5,14.0,3.7,7.5,8.3,31.1,16.7,16.7,95.0,96.2,98.2,57.9,66.3,66.4,0.0,0.0,0.0,999.9,999.9,999.9,18,8.6,6.7
16585596,0723,77.1,80.8,79.2,41.4,46.7,47.6,872.9,890.8,884.6,9.9,13.5,14.0,6.3,7.5,8.1,19.0,16.8,17.4,95.0,96.1,98.0,73.0,66.3,65.8,0.11,0.0,0.0,999.9,999.9,999.9,0,8.7,7.3
16585596,0723,81.8,80.7,79.3,55.6,46.7,47.6,872.4,890.8,884.6,10.0,13.4,14.0,6.2,7.5,8.1,18.1,16.9,17.2,95.0,96.1,98.0,66.2,66.3,66.0,0.0,0.0,0.0,999.9,999.9,999.9,0,8.7,6.7
16585596,0723,83.0,80.8,79.4,45.0,46.7,48.0,872.9,890.8,884.6,9.9,13.4,13.6,6.3,7.5,8.0,22.0,16.9,17.3,93.9,96.1,98.2,73.9,66.3,65.7,0.0,0.0,0.0,999.9,999.9,999.9,0,8.7,6.1
16585596,0723,88.1,80.8,79.5,57.5,46.7,48.0,869.5,890.8,884.5,10.0,13.4,13.6,4.9,7.5,7.9,24.1,16.9,17.5,104.0,96.1,98.0,71.1,66.3,65.8,0.11,0.0,0.0,999.9,999.9,999.9,18,8.7,6.1
16585596,0723,85.4,80.9,80.1,54.5,46.7,48.7,873.6,890.8,880.1,39.8,13.4,13.6,8.8,7.4,7.9,13.0,16.9,17.7,102.0,96.1,98.1,73.9,66.4,66.2,0.33,0.0,0.0,999.9,999.9,999.9,2,8.7,6.1
16585596,0723,76.8,80.9,80.3,57.6,46.8,48.7,869.5,890.1,880.3,9.9,13.5,14.6,6.9,7.5,7.8,13.0,16.9,17.4,102.9,96.2,98.1,66.0,66.4,66.8,0.0,0.0,0.0,999.9,999.9,999.9,18,8.7,5.5
16585596,0723,82.7,80.9,80.0,55.6,46.9,49.4,872.4,890.1,880.1,10.0,13.5,13.9,4.9,7.5,7.7,15.9,16.9,17.2,89.1,96.2,98.2,73.0,66.3,67.2,0.0,0.0,0.0,999.9,999.9,999.9,18,8.7,6.1
16585596,0723,81.1,80.9,80.0,34.9,46.9,49.3,999.9,890.1,880.1,22.3,13.5,13.9,10.1,7.5,7.6,13.0,16.9,17.3,102.0,96.1,97.8,66.2,66.4,67.1,0.0,0.0,0.0,999.9,999.9,999.9,0,8.7,6.7
16585596,0723,82.7,80.9,80.1,41.6,46.8,49.3,873.1,890.8,880.1,9.9,13.6,14.3,10.1,7.5,7.7,11.1,16.9,17.3,90.0,96.1,98.1,66.2,66.4,66.8,0.0,0.0,0.0,999.9,999.9,999.9,0,8.7,6.7
16585596,0723,88.1,81.0,80.3,47.2,46.8,49.1,871.5,890.1,880.1,10.0,13.6,14.3,9.8,7.5,7.7,12.0,16.9,17.4,95.0,96.1,97.6,66.9,66.5,66.6,0.0,0.0,0.0,999.9,999.9,999.9,0,8.6,6.7
16585596,0723,81.1,81.1,81.2,45.2,46.8,48.9,873.0,890.1,880.2,10.0,13.6,14.3,5.1,7.5,7.7,19.0,16.9,17.4,93.0,96.1,97.5,70.0,66.5,66.4,0.0,0.0,0.0,999.9,999.9,999.9,0,8.6,6.1
16585596,0723,78.4,81.1,81.3,47.2,46.8,48.7,872.4,889.4,880.2,10.0,13.6,14.3,8.8,7.5,7.7,19.0,16.9,17.0,102.0,96.2,97.2,71.1,66.5,66.9,0.0,0.0,0.0,999.9,999.9,999.9,0,8.5,6.1
16585596,0723,76.4,81.1,81.2,55.6,46.8,48.3,870.4,889.4,880.3,30.7,13.4,14.3,7.8,7.5,7.7,22.0,17.0,17.0,93.0,96.3,97.6,54.0,66.5,67.5,0.0,0.0,0.0,999.9,999.9,999.9,0,8.5,5.5
16585596,0723,80.3,81.1,81.2,49.3,46.8,48.8,873.0,889.4,880.2,10.0,13.6,15.0,6.9,7.4,7.7,20.0,17.0,17.2,99.0,96.3,97.3,71.1,66.5,67.1,0.0,0.0,0.0,999.9,999.9,999.9,48,8.4,5.5
16585596,0723,89.6,81.1,81.2,58.4,46.8,48.6,871.4,889.4,880.3,10.0,13.6,15.0,5.1,7.4,7.8,24.1,17.1,17.3,90.0,96.3,97.2,75.9,66.5,67.1,0.0,0.0,0.0,999.9,999.9,999.9,0,8.6,7.1
16585596,0723,62.0,81.1,81.5,36.2,46.9,48.9,872.9,889.5,880.2,9.8,13.6,15.0,7.8,7.4,7.6,15.9,17.0,17.7,91.9,96.3,96.8,71.1,66.6,67.4,0.02,0.0,0.0,999.9,999.9,999.9,0,8.6,7.1
16585596,0723,80.3,81.0,80.9,54.1,46.8,48.3,869.5,889.5,876.0,10.0,13.6,15.0,6.3,7.4,7.5,20.0,17.1,17.6,90.0,96.3,96.4,75.9,66.6,67.9,0.14,0.0,0.0,999.9,999.9,999.9,48,8.6,7.1
16585596,0723,82.3,81.0,80.8,41.4,46.9,48.5,873.6,889.4,876.0,9.9,13.6,15.0,8.2,7.4,7.4,8.9,17.1,17.7,99.0,96.3,96.0,66.0,66.6,68.2,0.03,0.0,0.0,999.9,999.9,999.9,0,8.9,8.7
16585596,0723,79.9,81.0,80.9,54.6,46.8,48.6,869.0,889.4,876.0,9.8,13.6,14.6,10.1,7.5,7.4,19.0,17.0,17.6,102.9,96.2,96.3,75.9,66.6,68.5,0.0,0.0,0.0,999.9,999.9,999.9,0,8.9,8.1
16585596,0723,88.1,81.0,80.7,34.9,46.8,49.0,872.7,889.4,876.0,39.8,13.6,14.6,5.6,7.5,7.5,24.1,17.0,17.4,90.0,96.2,96.6,66.9,66.6,68.6,0.0,0.0,0.0,999.9,999.9,999.9,0,8.8,7.5
16585596,0723,89.2,81.0,81.1,48.9,46.7,48.5,866.4,889.4,876.1,10.0,13.7,14.9,10.6,7.4,7.3,20.0,17.1,17.8,102.9,96.2,96.2,71.1,66.5,68.4,0.0,0.0,0.0,999.9,999.9,999.9,0,8.5,7.4
16585596,0723,87.8,81.0,81.5,45.2,46.7,48.2,999.9,888.7,876.0,9.9,13.7,14.9,10.1,7.5,7.5,15.9,17.1,17.6,98.1,96.2,96.6,62.1,66.5,68.5,0.0,0.0,0.0,999.9,999.9,999.9,48,8.5,7.4
16585596,0723,76.8,81.1,81.5,49.2,46.6,48.0,999.9,889.4,880.3,9.9,13.7,14.9,10.2,7.5,7.7,8.9,17.1,17.7,95.0,96.2,96.6,62.1,66.5,68.7,0.0,0.0,0.0,999.9,999.9,999.9,18,8.8,8.4
16585596,0723,83.0,81.0,81.4,54.6,46.6,48.1,869.5,890.1,884.7,30.7,13.7,14.2,9.6,7.5,7.6,22.0,17.1,17.6,95.0,96.3,96.7,73.9,66.5,68.4,0.33,0.0,0.0,999.9,999.9,999.9,18,8.8,9.0
16585596,0723,77.5,81.1,81.7,41.2,46.6,48.7,869.5,890.1,884.6,10.0,13.8,14.9,9.3,7.5,7.8,11.1,17.2,17.9,93.0,96.2,96.5,62.1,66.6,68.7,0.0,0.0,0.0,999.9,999.9,999.9,0,8.9,9.1
16585596,0723,83.0,81.0,81.5,41.6,46.6,48.3,872.9,890.1,884.4,10.0,13.7,13.9,8.1,7.5,7.8,15.9,17.1,17.2,102.9,96.2,96.5,54.0,66.6,68.3,0.0,0.0,0.0,999.9,999.9,999.9,18,8.9,9.1
16585596,0723,69.7,81.0,81.7,49.3,46.6,47.7,873.0,890.1,884.4,9.8,13.7,13.9,10.6,7.5,7.9,8.9,17.2,17.1,102.9,96.2,96.7,75.9,66.5,67.9,0.11,0.0,0.0,999.9,999.9,999.9,18,8.9,9.1
16585596,0723,76.4,80.9,81.3,41.4,46.6,47.6,871.4,890.1,884.3,10.0,13.7,13.9,9.8,7.6,7.9,13.0,17.1,17.1,100.0,96.3,97.0,70.0,66.6,68.3,0.0,0.0,0.0,999.9,999.9,999.9,0,9.0,9.7
16585596,0723,77.1,80.9,81.3,47.1,46.5,47.4,869.5,889.4,884.2,9.9,13.7,13.9,9.6,7.6,7.8,13.0,17.1,17.2,95.0,96.3,97.0,62.1,66.6,68.5,0.11,0.0,0.0,999.9,999.9,999.9,48,9.0,9.7
16585596,0723,85.4,80.9,81.1,41.6,46.5,47.4,873.6,889.4,884.2,9.9,13.6,13.7,6.5,7.6,7.9,13.0,17.1,17.1,102.0,96.4,96.7,70.0,66.5,68.2,0.17,0.0,0.0,999.9,999.9,999.9,0,9.3,11.3
16585596,0723,76.8,80.9,81.0,50.9,46.5,47.6,872.9,889.4,884.4,9.9,13.6,13.7,9.6,7.6,8.0,12.0,17.1,16.5,102.0,96.4,96.9,59.0,66.6,68.6,0.0,0.0,0.0,999.9,999.9,999.9,18,9.2,10.7
16585596,0723,76.7,80.8,81.0,41.6,46.6,47.9,872.4,889.4,884.4,39.8,13.6,13.7,9.5,7.6,8.1,19.0,17.1,16.3,79.0,96.4,97.1,72.0,66.5,68.1,0.0,0.0,0.0,999.9,999.9,999.9,0,9.3,11.3
16585596,0723,77.1,80.8,80.9,40.5,46.5,47.4,873.6,889.4,884.4,10.0,13.8,14.7,3.7,7.6,8.2,15.9,17.1,16.3,102.9,96.3,96.6,71.1,66.5,68.3,0.0,0.0,0.0,999.9,999.9,999.9,16,9.2,11.3
16585596,0723,62.0,80.8,80.7,52.0,46.4,47.3,871.0,889.4,884.4,9.8,13.6,14.7,6.9,7.6,8.1,12.0,17.0,16.1,90.0,96.4,96.9,71.1,66.6,68.2,0.0,0.0,0.0,999.9,999.9,999.9,16,9.3,11.8
16585596,0723,74.2,80.7,79.8,41.4,46.5,47.1,872.4,888.7,884.4,10.0,13.5,14.7,8.1,7.6,8.2,12.0,17.0,15.7,93.9,96.4,96.4,66.0,66.6,68.2,0.0,0.0,0.0,999.9,999.9,999.9,0,9.4,11.7
16585596,0723,87.8,80.7,79.4,44.1,46.4,46.7,870.4,888.7,884.4,9.9,13.5,13.7,9.8,7.6,8.2,11.1,17.0,15.7,93.0,96.4,96.1,64.9,66.7,68.0,0.0,0.0,0.0,999.9,999.9,999.9,0,9.4,11.7
16585596,0723,80.7,80.7,79.8,47.1,46.4,46.2,873.1,888.7,884.4,9.9,13.5,13.7,7.8,7.6,8.3,10.1,17.0,15.6,99.0,96.3,95.8,73.9,66.6,67.9,0.0,0.0,0.0,999.9,999.9,999.9,0,9.4,11.1
16585596,0723,85.2,80.6,79.7,41.4,46.5,45.9,872.4,888.7,884.5,39.8,13.5,13.7,9.3,7.6,8.4,13.0,17.0,15.4,104.0,96.3,96.1,61.0,66.6,67.9,0.0,0.0,0.0,999.9,999.9,999.9,48,9.4,10.5
16585596,0723,89.2,80.7,79.9,57.5,46.5,46.2,871.5,888.7,880.2,9.8,13.6,14.3,6.9,7.6,8.4,15.0,17.0,15.4,99.0,96.4,96.2,70.0,66.6,67.8,0.0,0.0,0.0,999.9,999.9,999.9,18,9.6,12.1
16585596,0723,77.1,80.7,80.1,58.4,46.4,46.7,873.0,888.7,880.2,9.8,13.6,14.3,8.1,7.6,8.2,10.1,16.9,15.5,93.9,96.4,96.5,61.0,66.6,67.9,0.17,0.0,0.0,999.9,999.9,999.9,18,9.6,12.7
16585596,0723,87.8,80.7,79.7,39.9,46.6,47.1,999.9,888.7,880.2,10.0,13.6,14.3,5.3,7.6,8.2,13.0,16.8,15.5,93.0,96.3,96.5,66.9,66.6,67.7,0.11,0.0,0.0,999.9,999.9,999.9,18,9.6,13.3
16585596,0723,76.7,80.7,79.9,50.9,46.5,46.9,873.0,889.4,884.4,10.0,13.6,14.3,10.4,7.6,8.2,15.0,16.8,15.3,88.7,96.3,96.5,62.1,66.6,67.6,0.0,0.0,0.0,999.9,999.9,999.9,18,9.6,13.9
16585596,0723,74.2,80.6,79.9,40.5,46.5,47.0,870.0,889.4,884.5,20.3,13.6,14.3,11.6,7.6,8.3,14.0,16.8,15.1,102.0,96.3,96.0,73.9,66.5,67.3,0.0,0.0,0.0,999.9,999.9,999.9,18,9.7,14.5
16585596,0723,79.3,80.6,79.8,54.1,46.4,46.5,999.9,888.7,884.4,9.8,13.6,13.9,3.7,7.7,8.4,18.1,16.8,14.9,91.9,96.4,96.3,62.2,66.6,68.0,0.0,0.0,0.0,999.9,999.9,999.9,48,9.8,15.1
16585596,0723,88.1,80.6,79.8,45.2,46.4,46.7,999.9,889.4,888.7,10.0,13.6,13.9,5.6,7.6,8.3,19.0,16.8,14.8,102.9,96.4,96.1,71.1,66.6,67.7,0.0,0.0,0.0,999.9,999.9,999.9,18,10.1,15.1
16585596,0723,89.2,80.6,79.7,47.1,46.5,46.2,869.5,890.1,893.0,10.0,13.6,13.9,9.9,7.6,8.3,14.0,16.8,14.6,98.1,96.4,96.5,61.0,66.6,67.5,0.0,0.0,0.0,999.9,999.9,999.9,18,10.2,15.7
16585596,0723,74.2,80.6,80.6,41.2,46.4,46.6,869.5,890.1,892.8,14.9,13.6,13.9,9.8,7.7,8.4,11.1,16.8,14.6,79.0,96.4,96.7,71.1,66.5,67.2,0.17,0.0,0.0,999.9,999.9,999.9,0,10.3,16.3
16585596,0723,76.8,80.6,80.4,49.2,46.4,46.2,872.7,890.1,892.8,9.9,13.6,14.1,5.1,7.7,8.5,18.1,16.7,14.3,95.0,96.4,96.4,68.0,66.5,67.0,0.11,0.0,0.0,999.9,999.9,999.9,0,10.3,14.7
16585596,0723,77.5,80.5,80.2,55.6,46.4,46.4,869.0,889.4,892.8,41.0,13.6,14.1,6.2,7.7,8.4,11.1,16.8,14.6,93.0,96.4,96.2,61.0,66.5,67.1,0.0,0.0,0.0,999.9,999.9,999.9,0,10.2,14.7
16585596,0723,62.0,80.5,80.2,41.6,46.5,46.5,870.4,888.7,892.8,10.0,13.8,15.2,4.9,7.7,8.2,15.0,16.7,14.3,99.0,96.4,95.9,66.9,66.5,66.6,0.0,0.0,0.0,999.9,999.9,999.9,0,9.9,14.7
16585596,0723,81.8,80.5,79.3,41.4,46.5,46.7,872.7,887.9,892.7,10.0,13.7,14.2,7.8,7.7,8.2,34.0,16.7,14.0,98.1,96.4,96.2,62.1,66.6,66.6,0.0,0.0,0.0,999.9,999.9,999.9,0,9.9,14.7
16585596,0723,77.1,80.5,79.0,39.9,46.4,46.4,873.6,888.0,892.9,9.7,13.7,14.2,6.3,7.7,8.1,12.0,16.9,14.5,102.0,96.4,96.0,72.0,66.6,66.3,0.17,0.0,0.0,999.9,999.9,999.9,0,9.9,14.7
16585596,0723,82.7,80.4,78.7,45.2,46.4,46.2,869.7,887.3,888.7,10.0,13.5,14.2,7.8,7.6,8.0,12.0,16.8,14.3,99.0,96.4,96.2,75.9,66.6,66.6,0.0,0.0,0.0,999.9,999.9,999.9,0,9.9,13.1
16585596,0723,76.8,80.4,78.9,48.9,46.4,46.1,870.5,887.3,884.4,9.7,13.5,14.2,8.8,7.7,7.9,24.3,16.8,14.5,104.0,96.4,96.3,64.9,66.6,67.1,0.0,0.0,0.0,999.9,999.9,999.9,0,9.9,12.5
16585596,0723,88.1,80.4,78.7,41.6,46.4,45.9,869.5,887.2,884.4,9.9,13.5,13.5,5.3,7.7,7.9,12.0,16.9,14.5,87.1,96.5,96.6,71.1,66.6,66.8,0.0,0.0,0.0,999.9,999.9,999.9,18,9.8,11.9
16585596,0723,82.3,80.5,79.0,41.6,46.4,45.9,872.7,887.2,884.4,10.0,13.5,13.4,10.1,7.7,7.8,19.0,16.9,14.6,104.0,96.4,96.4,57.0,66.6,67.1,0.0,0.0,0.0,999.9,999.9,999.9,0,9.8,12.5
16585596,0723,88.8,80.5,79.0,57.6,46.4,45.9,870.4,887.2,884.4,9.8,13.5,13.4,8.8,7.7,7.8,13.0,16.9,14.7,88.7,96.4,96.4,62.1,66.6,67.2,0.0,0.0,0.0,999.9,999.9,999.9,0,9.8,11.9
16585596,0723,80.9,80.5,79.6,47.2,46.6,46.2,873.5,887.2,884.3,9.7,13.5,13.4,6.6,7.7,7.8,18.1,16.9,14.8,98.1,96.4,96.0,73.9,66.6,66.7,0.0,0.0,0.0,999.9,999.9,999.9,0,9.8,11.3
16585596,0723,81.1,80.5,79.8,49.2,46.6,46.4,872.4,886.5,884.4,9.9,13.5,13.4,4.9,7.7,7.7,12.0,16.9,15.0,98.1,96.5,95.9,63.0,66.7,66.8,0.11,0.0,0.0,999.9,999.9,999.9,0,9.8,11.3
16585596,0723,82.8,80.5,79.9,34.9,46.5,46.5,999.9,886.5,884.5,9.9,13.5,13.4,8.2,7.6,7.5,17.1,16.9,14.9,89.1,96.5,96.0,61.0,66.7,66.9,0.0,0.0,0.0,999.9,999.9,999.9,18,9.7,9.7
16585596,0723,81.1,80.5,79.8,50.2,46.5,46.3,999.9,887.3,888.7,10.0,13.5,13.4,9.6,7.6,7.6,15.9,16.9,15.1,104.0,96.4,95.6,75.9,66.7,66.6,0.17,0.0,0.0,999.9,999.9,999.9,0,9.8,10.3
16585596,0723,76.7,80.4,80.0,49.2,46.6,46.2,999.9,888.0,892.9,30.7,13.5,13.4,8.1,7.7,7.6,13.0,16.9,15.2,89.1,96.4,95.6,73.9,66.7,67.1,0.0,0.0,0.0,999.9,999.9,999.9,0,9.7,9.7
16585596,0723,89.2,80.4,80.0,49.2,46.6,46.5,870.4,888.7,897.2,14.9,13.6,13.1,5.1,7.7,7.5,13.0,16.9,15.0,104.0,96.4,96.0,62.2,66.7,67.2,0.03,0.0,0.0,999.9,999.9,999.9,0,9.7,9.7
16585596,0723,85.2,80.4,80.4,48.9,46.7,46.8,873.0,888.7,897.1,9.9,13.6,13.3,10.4,7.7,7.6,15.9,16.9,14.9,87.1,96.4,96.0,62.1,66.7,66.9,0.02,0.0,0.0,999.9,999.9,999.9,18,9.6,9.1
16585596,0723,89.6,80.5,81.2,54.6,46.7,46.7,873.6,888.7,897.2,9.9,13.6,13.3,5.6,7.7,7.7,15.9,16.9,15.0,102.9,96.4,95.9,64.9,66.7,66.6,0.33,0.0,0.0,999.9,999.9,999.9,0,9.6,9.2
16585596,0723,82.7,80.5,81.7,34.9,46.7,47.1,872.7,888.7,897.2,20.3,13.6,13.3,6.9,7.7,7.6,10.1,16.9,15.2,88.7,96.4,96.2,66.2,66.7,66.6,0.0,0.0,0.0,999.9,999.9,999.9,0,9.5,9.2
16585596,0723,69.7,80.5,81.5,50.9,46.6,46.8,869.7,888.7,897.3,10.0,13.6,13.6,6.5,7.7,7.5,15.9,16.8,15.1,95.0,96.3,96.1,68.0,66.7,66.6,0.02,0.0,0.0,999.9,999.9,999.9,18,9.5,9.2
16585596,0723,82.3,80.4,81.1,36.2,46.5,46.9,869.5,888.7,897.2,10.0,13.6,13.7,5.1,7.7,7.5,11.1,16.8,15.3,93.0,96.3,95.9,66.9,66.7,66.4,0.01,0.0,0.0,999.9,999.9,999.9,0,9.5,9.8
16585596,0723,81.8,80.4,81.0,45.2,46.4,46.8,868.1,888.7,897.1,9.8,13.6,12.7,9.6,7.7,7.3,14.0,16.8,15.3,91.9,96.3,95.6,75.9,66.6,66.6,0.0,0.0,0.0,999.9,999.9,999.9,0,9.5,8.2
16585596,0723,79.9,80.5,80.8,40.5,46.4,46.4,873.6,888.7,897.0,10.0,13.6,12.7,4.7,7.7,7.4,18.1,16.8,15.2,91.9,96.3,95.3,61.0,66.7,66.8,0.03,0.0,0.0,999.9,999.9,999.9,0,9.4,7.6
16585596,0723,85.4,80.5,80.9,36.2,46.5,45.8,999.9,888.7,897.0,10.0,13.6,12.7,7.8,7.6,7.3,18.1,16.9,15.5,93.0,96.3,95.3,62.2,66.7,66.8,0.0,0.0,0.0,999.9,999.9,999.9,18,9.3,7.0
16585596,0723,86.8,80.5,80.8,49.2,46.4,45.6,873.0,889.4,897.0,41.0,13.6,12.7,4.9,7.7,7.4,22.0,16.9,15.7,100.0,96.2,95.3,71.1,66.6,66.7,0.11,0.0,0.0,999.9,999.9,999.9,18,9.4,7.0
16585596,0723,85.4,80.5,81.1,55.6,46.4,45.6,872.9,889.4,897.0,22.2,13.8,13.7,8.7,7.7,7.2,15.9,17.0,15.9,95.0,96.2,95.7,72.0,66.6,67.0,0.0,0.0,0.0,999.9,999.9,999.9,0,9.5,7.0
16585596,0723,80.7,80.6,81.5,47.2,46.5,46.1,870.4,889.4,897.1,9.7,13.9,13.8,9.8,7.7,7.1,12.0,16.9,16.0,98.1,96.2,95.4,63.0,66.6,66.9,0.0,0.0,0.0,999.9,999.9,999.9,18,9.4,6.4
16585596,0723,76.8,80.7,81.6,49.3,46.4,45.8,869.7,889.4,892.8,9.8,13.8,13.8,4.7,7.7,7.3,13.0,16.9,15.8,102.0,96.2,95.6,63.0,66.6,66.9,0.0,0.0,0.0,999.9,999.9,999.9,18,9.3,5.4
16585596,0723,87.8,80.7,81.2,37.5,46.5,46.0,873.0,889.4,888.4,9.8,13.8,13.8,6.4,7.6,7.3,13.0,16.9,15.6,93.0,96.2,95.6,73.0,66.6,66.6,0.33,0.0,0.0,999.9,999.9,999.9,0,9.3,5.4
16585596,0723,80.7,80.7,81.1,41.4,46.4,45.7,872.4,889.4,888.5,14.9,13.8,13.7,10.6,7.6,7.1,11.1,16.9,15.5,98.1,96.2,95.4,61.0,66.6,67.0,0.0,0.0,0.1,999.9,999.9,999.9,18,9.2,4.8
16585596,0723,83.0,80.7,81.3,41.2,46.5,45.7,872.4,889.4,888.6,10.0,13.9,13.7,5.3,7.6,7.2,12.0,16.8,15.5,93.9,96.3,96.1,70.0,66.6,66.7,0.0,0.0,0.0,999.9,999.9,999.9,18,9.2,5.4
16585596,0723,89.6,80.7,81.6,48.9,46.5,45.4,999.9,888.7,888.6,9.7,13.9,13.8,9.3,7.6,7.2,20.0,16.7,15.3,99.0,96.3,96.0,73.0,66.6,66.8,0.0,0.0,0.0,999.9,999.9,999.9,0,9.2,6.0
16585596,0723,79.9,80.8,82.0,33.1,46.4,45.2,871.0,889.4,893.0,10.0,13.9,12.7,3.7,7.6,7.3,24.3,16.8,15.6,93.0,96.3,96.2,54.0,66.6,67.2,0.0,0.0,0.0,999.9,999.9,999.9,18,9.2,6.0
16585596,0723,76.4,80.9,82.6,46.5,46.4,44.9,873.6,888.7,893.0,14.9,13.9,12.7,8.8,7.6,7.2,11.1,16.7,15.9,79.0,96.3,96.0,62.1,66.6,66.7,0.0,0.0,0.0,999.9,999.9,999.9,0,9.3,6.6
16585596,0723,80.3,80.8,82.4,47.2,46.3,45.1,869.5,888.7,893.0,9.9,13.9,12.9,9.3,7.6,7.3,13.0,16.7,15.2,93.0,96.2,95.4,75.0,66.7,66.7,0.11,0.0,0.0,999.9,999.9,999.9,18,9.2,6.6
16585596,0723,81.1,80.8,82.5,49.3,46.3,45.3,872.4,888.7,892.9,9.9,13.7,12.9,10.6,7.6,7.4,13.0,16.7,15.2,98.1,96.1,95.1,62.1,66.7,66.8,0.02,0.0,0.0,999.9,999.9,999.9,0,9.2,7.2
16585596,0723,79.9,80.8,82.4,40.5,46.3,45.4,875.8,888.0,893.0,9.8,13.7,12.9,6.2,7.6,7.5,15.9,16.6,15.2,100.0,96.2,95.1,71.1,66.6,66.4,0.0,0.0,0.0,999.9,999.9,999.9,0,9.1,7.2
16585596,0723,77.5,80.8,82.5,47.1,46.3,45.2,870.4,888.0,893.2,9.9,13.7,12.9,6.2,7.6,7.4,18.1,16.6,14.9,95.0,96.2,94.9,61.0,66.7,66.6,0.0,0.0,0.0,999.9,999.9,999.9,16,9.0,7.2
16585596,0723,81.1,80.7,82.2,54.5,46.3,45.4,875.8,887.3,893.2,10.0,13.7,12.9,4.7,7.6,7.4,11.1,16.6,15.2,99.0,96.2,95.2,66.0,66.6,66.3,0.01,0.0,0.0,999.9,999.9,999.9,0,9.1,7.1
16585596,0723,89.2,80.7,82.1,36.2,46.4,45.8,869.5,887.3,893.3,9.9,13.7,12.9,10.2,7.6,7.2,10.1,16.5,14.9,99.0,96.2,95.0,70.0,66.6,66.6,0.0,0.0,0.0,999.9,999.9,999.9,18,9.1,7.1
16585596,0723,76.8,80.8,82.2,48.9,46.3,45.1,872.7,887.3,893.3,10.0,13.7,12.9,10.4,7.6,7.3,17.1,16.5,14.8,93.9,96.2,95.4,62.1,66.6,66.8,0.0,0.0,0.0,999.9,999.9,999.9,0,9.2,7.7
16585596,0723,78.4,80.8,82.0,48.9,46.3,45.1,869.5,887.3,893.2,9.9,13.5,12.9,6.9,7.6,7.4,12.0,16.4,14.8,95.0,96.2,95.2,73.9,66.6,66.4,0.03,0.0,0.0,999.9,999.9,999.9,0,9.1,7.7
16585596,0723,79.3,80.8,81.9,33.1,46.4,45.1,873.0,887.3,893.1,20.3,13.5,12.9,6.9,7.6,7.5,10.1,16.4,14.8,93.0,96.2,95.1,72.0,66.6,66.8,0.0,0.0,0.0,999.9,999.9,999.9,18,9.1,7.7
16585596,0723,86.6,80.8,81.8,46.5,46.3,45.1,871.4,887.4,888.9,10.0,13.5,13.2,8.1,7.6,7.4,13.0,16.3,14.5,102.0,96.2,95.3,62.2,66.7,67.2,0.0,0.0,0.0,999.9,999.9,999.9,18,9.2,7.7
16585596,0723,74.2,80.8,82.0,50.9,46.4,44.9,871.4,887.4,884.6,10.0,13.5,13.2,6.5,7.6,7.4,12.0,16.3,14.4,99.0,96.2,95.2,57.0,66.6,66.7,0.0,0.0,0.0,999.9,999.9,999.9,0,9.3,8.3
16585596,0723,89.2,80.8,81.9,54.1,46.4,45.0,871.5,887.3,880.3,9.9,13.5,12.5,11.6,7.6,7.3,11.1,16.3,14.4,104.0,96.2,95.5,57.0,66.6,66.1,0.0,0.0,0.0,999.9,999.9,999.9,18,9.2,8.3
16585596,0723,81.8,80.8,81.9,54.5,46.4,45.2,873.5,887.3,880.4,41.0,13.4,12.4,9.3,7.7,7.5,19.0,16.2,14.3,102.9,96.3,95.5,59.0,66.6,66.0,0.0,0.0,0.0,999.9,999.9,999.9,18,9.3,8.9
16585596,0723,89.2,80.8,81.8,55.6,46.5,45.3,999.9,887.3,880.4,22.3,13.5,13.4,6.2,7.7,7.5,11.1,16.2,14.4,102.0,96.3,96.0,66.0,66.5,65.9,0.0,0.0,0.0,999.9,999.9,999.9,0,9.4,8.9
16585596,0723,80.3,80.9,81.8,58.4,46.6,45.4,999.9,887.3,884.6,10.0,13.6,13.8,6.6,7.7,7.5,15.9,16.2,14.3,104.0,96.4,96.0,71.1,66.6,65.9,0.0,0.0,0.0,999.9,999.9,999.9,0,9.4,8.9
16585596,0723,82.3,80.8,81.7,50.2,46.7,46.2,873.0,888.1,888.8,9.9,13.6,13.5,10.2,7.7,7.5,19.0,16.2,14.5,90.0,96.4,96.5,71.1,66.6,66.1,0.14,0.0,0.0,999.9,999.9,999.9,0,9.4,8.9
16585596,0723,76.4,80.8,82.1,47.2,46.7,46.1,999.9,888.1,889.0,9.8,13.6,13.5,5.3,7.7,7.6,24.1,16.2,14.6,102.9,96.4,96.4,61.0,66.6,66.2,0.0,0.0,0.0,999.9,999.9,999.9,0,9.3,8.3
16585596,0723,82.7,80.8,81.9,49.3,46.7,46.5,869.5,888.8,893.3,9.7,13.5,13.5,8.1,7.6,7.6,13.0,16.3,15.0,88.7,96.4,96.7,62.2,66.5,66.0,0.0,0.0,0.0,999.9,999.9,999.9,18,9.3,8.3
16585596,0723,76.7,80.8,82.0,45.2,46.7,46.6,870.4,888.8,893.3,9.9,13.4,13.5,10.1,7.7,7.6,18.1,16.3,15.0,102.9,96.4,96.6,73.9,66.6,65.5,0.0,0.0,0.0,999.9,999.9,999.9,0,9.3,8.9
16585596,0723,81.1,80.8,81.8,39.9,46.7,46.8,999.9,888.0,893.2,9.9,13.4,13.5,5.3,7.7,7.8,24.1,16.3,15.0,87.1,96.5,97.0,66.0,66.6,65.9,0.0,0.0,0.0,999.9,999.9,999.9,2,9.0,8.9
16585596,0723,87.8,80.9,81.7,45.2,46.7,46.9,866.4,888.0,893.2,10.0,13.3,13.5,6.2,7.7,7.7,19.0,16.4,15.2,99.0,96.4,96.8,54.0,66.6,66.1,0.0,0.0,0.0,999.9,999.9,999.9,0,8.9,8.4
16585596,0723,86.8,80.9,81.7,44.6,46.8,46.8,873.1,888.0,893.0,10.0,13.3,12.4,5.1,7.7,7.7,19.0,16.3,15.1,99.0,96.3,96.7,64.9,66.5,65.5,0.0,0.0,0.0,999.9,999.9,999.9,0,8.8,7.8
16585596,0723,79.3,81.0,81.8,40.5,46.7,46.4,875.8,888.0,893.0,22.2,13.3,12.0,10.2,7.6,7.6,11.1,16.3,15.2,93.9,96.3,96.9,70.0,66.5,65.3,0.0,0.0,0.0,999.9,999.9,999.9,18,8.7,7.8
16585596,0723,83.0,81.0,81.7,50.2,46.7,46.2,868.1,888.0,893.2,30.7,13.3,12.4,8.7,7.6,7.6,14.0,16.2,15.1,79.0,96.3,96.7,66.0,66.6,65.5,0.33,0.0,0.0,999.9,999.9,999.9,0,8.8,7.8
16585596,0723,82.3,81.0,81.9,41.6,46.7,46.2,870.5,888.0,893.2,22.3,13.4,13.1,5.3,7.6,7.8,18.1,16.1,15.2,93.0,96.2,95.9,63.0,66.6,65.6,0.0,0.0,0.0,999.9,999.9,999.9,0,8.7,7.2
16585596,0723,76.7,81.0,81.8,41.4,46.7,46.4,869.5,887.3,893.1,20.3,13.5,13.6,8.8,7.6,7.7,19.0,16.2,15.4,79.0,96.2,95.9,61.0,66.5,65.3,0.0,0.0,0.0,999.9,999.9,999.9,0,8.7,7.2
16585596,0723,81.1,81.0,81.6,47.2,46.7,46.4,869.5,887.3,893.0,9.9,13.5,13.7,6.5,7.6,7.7,12.0,16.2,15.6,93.9,96.1,95.3,71.1,66.5,65.3,0.0,0.0,0.0,999.9,999.9,999.9,18,8.6,6.6
16585596,0723,78.4,81.0,81.6,44.6,46.7,46.6,870.0,887.2,892.9,10.0,13.5,13.7,5.6,7.6,7.7,18.1,16.1,15.6,100.0,96.1,95.3,66.9,66.5,65.3,0.0,0.0,0.0,999.9,999.9,999.9,0,8.6,6.6
16585596,0723,86.6,80.9,81.2,41.4,46.8,46.4,872.4,887.2,888.5,10.0,13.4,13.7,5.6,7.6,7.6,19.0,16.1,15.6,90.0,96.1,95.3,66.0,66.5,65.1,0.02,0.0,0.0,999.9,999.9,999.9,0,8.5,6.6
16585596,0723,82.7,80.9,81.4,55.9,46.8,46.7,868.1,887.3,888.6,10.0,13.4,13.7,5.3,7.6,7.7,13.0,16.2,15.4,99.0,96.1,95.2,57.0,66.5,65.5,0.0,0.0,0.0,999.9,999.9,999.9,0,8.4,6.0
16585596,0723,79.9,81.0,81.6,41.2,46.8,47.0,869.5,887.3,888.4,10.0,13.4,13.6,9.5,7.6,7.5,13.0,16.2,15.4,89.1,96.1,95.9,57.9,66.5,65.3,0.14,0.0,0.0,999.9,999.9,999.9,0,8.4,6.0
16585596,0723,80.3,81.0,81.6,40.5,46.8,46.8,871.0,887.2,888.4,13.5,13.4,13.6,5.3,7.6,7.5,15.9,16.2,15.4,93.9,96.0,95.8,66.0,66.5,64.8,0.0,0.0,0.0,999.9,999.9,999.9,48,8.4,5.4
16585596,0723,86.8,81.0,81.6,55.9,46.8,46.5,870.0,887.2,888.4,10.0,13.5,13.7,10.4,7.6,7.4,15.0,16.2,15.5,93.0,96.0,95.6,66.9,66.5,64.9,0.0,0.0,0.0,999.9,999.9,999.9,18,8.6,7.0
16585596,0723,82.3,81.0,81.8,45.2,46.9,47.0,999.9,887.2,888.2,9.7,13.5,13.7,8.7,7.6,7.5,24.1,16.2,15.5,93.9,96.0,95.4,63.0,66.5,64.7,0.15,0.0,0.0,999.9,999.9,999.9,48,8.6,7.6
16585596,0723,82.7,81.0,82.0,34.9,46.9,47.0,999.9,887.9,892.5,10.0,13.5,13.7,9.9,7.6,7.6,10.1,16.2,15.7,99.0,96.0,95.4,63.0,66.4,64.8,0.0,0.0,0.0,999.9,999.9,999.9,18,8.8,8.7
16585596,0723,85.2,81.0,82.0,41.6,46.8,46.3,868.1,887.9,896.6,30.7,13.4,13.7,4.9,7.6,7.8,18.1,16.2,15.7,95.0,96.0,95.4,64.9,66.4,64.7,0.17,0.0,0.0,999.9,999.9,999.9,48,8.8,9.3
16585596,0723,76.7,81.1,81.9,40.5,46.7,46.5,869.5,887.9,896.6,10.0,13.5,14.4,6.2,7.6,7.6,15.0,16.2,15.9,99.0,96.1,95.2,62.2,66.5,64.5,0.0,0.0,0.0,999.9,999.9,999.9,18,9.0,10.3
16585596,0723,77.1,81.0,81.9,41.4,46.7,46.2,870.5,887.9,896.5,9.7,13.4,14.4,8.8,7.6,7.4,17.1,16.2,15.9,99.0,96.1,95.4,66.9,66.4,64.5,0.0,0.0,0.0,999.9,999.9,999.9,0,9.0,10.9
16585596,0723,62.0,81.0,81.8,54.6,46.7,46.0,999.9,887.9,896.5,39.8,13.4,14.4,6.9,7.6,7.5,15.0,16.2,16.0,99.0,96.1,95.5,66.2,66.5,64.3,0.0,0.0,0.0,999.9,999.9,999.9,18,9.0,10.9
16585596,0723,82.8,80.9,81.3,36.2,46.7,46.7,999.9,888.6,900.7,10.0,13.5,15.0,9.8,7.6,7.5,11.1,16.2,16.2,102.9,96.1,95.7,66.9,66.4,64.1,0.02,0.0,0.0,999.9,999.9,999.9,18,9.0,10.9
16585596,0723,81.1,80.9,81.1,47.1,46.6,46.3,872.7,889.3,905.0,10.0,13.5,15.0,10.2,7.6,7.6,19.0,16.2,16.1,99.0,96.1,95.8,66.0,66.4,64.3,0.14,0.0,0.0,999.9,999.9,999.9,18,9.1,10.9
16585596,0723,80.3,80.9,81.4,33.1,46.6,46.2,999.9,889.3,905.1,9.9,13.5,15.0,8.8,7.6,7.7,13.0,16.2,16.4,93.9,96.2,95.8,61.0,66.4,64.6,0.0,0.0,0.0,999.9,999.9,999.9,16,9.2,11.5
16585596,0723,82.7,80.9,81.1,55.9,46.5,45.5,869.5,890.0,909.3,9.9,13.5,15.0,6.6,7.6,7.6,11.1,16.2,16.4,99.0,96.2,95.4,73.9,66.4,64.7,0.02,0.0,0.0,999.9,999.9,999.9,0,9.3,11.4
16585596,0723,62.0,80.9,81.1,54.1,46.6,45.5,999.9,890.0,909.2,9.9,13.5,14.0,8.8,7.6,7.5,11.1,16.2,16.2,88.7,96.2,95.3,70.0,66.4,65.2,0.0,0.0,0.0,999.9,999.9,999.9,18,9.3,10.8
16585596,0723,76.4,80.8,80.2,47.1,46.7,45.5,869.6,890.7,909.2,9.7,13.4,13.6,9.3,7.7,7.6,12.0,16.1,16.2,90.0,96.1,94.9,66.0,66.4,65.3,0.33,0.0,0.0,999.9,999.9,999.9,0,9.3,11.4
16585596,0723,85.2,80.8,80.1,54.1,46.7,45.1,873.0,890.7,904.9,10.0,13.4,13.6,6.2,7.7,7.7,19.0,16.1,16.0,102.9,96.1,94.4,71.1,66.4,65.2,0.0,0.0,0.0,999.9,999.9,999.9,0,9.3,11.4
16585596,0723,76.8,80.8,80.2,33.1,46.8,45.3,870.4,890.7,904.9,10.0,13.4,13.6,4.9,7.7,7.5,17.1,16.2,16.0,102.0,96.1,94.8,66.0,66.5,65.2,0.0,0.0,0.0,999.9,999.9,999.9,0,9.3,11.4
16585596,0723,79.3,80.7,80.2,37.5,46.7,44.8,999.9,890.7,900.5,9.9,13.4,13.6,5.1,7.7,7.5,11.1,16.2,15.8,99.0,96.1,94.8,54.0,66.5,65.3,0.02,0.0,0.0,999.9,999.9,999.9,18,9.2,11.4
16585596,0723,69.7,80.6,80.1,45.2,46.6,44.4,873.6,891.4,904.9,10.0,13.3,13.6,9.6,7.6,7.4,17.1,16.1,15.7,93.9,96.2,95.1,71.1,66.4,65.1,0.11,0.0,0.0,999.9,999.9,999.9,0,9.2,11.4
16585596,0723,81.8,80.6,79.8,55.9,46.6,44.4,869.5,891.4,905.0,10.0,13.3,13.6,8.7,7.7,7.4,13.0,16.0,15.7,95.0,96.2,94.8,66.2,66.4,65.0,0.0,0.0,0.0,999.9,999.9,999.9,0,9.1,11.4
16585596,0723,81.1,80.6,79.9,58.4,46.6,44.9,999.9,891.4,900.7,10.0,13.3,13.6,10.6,7.6,7.5,34.0,16.0,15.3,89.1,96.2,95.1,70.0,66.5,65.0,0.0,0.0,0.0,999.9,999.9,999.9,0,9.0,11.3
16585596,0723,81.1,80.6,79.6,44.1,46.6,45.4,871.0,892.2,905.1,10.0,13.3,13.6,6.6,7.7,7.7,15.9,16.1,15.8,99.0,96.2,94.8,62.2,66.5,65.5,0.0,0.0,0.0,999.9,999.9,999.9,18,8.9,11.3
16585596,0723,82.7,80.7,79.4,54.5,46.5,45.3,873.6,892.2,905.0,9.9,13.3,13.6,7.8,7.7,7.7,11.1,16.1,15.7,93.9,96.2,94.8,54.0,66.5,65.4,0.0,0.0,0.0,999.9,999.9,999.9,0,9.0,11.9
16585596,0723,86.6,80.7,79.6,57.6,46.5,45.8,999.9,892.2,905.0,10.0,13.3,13.2,6.6,7.7,7.6,11.1,16.1,15.7,87.1,96.2,94.8,66.0,66.4,64.9,0.0,0.0,0.0,999.9,999.9,999.9,0,9.0,11.3
16585596,0723,86.8,80.7,79.7,55.9,46.6,46.1,871.5,892.9,909.4,22.2,13.3,12.5,8.7,7.7,7.6,34.0,16.0,15.6,93.9,96.2,95.0,73.0,66.4,64.9,0.11,0.0,0.0,999.9,999.9,999.9,18,9.0,11.3
16585596,0723,83.0,80.7,79.8,54.6,46.6,46.5,999.9,892.9,909.4,10.0,13.3,12.5,5.1,7.7,7.7,19.0,16.1,16.2,104.0,96.1,95.1,64.9,66.4,65.2,0.0,0.0,0.0,999.9,999.9,999.9,0,9.1,11.9
16585596,0723,86.6,80.7,80.0,41.6,46.6,47.0,873.6,893.6,913.7,9.9,13.3,12.2,5.1,7.7,7.6,14.0,16.1,16.2,93.9,96.2,95.9,71.1,66.4,65.3,0.0,0.0,0.0,999.9,999.9,999.9,18,9.1,11.9
16585596,0723,87.8,80.8,80.2,57.6,46.7,46.8,872.4,893.6,913.9,9.9,13.3,12.2,9.8,7.7,7.5,12.0,16.1,16.2,95.0,96.2,95.9,62.1,66.5,65.3,0.02,0.0,0.0,999.9,999.9,999.9,0,9.2,11.9
16585596,0723,83.0,80.8,80.5,57.6,46.8,47.2,868.1,893.6,914.0,10.0,13.3,12.2,10.4,7.7,7.7,13.0,16.0,16.0,99.0,96.2,95.7,71.1,66.5,65.2,0.0,0.0,0.0,999.9,999.9,999.9,16,9.1,11.9
16585596,0723,79.9,80.8,80.4,36.2,46.8,47.8,870.0,892.9,913.8,9.7,13.3,12.2,5.3,7.7,7.8,13.0,16.0,15.8,88.7,96.2,96.0,75.0,66.5,65.4,0.02,0.0,0.0,999.9,999.9,999.9,0,9.2,12.5
16585596,0723,88.1,80.8,80.3,34.9,46.8,47.1,999.9,892.9,913.9,10.0,13.3,12.1,9.8,7.7,7.8,20.0,16.0,15.8,99.0,96.2,95.7,63.0,66.6,66.0,0.0,0.0,0.0,999.9,999.9,999.9,18,9.1,12.5
16585596,0723,74.2,80.9,80.6,33.1,46.8,46.9,870.5,893.6,918.2,10.0,13.3,12.1,6.2,7.8,7.8,13.0,16.0,16.1,88.7,96.2,96.0,66.0,66.6,66.1,0.0,0.0,0.0,999.9,999.9,999.9,0,9.1,13.1
16585596,0723,86.8,80.8,80.4,57.2,46.7,46.6,873.0,893.6,918.2,10.0,13.3,12.0,3.7,7.7,7.9,10.1,16.0,16.0,93.9,96.1,95.8,70.0,66.6,66.1,0.0,0.0,0.0,999.9,999.9,999.9,18,9.1,11.5
16585596,0723,81.1,80.8,80.4,45.2,46.7,46.7,866.4,892.9,918.3,9.8,13.3,12.0,5.6,7.7,7.6,13.0,15.9,15.8,87.1,96.2,95.9,61.0,66.6,66.2,0.0,0.0,0.0,999.9,999.9,999.9,18,9.2,11.5
16585596,0723,76.4,80.8,80.4,47.2,46.7,46.7,870.4,892.9,913.9,13.5,13.3,12.0,9.9,7.7,7.5,15.0,15.9,15.4,93.0,96.1,95.7,66.2,66.5,66.2,0.0,0.0,0.0,999.9,999.9,999.9,0,9.2,10.5
16585596,0723,89.2,80.8,80.1,54.6,46.7,47.1,869.5,892.9,909.5,10.0,13.3,12.1,9.6,7.7,7.5,34.0,15.9,15.6,93.0,96.1,95.5,59.0,66.5,66.3,0.0,0.0,0.0,999.9,999.9,999.9,0,9.2,9.9
16585596,0723,80.9,80.8,80.3,50.9,46.7,47.5,873.5,892.9,909.6,20.3,13.3,11.5,8.8,7.7,7.7,11.1,16.0,16.1,93.0,96.1,95.4,59.0,66.5,66.1,0.01,0.0,0.0,999.9,999.9,999.9,0,9.1,8.3
16585596,0723,86.8,80.8,80.4,58.4,46.8,47.9,872.4,892.8,909.7,10.0,13.4,11.8,4.9,7.7,7.8,13.0,16.0,16.0,95.0,96.1,95.2,70.0,66.4,66.0,0.0,0.0,0.0,999.9,999.9,999.9,16,9.0,7.7
16585596,0723,85.2,80.8,80.7,40.5,46.9,48.5,999.9,892.8,909.8,9.9,13.4,11.8,9.8,7.7,7.6,15.9,15.9,15.9,100.0,96.1,95.1,70.0,66.4,66.1,0.0,0.0,0.0,999.9,999.9,999.9,18,9.1,8.2
16585596,0723,85.4,80.8,81.5,55.6,46.9,48.0,869.7,892.8,909.8,10.0,13.4,10.8,3.7,7.7,7.7,14.0,15.9,15.9,89.1,96.1,95.1,66.0,66.4,66.2,0.15,0.0,0.0,999.9,999.9,999.9,0,9.2,8.2
16585596,0723,83.0,80.8,81.6,57.2,46.9,48.6,871.0,892.8,905.4,10.0,13.4,10.8,6.4,7.7,7.5,13.0,15.9,16.0,102.9,96.1,94.6,66.0,66.4,66.2,0.0,0.0,0.0,999.9,999.9,999.9,0,9.1,7.6
16585596,0723,82.8,80.9,81.7,37.5,47.0,49.0,873.6,892.8,905.4,9.9,13.3,10.8,9.3,7.7,7.4,17.1,15.9,15.8,95.0,96.1,94.8,72.0,66.3,66.2,0.0,0.0,0.0,999.9,999.9,999.9,0,9.0,7.0
16585596,0723,79.3,80.9,81.7,34.9,47.0,49.1,872.4,892.8,901.2,13.5,13.3,10.8,8.8,7.7,7.4,31.1,15.9,15.9,98.1,96.1,94.8,75.9,66.4,66.5,0.0,0.0,0.0,999.9,999.9,999.9,18,9.0,6.5
16585596,0723,79.9,80.9,81.6,54.1,47.0,48.4,872.4,892.1,901.3,39.8,13.3,10.9,6.6,7.7,7.5,10.1,15.9,16.6,87.1,96.1,94.8,73.9,66.5,66.6,0.0,0.0,0.0,999.9,999.9,999.9,18,9.0,7.1
16585596,0723,78.4,80.9,82.2,54.6,47.0,48.4,873.1,892.1,897.0,9.8,13.5,11.9,9.9,7.7,7.4,14.0,15.9,16.6,95.0,96.0,94.7,71.1,66.5,66.7,0.0,0.0,0.0,999.9,999.9,999.9,18,9.0,7.1
16585596,0723,74.2,80.9,82.3,55.6,47.1,48.7,873.5,892.1,897.1,9.9,13.4,11.9,6.4,7.7,7.5,22.0,15.8,16.6,93.0,96.0,94.9,70.0,66.6,66.9,0.0,0.0,0.0,999.9,999.9,999.9,0,9.1,7.7
16585596,0723,76.7,80.9,81.9,36.2,47.0,48.7,873.1,892.1,897.2,9.9,13.4,11.9,8.1,7.7,7.5,15.9,15.9,16.7,98.1,95.9,94.5,66.0,66.6,66.9,0.14,0.0,0.0,999.9,999.9,999.9,18,9.1,7.7
16585596,0723,62.0,80.8,81.9,55.6,47.0,48.8,871.5,891.4,897.2,10.0,13.4,11.9,4.7,7.7,7.6,18.1,15.9,16.7,102.9,96.0,94.4,66.0,66.6,66.9,0.0,0.0,0.0,999.9,999.9,999.9,2,9.2,8.3
16585596,0723,82.8,80.8,81.3,36.2,47.1,49.4,873.0,891.4,893.0,9.8,13.4,11.9,10.2,7.6,7.6,26.0,16.0,16.9,91.9,96.0,94.5,66.9,66.5,67.3,0.0,0.0,0.0,999.9,999.9,999.9,0,9.2,7.7
16585596,0723,79.9,80.9,81.8,41.6,47.0,49.1,869.6,891.4,892.9,9.8,13.4,11.9,5.6,7.7,7.6,13.0,16.0,17.2,90.0,95.9,94.5,63.0,66.5,67.1,0.0,0.0,0.0,999.9,999.9,999.9,0,9.1,7.7
16585596,0723,81.8,80.9,81.7,55.6,46.9,48.6,873.5,891.4,892.9,10.0,13.4,11.9,8.7,7.7,7.5,34.0,15.9,17.2,102.0,95.9,94.3,61.0,66.5,67.0,0.0,0.0,0.0,999.9,999.9,999.9,0,9.1,7.7
16585596,0723,81.8,80.9,81.7,45.0,46.9,48.5,872.7,891.4,888.7,9.7,13.4,11.9,6.2,7.7,7.4,17.1,16.0,17.2,99.0,95.9,94.7,75.9,66.6,66.7,0.0,0.0,0.0,999.9,999.9,999.9,0,9.0,7.7
16585596,0723,89.2,80.9,81.8,57.2,47.0,48.6,866.4,891.4,888.8,10.0,13.4,11.9,9.5,7.7,7.4,12.0,16.0,17.3,95.0,95.9,94.7,73.0,66.6,67.2,0.14,0.0,0.0,999.9,999.9,999.9,0,9.0,7.1
16585596,0723,86.8,81.0,82.0,55.6,47.0,48.7,999.9,891.4,888.5,9.7,13.4,11.9,11.6,7.7,7.4,18.1,16.0,17.3,99.0,95.9,94.8,71.1,66.6,67.8,0.0,0.0,0.0,999.9,999.9,999.9,0,9.0,7.1
16585596,0723,78.4,81.0,82.0,45.0,47.0,48.6,872.7,892.1,888.5,10.0,13.4,11.9,6.2,7.7,7.6,11.1,16.0,17.5,93.9,95.9,95.2,72.0,66.7,68.0,0.0,0.0,0.0,999.9,999.9,999.9,18,9.0,7.1
16585596,0723,81.1,81.0,81.7,58.4,47.0,48.2,873.6,891.4,888.6,10.0,13.4,11.5,10.6,7.7,7.5,31.1,16.0,16.8,100.0,95.8,95.2,75.9,66.8,67.9,0.0,0.0,0.0,999.9,999.9,999.9,0,9.1,7.1
16585596,0723,77.1,81.0,81.7,49.3,47.0,48.4,999.9,891.4,884.4,10.0,13.4,11.5,7.8,7.7,7.7,19.0,16.1,17.2,91.9,95.8,95.0,75.0,66.8,68.3,0.0,0.0,0.0,999.9,999.9,999.9,0,9.1,7.1
16585596,0723,79.3,81.0,81.3,52.0,47.1,48.6,869.7,892.1,888.6,10.0,13.3,11.5,11.6,7.7,7.8,26.0,16.1,17.3,93.9,95.8,95.0,72.0,66.9,68.4,0.02,0.0,0.0,999.9,999.9,999.9,18,9.0,6.5
16585596,0723,79.3,80.9,81.1,41.6,47.1,48.4,999.9,892.1,888.5,10.0,13.3,11.5,4.9,7.7,7.9,31.1,16.1,17.8,104.0,95.8,94.9,73.9,66.9,68.8,0.0,0.0,0.0,999.9,999.9,999.9,0,9.0,7.1
16585596,0723,80.7,80.9,80.9,46.5,47.1,47.9,869.5,892.9,892.9,9.7,13.2,11.5,6.9,7.7,7.7,19.0,16.2,18.4,95.0,95.8,95.1,66.2,66.9,68.9,0.33,0.0,0.0,999.9,999.9,999.9,0,9.0,6.6
16585596,0723,80.3,81.0,81.0,41.2,47.0,48.2,869.6,892.9,892.9,9.9,13.2,11.5,4.9,7.7,7.7,18.1,16.2,18.6,99.0,95.8,95.3,66.2,66.9,68.6,0.0,0.0,0.0,999.9,999.9,999.9,0,9.0,6.6
16585596,0723,82.3,80.9,80.7,45.0,46.9,48.5,873.0,892.9,888.5,9.7,13.2,11.5,9.5,7.7,7.6,24.3,16.2,18.5,104.0,95.8,95.3,70.0,66.9,68.7,0.11,0.0,0.0,999.9,999.9,999.9,0,8.9,6.0
16585596,0723,86.6,80.9,81.0,54.5,46.9,48.9,999.9,892.9,888.6,22.2,13.1,11.5,9.3,7.7,7.7,12.0,16.3,18.9,91.9,95.9,95.8,71.1,66.9,68.8,0.0,0.0,0.0,999.9,999.9,999.9,18,8.9,6.0
16585596,0723,79.3,81.0,81.0,46.5,47.0,48.8,870.0,893.6,892.8,10.0,13.1,11.9,9.5,7.7,7.9,11.1,16.3,19.0,79.0,95.9,95.8,73.0,67.0,68.8,0.0,0.0,0.0,999.9,999.9,999.9,0,8.9,6.0
16585596,0723,69.7,81.0,80.9,47.2,47.0,48.8,871.5,893.5,893.0,10.0,13.0,11.9,10.4,7.7,8.0,19.0,16.2,18.9,95.0,95.8,95.5,71.1,67.0,69.2,0.0,0.0,0.0,999.9,999.9,999.9,18,8.9,5.4
16585596,0723,80.9,80.9,80.7,33.1,46.9,48.8,999.9,893.5,893.0,22.3,13.0,11.8,7.8,7.7,8.0,10.1,16.2,19.0,99.0,95.8,95.6,64.9,67.0,69.4,0.0,0.0,0.0,999.9,999.9,999.9,18,8.9,6.0
16585596,0723,79.3,80.9,80.4,50.9,46.8,48.1,872.4,894.2,897.3,13.5,13.0,12.2,11.6,7.7,8.0,13.0,16.2,18.2,100.0,95.8,95.8,75.0,67.0,69.6,0.0,0.0,0.0,999.9,999.9,999.9,0,9.0,6.6
16585596,0723,80.3,81.0,80.3,49.3,46.9,48.1,873.6,894.2,897.3,9.8,13.1,12.0,8.7,7.7,8.0,12.0,16.2,18.3,102.0,95.8,96.0,71.1,67.1,70.1,0.0,0.0,0.0,999.9,999.9,999.9,0,9.0,6.6
16585596,0723,74.2,80.9,80.1,57.2,46.9,47.8,870.5,894.3,897.4,10.0,13.0,12.0,4.7,7.7,8.2,20.0,16.2,18.3,93.0,95.8,96.2,62.2,67.1,70.2,0.0,0.0,0.0,999.9,999.9,999.9,0,9.0,6.1
16585596,0723,83.0,80.9,79.8,41.6,47.0,48.3,873.0,894.3,893.0,10.0,13.0,12.0,6.2,7.7,8.0,12.0,16.1,18.4,102.9,95.8,96.0,71.1,67.1,69.9,0.0,0.0,0.0,999.9,999.9,999.9,48,8.9,5.5
16585596,0723,89.2,80.9,79.7,37.5,47.0,47.9,869.0,894.3,893.1,10.0,13.0,12.0,10.2,7.7,8.1,14.0,16.1,18.3,91.9,95.8,96.5,62.2,67.1,70.1,0.15,0.0,0.0,999.9,999.9,999.9,0,9.1,7.1
16585596,0723,89.6,80.9,79.9,52.0,46.9,47.2,872.4,894.2,893.1,9.9,13.0,12.0,5.3,7.7,8.2,34.0,16.0,18.4,93.0,95.8,96.1,63.0,67.1,70.0,0.0,0.0,0.0,999.9,999.9,999.9,18,9.1,7.1
16585596,0723,89.6,81.0,80.1,46.5,46.9,47.7,873.6,894.2,893.0,22.3,13.0,12.0,6.9,7.7,8.1,19.0,16.1,18.9,104.0,95.8,96.0,68.0,67.0,69.7,0.02,0.0,0.0,999.9,999.9,999.9,0,9.2,7.7
16585596,0723,85.2,81.0,80.5,47.2,46.9,48.1,872.7,894.3,893.1,10.0,13.1,12.3,5.6,7.7,8.0,18.1,16.1,18.5,93.9,95.8,96.2,73.0,67.0,69.4,0.0,0.0,0.0,999.9,999.9,999.9,0,9.1,7.1
16585596,0723,81.1,81.0,80.6,55.9,46.8,47.9,869.5,894.3,893.1,9.9,12.9,11.3,6.9,7.7,8.0,18.1,16.1,18.8,102.9,95.7,96.4,61.0,67.0,69.4,0.0,0.0,0.0,999.9,999.9,999.9,0,9.1,6.5
16585596,0723,80.3,81.0,80.7,44.1,46.8,47.9,869.5,894.3,893.0,22.3,12.9,11.3,8.1,7.7,7.9,11.1,16.1,18.9,87.1,95.7,96.7,66.2,66.9,69.0,0.0,0.0,0.0,999.9,999.9,999.9,18,9.0,5.9
16585596,0723,76.4,81.0,80.9,41.2,46.7,47.5,872.9,894.2,892.8,10.0,13.0,11.7,9.9,7.7,7.9,15.9,16.1,18.6,95.0,95.7,96.5,62.1,66.9,68.9,0.11,0.0,0.0,999.9,999.9,999.9,0,9.0,6.5
16585596,0723,76.8,81.0,80.9,48.9,46.8,47.7,999.9,893.5,892.8,9.9,12.9,11.7,9.8,7.7,8.0,18.1,16.1,18.6,88.7,95.7,96.4,66.0,66.9,68.8,0.0,0.0,0.0,999.9,999.9,999.9,18,9.0,5.9
16585596,0723,76.8,80.9,81.4,54.1,46.8,47.5,999.9,894.2,897.1,39.8,12.9,11.7,10.6,7.7,8.2,15.9,16.2,18.6,102.9,95.7,95.9,71.1,66.9,68.8,0.03,0.0,0.0,999.9,999.9,999.9,0,9.1,6.4
16585596,0723,77.1,80.9,81.2,54.1,46.9,48.1,873.0,894.9,901.3,14.9,13.1,12.7,10.6,7.7,8.2,17.1,16.2,18.2,98.1,95.7,96.3,75.0,66.9,68.9,0.0,0.0,0.0,999.9,999.9,999.9,18,9.1,6.4
16585596,0723,81.8,80.9,81.1,55.9,46.9,48.5,999.9,894.9,901.5,9.9,13.1,12.8,10.4,7.8,8.3,24.3,16.2,18.4,100.0,95.7,96.6,63.0,66.9,69.3,0.0,0.0,0.0,999.9,999.9,999.9,0,9.2,7.0
16585596,0723,76.7,80.9,81.1,39.9,47.0,48.5,999.9,895.7,905.7,22.2,13.1,12.8,8.7,7.8,8.4,10.1,16.2,18.1,102.0,95.7,96.5,62.1,66.9,69.4,0.0,0.0,0.0,999.9,999.9,999.9,16,9.2,7.0
16585596,0723,86.6,80.9,80.9,33.1,46.9,48.3,871.4,896.4,909.9,10.0,13.1,13.3,6.5,7.8,8.5,11.1,16.1,17.8,98.1,95.8,96.6,72.0,66.9,68.9,0.0,0.0,0.0,999.9,999.9,999.9,0,9.3,7.5
16585596,0723,62.0,80.9,80.9,41.4,46.8,47.5,869.0,896.4,910.1,41.0,13.1,13.3,6.3,7.8,8.4,10.1,16.1,17.8,100.0,95.8,96.7,71.1,66.9,68.9,0.0,0.0,0.0,999.9,999.9,999.9,0,9.0,7.5
16585596,0723,80.3,80.8,80.0,47.2,46.7,47.0,869.5,896.4,905.7,10.0,13.3,14.3,5.6,7.8,8.2,15.0,16.0,17.5,99.0,95.8,96.7,66.9,66.9,68.9,0.0,0.0,0.0,999.9,999.9,999.9,48,9.0,7.5
16585596,0723,85.4,80.9,80.1,55.6,46.7,47.1,871.5,896.3,905.6,9.7,13.3,14.3,5.1,7.8,8.2,18.1,16.0,17.7,93.9,95.9,96.9,71.1,66.9,68.7,0.0,0.0,0.0,999.9,999.9,999.9,0,9.3,8.5
16585596,0723,76.7,80.9,80.2,44.6,46.8,47.0,999.9,896.3,905.5,9.9,13.3,14.3,9.8,7.8,8.0,13.0,16.0,17.2,98.1,95.9,96.7,66.0,66.9,68.6,0.0,0.0,0.0,999.9,999.9,999.9,0,9.0,8.5
16585596,0723,76.4,80.9,80.2,48.9,46.8,46.9,869.5,897.0,905.5,10.0,13.3,14.3,4.7,7.8,8.1,15.0,16.0,17.0,102.9,95.9,96.9,62.2,66.9,68.3,0.0,0.0,0.0,999.9,999.9,999.9,18,9.0,8.5
16585596,0723,82.8,80.8,80.1,37.5,46.7,46.8,873.6,897.1,905.5,9.8,13.3,14.3,6.6,7.7,7.8,10.1,16.0,16.7,87.1,95.9,97.2,59.0,66.8,67.9,0.0,0.0,0.0,999.9,999.9,999.9,0,9.1,8.5
16585596,0723,78.4,80.8,80.2,55.9,46.8,46.6,870.4,897.1,901.3,10.0,13.1,14.3,9.5,7.8,7.9,10.1,15.9,16.0,98.1,95.9,96.6,66.0,66.7,67.4,0.0,0.0,0.0,999.9,999.9,999.9,18,9.1,8.5
16585596,0723,83.0,80.7,80.2,39.9,46.8,46.9,873.6,897.1,901.3,20.3,13.1,14.3,6.5,7.7,8.0,34.0,15.9,15.7,102.0,95.9,96.8,70.0,66.7,67.4,0.01,0.0,0.0,999.9,999.9,999.9,18,9.2,9.1
16585596,0723,80.3,80.7,80.3,50.9,46.8,46.9,871.5,896.4,901.5,9.9,13.1,14.6,4.7,7.7,8.0,18.1,16.0,16.2,102.0,95.9,96.8,66.2,66.8,67.5,0.0,0.0,0.0,999.9,999.9,999.9,0,9.1,9.7
16585596,0723,76.7,80.7,80.2,45.2,46.8,47.1,869.0,895.7,901.4,22.3,13.1,14.6,6.6,7.7,7.9,13.0,16.0,16.0,93.9,95.9,96.8,73.0,66.8,67.4,0.01,0.0,0.0,999.9,999.9,999.9,18,9.0,9.7
16585596,0723,82.7,80.7,79.9,52.0,46.7,46.8,869.0,895.7,897.1,10.0,13.1,14.7,8.2,7.7,7.8,22.0,16.0,16.0,100.0,95.9,96.8,64.9,66.8,67.5,0.0,0.0,0.0,999.9,999.9,999.9,0,9.0,9.7
16585596,0723,80.7,80.7,80.0,33.1,46.8,47.0,873.5,895.7,897.0,9.9,13.1,14.7,8.7,7.7,7.7,24.1,16.0,16.4,98.1,95.9,97.5,71.1,66.8,67.2,0.0,0.0,0.0,999.9,999.9,999.9,16,9.0,9.7
16585596,0723,85.2,80.7,80.3,41.2,46.7,46.5,875.8,895.7,897.1,10.0,13.1,14.6,10.6,7.7,7.7,19.0,16.1,16.6,102.9,95.9,97.7,66.9,66.9,67.2,0.0,0.0,0.0,999.9,999.9,999.9,18,9.0,9.7
16585596,0723,82.8,80.8,80.5,45.2,46.7,46.8,869.5,895.7,893.0,10.0,13.1,14.2,8.2,7.7,7.8,8.9,16.1,16.8,102.9,95.9,97.8,61.0,66.8,67.3,0.0,0.0,0.0,999.9,999.9,999.9,18,9.0,9.7
16585596,0723,74.2,80.8,80.6,40.5,46.7,46.6,868.1,895.7,892.9,9.9,13.1,14.1,5.6,7.7,7.7,15.9,16.1,16.7,93.0,95.9,97.9,72.0,66.8,66.8,0.0,0.0,0.0,999.9,999.9,999.9,18,9.1,10.3
16585596,0723,88.8,80.8,80.4,50.2,46.7,46.3,999.9,895.7,892.7,10.0,13.1,14.1,6.9,7.6,7.6,14.0,16.1,16.8,95.0,95.9,97.6,66.0,66.8,66.8,0.03,0.0,0.0,999.9,999.9,999.9,0,8.9,10.9
16585596,0723,79.9,80.8,80.9,50.9,46.7,46.0,868.1,896.4,897.0,22.3,13.1,14.1,6.2,7.6,7.6,11.1,16.1,16.6,102.0,95.9,97.6,59.0,66.8,67.0,0.0,0.0,0.0,999.9,999.9,999.9,0,8.9,10.9
16585596,0723,79.9,80.9,80.8,45.2,46.7,46.4,866.4,896.3,896.8,22.3,13.2,14.5,11.6,7.6,7.6,18.1,16.1,16.6,99.0,95.9,97.6,68.0,66.8,66.6,0.33,0.0,0.0,999.9,999.9,999.9,0,8.8,9.3
16585596,0723,80.9,80.9,80.5,58.4,46.7,46.6,873.0,896.3,896.7,39.8,13.1,14.9,9.9,7.6,7.7,11.1,16.1,16.7,79.0,96.0,97.9,66.0,66.8,66.8,0.0,0.0,0.0,999.9,999.9,999.9,0,8.8,9.3
16585596,0723,88.1,80.9,80.2,50.2,46.8,46.8,872.4,896.3,896.8,41.0,13.2,15.9,10.4,7.7,7.8,11.1,16.1,16.0,99.0,95.9,97.4,62.1,66.8,66.9,0.0,0.0,0.0,999.9,999.9,999.9,16,8.7,8.7
16585596,0723,78.3,81.0,80.1,36.2,46.8,46.9,873.0,896.3,896.7,39.8,13.4,16.6,10.2,7.7,8.0,10.1,16.1,15.7,102.9,95.9,97.2,75.0,66.7,66.7,0.0,0.0,0.0,999.9,999.9,999.9,18,8.7,9.2
16585596,0723,76.4,81.1,79.9,45.2,46.8,46.6,871.4,896.3,896.7,9.7,13.6,17.6,3.7,7.7,8.1,11.1,16.1,15.5,95.0,96.0,97.5,66.9,66.8,66.7,0.0,0.0,0.0,999.9,999.9,999.9,0,8.8,9.8
16585596,0723,80.9,81.0,79.7,44.1,46.8,46.2,869.5,896.3,896.8,10.0,13.6,17.6,3.7,7.7,8.0,13.0,16.1,15.2,93.0,96.0,97.3,62.1,66.8,66.9,0.15,0.0,0.0,999.9,999.9,999.9,18,8.8,9.8
16585596,0723,62.0,81.0,79.8,48.9,46.8,46.2,872.7,896.3,896.8,13.5,13.6,17.1,6.9,7.7,7.9,20.0,16.1,15.3,104.0,95.9,97.5,71.1,66.7,66.8,0.0,0.0,0.0,999.9,999.9,999.9,18,8.9,9.8
16585596,0723,80.3,80.9,79.3,49.3,46.8,46.5,873.1,896.3,896.8,9.9,13.4,17.3,8.7,7.6,7.8,13.0,16.1,15.4,99.0,95.9,97.8,70.0,66.8,67.1,0.0,0.0,0.0,999.9,999.9,999.9,18,8.7,10.4
16585596,0723,79.9,80.8,79.4,41.6,46.8,46.5,868.1,896.3,892.6,9.9,13.4,17.3,6.2,7.6,7.7,18.1,16.1,15.3,102.0,95.9,98.1,73.9,66.8,67.2,0.03,0.0,0.0,999.9,999.9,999.9,0,8.7,10.4
16585596,0723,85.2,80.8,79.5,57.6,46.7,46.1,869.5,896.3,888.2,10.0,13.4,16.3,9.3,7.6,7.6,13.0,16.2,15.3,99.0,96.0,98.1,73.9,66.8,67.3,0.0,0.0,0.0,999.9,999.9,999.9,0,8.6,10.4
16585596,0723,77.1,80.8,79.8,54.5,46.8,46.2,870.5,895.6,888.1,9.9,13.4,16.1,6.5,7.7,7.5,14.0,16.2,15.2,79.0,96.0,98.1,68.0,66.9,67.3,0.0,0.0,0.0,999.9,999.9,999.9,48,8.5,9.8
16585596,0723,69.7,80.8,79.6,37.5,46.8,46.1,873.6,895.5,883.7,9.7,13.4,16.1,6.3,7.6,7.4,11.1,16.2,14.8,102.0,96.0,97.4,64.9,66.9,67.5,0.0,0.0,0.0,999.9,999.9,999.9,18,8.7,11.4
16585596,0723,62.0,80.8,79.4,49.2,46.8,46.1,871.5,895.6,879.5,10.0,13.4,15.7,6.2,7.6,7.3,17.1,16.1,14.9,102.9,96.0,97.4,61.0,66.9,67.5,0.0,0.0,0.0,999.9,999.9,999.9,2,8.7,11.5
16585596,0723,86.6,80.7,78.6,47.1,46.8,46.6,872.4,894.8,879.5,10.0,13.4,15.7,9.9,7.6,7.3,19.0,16.1,15.1,87.1,96.0,97.6,62.2,66.9,67.2,0.15,0.0,0.0,999.9,999.9,999.9,18,8.5,11.5
16585596,0723,81.1,80.7,79.4,50.2,46.8,46.8,868.1,894.1,879.6,13.5,13.4,14.6,6.2,7.6,7.4,18.1,16.1,15.4,100.0,95.9,97.1,73.9,66.8,66.9,0.0,0.0,0.0,999.9,999.9,999.9,0,8.5,12.1
16585596,0723,89.2,80.7,79.4,55.6,46.8,46.9,871.5,894.1,879.6,10.0,13.4,14.8,10.1,7.6,7.5,13.0,16.2,15.5,102.9,95.9,97.2,63.0,66.9,67.1,0.11,0.0,0.0,999.9,999.9,999.9,16,8.4,10.5
16585596,0723,89.6,80.7,79.5,54.1,46.9,46.9,872.4,894.1,879.6,10.0,13.4,14.8,8.8,7.6,7.6,11.1,16.2,15.3,99.0,96.1,97.5,75.0,66.8,66.8,0.14,0.0,0.0,999.9,999.9,999.9,0,8.4,11.1
16585596,0723,80.3,80.8,80.0,45.0,46.9,47.2,870.4,894.1,875.4,9.9,13.4,14.8,9.9,7.6,7.6,18.1,16.1,15.2,90.0,96.1,97.5,62.1,66.9,67.1,0.0,0.0,0.0,999.9,999.9,999.9,0,8.4,11.1
16585596,0723,69.7,80.8,80.1,49.2,46.8,47.1,871.4,894.1,875.4,10.0,13.2,14.8,5.1,7.7,7.8,15.0,16.2,15.3,102.9,96.1,97.1,75.0,66.9,67.1,0.11,0.0,0.0,999.9,999.9,999.9,0,8.4,10.5
16585596,0723,81.1,80.9,79.7,41.6,46.9,47.5,870.4,894.2,875.3,10.0,13.2,14.8,9.3,7.7,7.7,15.9,16.2,15.5,90.0,96.1,97.6,66.9,66.9,67.7,0.33,0.0,0.0,999.9,999.9,999.9,0,8.4,10.5
16585596,0723,69.7,80.9,79.8,52.0,46.9,47.0,875.8,894.1,875.3,10.0,13.2,14.8,8.7,7.7,7.7,15.0,16.1,15.7,99.0,96.1,97.3,61.0,67.0,67.7,0.0,0.0,0.0,999.9,999.9,999.9,0,8.4,9.9
16585596,0723,88.1,80.8,79.3,34.9,47.0,47.4,869.5,894.2,875.4,10.0,13.2,14.4,6.4,7.7,7.8,19.0,16.1,15.1,102.9,96.0,97.2,63.0,66.9,67.4,0.14,0.0,0.0,999.9,999.9,999.9,18,8.4,9.3
16585596,0723,81.1,80.9,79.6,36.2,46.9,46.9,875.8,894.2,875.3,14.9,13.2,14.4,7.8,7.7,7.8,15.9,16.1,15.1,93.9,96.1,97.2,63.0,66.8,67.3,0.33,0.0,0.1,999.9,999.9,999.9,0,8.5,9.9
16585596,0723,79.9,80.9,79.7,58.4,46.8,46.6,999.9,894.2,875.5,22.2,13.2,14.2,6.6,7.7,7.9,22.0,16.1,15.2,93.9,96.0,97.2,73.0,66.8,67.0,0.0,0.0,0.1,999.9,999.9,999.9,16,8.5,9.3
16585596,0723,83.0,80.8,79.6,41.2,46.9,46.8,870.0,894.9,879.9,10.0,13.3,14.6,6.2,7.7,7.8,11.1,16.1,15.2,93.0,96.1,97.0,72.0,66.8,67.2,0.0,0.0,0.1,999.9,999.9,999.9,0,8.5,9.8
16585596,0723,86.8,80.8,79.7,54.5,46.9,47.0,999.9,894.9,879.8,9.7,13.3,14.6,10.2,7.7,7.7,19.0,16.1,14.8,102.0,96.0,96.9,66.0,66.9,67.3,0.02,0.0,0.1,999.9,999.9,999.9,0,8.5,9.3
16585596,0723,89.2,80.8,79.8,34.9,46.9,47.5,999.9,895.6,883.9,9.9,13.3,14.6,4.9,7.7,7.7,15.9,16.1,14.8,90.0,96.1,96.8,61.0,66.9,67.2,0.0,0.0,0.1,999.9,999.9,999.9,0,8.5,8.7
16585596,0723,86.8,80.9,80.0,33.1,46.8,47.1,872.9,896.3,888.3,10.0,13.3,14.6,8.8,7.7,7.6,19.0,16.1,15.0,100.0,96.0,96.4,62.1,66.9,67.2,0.33,0.0,0.1,999.9,999.9,999.9,48,8.5,8.1
16585596,0723,80.3,80.9,80.4,44.1,46.7,46.9,869.6,896.3,888.4,39.8,13.3,14.6,9.9,7.7,7.7,10.1,16.1,15.1,93.9,96.0,96.6,63.0,66.8,66.9,0.17,0.0,0.1,999.9,999.9,999.9,0,8.8,9.1
16585596,0723,79.9,80.9,80.1,50.2,46.8,46.7,999.9,895.6,884.1,9.9,13.5,15.6,4.7,7.7,7.8,20.0,16.1,15.0,102.9,96.1,96.6,59.0,66.9,66.8,0.33,0.0,0.1,999.9,999.9,999.9,0,8.7,9.1
16585596,0723,78.3,80.9,80.1,40.5,46.8,46.7,873.5,895.6,888.5,10.0,13.5,15.2,7.8,7.7,7.8,19.0,16.1,15.3,93.0,96.0,96.6,71.1,66.8,66.8,0.11,0.0,0.1,999.9,999.9,999.9,0,8.7,9.1
16585596,0723,81.8,80.9,80.1,48.9,46.7,46.5,875.8,894.9,888.7,10.0,13.3,14.8,5.3,7.7,7.6,12.0,16.2,15.3,102.9,96.1,96.4,71.1,66.7,66.9,0.0,0.0,0.1,999.9,999.9,999.9,0,8.7,9.1
16585596,0723,78.4,80.9,80.1,49.3,46.7,46.2,868.1,894.9,888.8,22.3,13.3,13.8,8.8,7.7,7.5,15.9,16.2,15.3,93.0,96.1,97.2,75.0,66.8,67.1,0.0,0.0,0.1,999.9,999.9,999.9,0,8.7,9.1
16585596,0723,83.0,80.8,79.8,54.5,46.7,46.2,868.1,894.9,888.7,9.7,13.4,13.2,10.2,7.7,7.4,22.0,16.2,15.5,87.1,96.1,97.0,64.9,66.9,67.5,0.0,0.0,0.1,999.9,999.9,999.9,0,8.6,8.5
16585596,0723,77.5,80.8,79.9,45.2,46.7,46.8,999.9,894.9,888.5,22.3,13.4,12.1,6.2,7.7,7.4,18.1,16.2,15.9,102.9,96.0,96.5,66.0,66.9,67.2,0.0,0.0,0.1,999.9,999.9,999.9,0,8.6,7.9
16585596,0723,76.8,80.7,80.0,58.4,46.8,46.8,870.4,895.6,892.8,10.0,13.4,12.6,11.6,7.7,7.5,18.1,16.2,16.1,99.0,96.1,96.8,62.1,66.9,67.1,0.0,0.0,0.1,999.9,999.9,999.9,18,8.6,7.9
16585596,0723,81.1,80.8,79.8,41.6,46.8,47.3,868.1,895.6,892.8,10.0,13.4,12.6,8.7,7.7,7.8,11.1,16.2,16.3,102.9,96.1,97.0,62.2,66.8,67.1,0.0,0.0,0.1,999.9,999.9,999.9,18,8.6,7.9
16585596,0723,85.2,80.8,80.5,57.5,46.9,47.0,999.9,895.6,892.7,10.0,13.4,12.4,9.3,7.7,7.8,19.0,16.2,16.0,102.0,96.2,96.9,66.0,66.8,66.8,0.0,0.0,0.1,999.9,999.9,999.9,0,8.7,7.9
16585596,0723,76.4,80.8,80.6,45.2,46.9,47.3,869.0,896.3,896.9,10.0,13.4,12.5,5.3,7.7,7.9,15.0,16.3,16.2,102.0,96.2,97.0,70.0,66.8,66.7,0.0,0.0,0.1,999.9,999.9,999.9,0,8.7,7.3
16585596,0723,78.3,80.8,80.5,54.5,47.0,47.4,873.0,896.3,896.9,10.0,13.4,12.5,6.4,7.7,7.8,8.9,16.3,16.1,99.0,96.3,97.0,63.0,66.8,66.6,0.02,0.0,0.1,999.9,999.9,999.9,0,8.7,7.3
16585596,0723,85.4,80.7,80.3,37.5,47.1,47.3,869.5,895.6,897.0,10.0,13.4,12.5,10.2,7.7,7.7,14.0,16.2,16.0,93.9,96.3,97.0,66.0,66.8,66.2,0.0,0.0,0.1,999.9,999.9,999.9,18,8.6,7.3
16585596,0723,76.8,80.7,80.5,49.2,47.0,46.7,872.4,895.5,897.0,14.9,13.2,12.5,8.2,7.7,7.9,24.3,16.2,16.0,90.0,96.3,97.5,75.0,66.8,66.1,0.0,0.0,0.1,999.9,999.9,999.9,0,8.6,6.3
16585596,0723,76.8,80.7,80.8,33.1,47.0,47.1,870.0,895.5,897.0,22.2,13.2,12.6,6.6,7.7,7.9,11.1,16.2,16.4,99.0,96.2,97.1,72.0,66.8,66.5,0.0,0.0,0.1,999.9,999.9,999.9,0,8.6,5.7
16585596,0723,79.3,80.7,81.3,54.6,46.9,46.6,871.4,895.5,896.9,9.7,13.3,13.0,10.1,7.7,7.9,31.1,16.2,16.2,88.7,96.3,97.0,54.0,66.8,66.9,0.02,0.0,0.1,999.9,999.9,999.9,0,8.5,5.7
16585596,0723,79.9,80.7,81.0,55.6,46.9,46.8,999.9,895.5,896.9,9.9,13.3,13.0,4.9,7.8,7.9,19.0,16.3,16.6,104.0,96.2,97.1,66.0,66.8,66.6,0.0,0.0,0.1,999.9,999.9,999.9,18,8.4,5.1
16585596,0723,76.8,80.6,81.0,47.1,47.0,47.0,869.7,896.3,901.3,10.0,13.3,12.9,5.1,7.7,7.9,14.0,16.3,16.6,102.9,96.2,97.2,62.1,66.8,66.3,0.0,0.0,0.1,999.9,999.9,999.9,0,8.5,5.7
16585596,0723,76.4,80.6,80.6,45.2,47.1,46.7,868.1,896.2,901.2,9.9,13.2,12.9,6.6,7.7,7.7,13.0,16.4,16.7,93.9,96.3,97.2,66.2,66.8,66.3,0.01,0.0,0.1,999.9,999.9,999.9,18,8.4,5.1
16585596,0723,85.2,80.6,80.1,36.2,47.1,46.4,872.9,896.2,901.1,10.0,13.2,12.9,9.5,7.7,7.7,12.0,16.4,16.7,93.9,96.3,97.0,70.0,66.7,66.0,0.0,0.0,0.1,999.9,999.9,999.9,0,8.4,5.7
16585596,0723,80.9,80.6,80.3,54.5,47.0,46.1,872.4,895.5,901.2,22.3,13.2,12.9,10.1,7.7,7.6,15.9,16.3,16.5,99.0,96.2,97.2,62.1,66.7,66.3,0.02,0.0,0.1,999.9,999.9,999.9,0,8.4,5.7
16585596,0723,77.5,80.6,80.7,47.1,47.1,46.3,873.6,895.5,901.2,9.9,13.3,13.3,5.3,7.8,7.8,22.0,16.3,16.5,99.0,96.3,97.0,62.2,66.8,65.8,0.0,0.0,0.1,999.9,999.9,999.9,2,8.3,5.7
16585596,0723,81.1,80.6,80.6,37.5,47.1,46.5,873.0,895.5,901.3,14.9,13.3,13.3,5.6,7.7,7.7,26.0,16.3,16.8,98.1,96.4,97.3,64.9,66.8,65.7,0.0,0.0,0.1,999.9,999.9,999.9,0,8.3,5.8
16585596,0723,79.9,80.6,80.9,41.4,47.1,46.0,872.4,895.5,901.2,20.3,13.3,13.5,10.4,7.7,7.6,15.0,16.4,17.1,104.0,96.4,97.3,57.0,66.7,65.8,0.0,0.0,0.1,999.9,999.9,999.9,0,8.2,5.8
16585596,0723,81.1,80.6,80.7,47.2,47.0,46.2,999.9,895.5,901.3,9.9,13.4,13.8,8.7,7.7,7.7,13.0,16.4,17.0,102.9,96.4,97.3,70.0,66.7,65.6,0.0,0.0,0.0,999.9,999.9,999.9,0,8.2,5.2
16585596,0723,69.7,80.6,80.7,57.2,47.1,46.6,869.6,896.2,905.4,10.0,13.4,13.7,9.8,7.7,7.7,18.1,16.4,16.9,102.0,96.5,97.6,66.2,66.7,65.8,0.02,0.0,0.0,999.9,999.9,999.9,48,8.2,5.2
16585596,0723,76.4,80.5,80.3,36.2,47.1,46.6,872.7,896.2,901.1,9.9,13.4,13.2,10.2,7.8,7.8,24.1,16.4,16.8,95.0,96.5,97.9,54.0,66.7,65.6,0.0,0.0,0.0,999.9,999.9,999.9,0,8.4,6.3
16585596,0723,87.8,80.5,80.1,58.4,47.0,46.4,999.9,896.2,901.2,39.8,13.4,13.2,6.2,7.8,8.0,18.1,16.5,17.2,79.0,96.5,98.0,71.1,66.6,65.0,0.0,0.0,0.0,999.9,999.9,999.9,18,8.4,6.3
16585596,0723,82.7,80.5,80.1,57.2,47.1,46.5,871.4,896.9,901.2,9.8,13.5,14.2,8.1,7.8,7.8,10.1,16.5,17.2,102.9,96.4,97.2,73.9,66.7,65.2,0.0,0.0,0.0,999.9,999.9,999.9,18,8.4,6.9
16585596,0723,81.1,80.5,79.9,36.2,47.2,47.3,873.6,896.9,896.9,10.0,13.5,14.2,8.7,7.8,8.0,13.0,16.5,17.0,90.0,96.4,97.6,66.0,66.7,65.6,0.14,0.0,0.0,999.9,999.9,999.9,0,8.5,7.5
16585596,0723,76.4,80.5,79.7,54.1,47.1,47.4,873.0,896.9,896.9,10.0,13.5,14.2,8.8,7.8,7.9,15.0,16.5,16.8,90.0,96.4,97.3,62.2,66.7,65.7,0.0,0.0,0.0,999.9,999.9,999.9,0,8.5,5.9
16585596,0723,76.8,80.5,79.6,50.9,47.2,47.7,999.9,896.9,897.0,20.3,13.5,13.3,6.4,7.8,7.9,13.0,16.5,16.9,99.0,96.4,97.2,61.0,66.6,65.7,0.17,0.0,0.0,999.9,999.9,999.9,0,8.4,5.9
16585596,0723,80.7,80.5,79.5,33.1,47.3,47.7,873.6,897.7,897.0,9.9,13.5,13.6,4.9,7.8,8.0,12.0,16.5,16.7,98.1,96.4,97.0,64.9,66.6,65.8,0.01,0.0,0.0,999.9,999.9,999.9,18,8.3,5.9
16585596,0723,69.7,80.5,79.6,39.9,47.2,47.5,869.6,897.7,897.0,10.0,13.5,13.6,10.6,7.8,7.9,12.0,16.5,16.5,90.0,96.4,97.2,73.9,66.7,65.6,0.0,0.0,0.0,999.9,999.9,999.9,0,8.4,6.5
16585596,0723,77.1,80.4,79.2,44.1,47.1,47.2,871.4,897.7,896.8,10.0,13.5,13.6,10.2,7.7,8.0,15.9,16.5,16.5,90.0,96.3,96.8,61.0,66.7,65.7,0.0,0.0,0.0,999.9,999.9,999.9,0,8.3,6.5
16585596,0723,87.8,80.4,79.1,45.2,47.0,47.0,873.0,897.6,896.9,9.7,13.3,13.2,6.4,7.8,8.1,10.1,16.5,16.5,99.0,96.2,96.7,64.9,66.8,65.2,0.0,0.0,0.0,999.9,999.9,999.9,0,8.2,6.5
16585596,0723,80.9,80.4,79.3,47.2,47.0,46.7,999.9,896.9,897.1,10.0,13.3,13.2,5.6,7.8,8.0,11.1,16.5,16.1,89.1,96.2,97.1,73.9,66.8,65.2,0.0,0.0,0.0,999.9,999.9,999.9,18,8.2,6.5
16585596,0723,85.2,80.4,79.4,54.5,46.9,46.8,869.5,896.9,897.1,10.0,13.3,12.8,9.3,7.7,7.9,15.0,16.5,15.8,104.0,96.1,96.6,66.9,66.8,65.5,0.0,0.0,0.0,999.9,999.9,999.9,18,8.3,7.1
16585596,0723,74.2,80.4,79.7,52.0,46.9,46.6,869.5,896.9,897.1,10.0,13.3,12.8,9.9,7.7,7.9,10.1,16.4,15.7,99.0,96.2,96.8,57.9,66.7,65.6,0.0,0.0,0.0,999.9,999.9,999.9,18,8.4,7.1
16585596,0723,81.1,80.4,79.5,54.5,47.0,47.0,866.4,896.2,897.1,9.7,13.3,12.8,8.2,7.8,7.9,12.0,16.4,15.7,93.9,96.2,96.6,66.0,66.7,65.5,0.0,0.0,0.0,999.9,999.9,999.9,18,8.5,7.1
16585596,0723,88.1,80.4,79.3,45.2,47.0,46.9,999.9,896.2,892.7,9.7,13.3,12.8,5.3,7.8,7.9,15.9,16.4,15.5,102.0,96.2,96.4,62.2,66.8,65.5,0.0,0.0,0.0,999.9,999.9,999.9,16,8.5,7.7
16585596,0723,88.8,80.4,79.7,55.6,47.0,46.9,999.9,896.9,897.0,9.8,13.3,12.8,6.5,7.7,7.9,18.1,16.3,15.5,79.0,96.2,96.4,59.0,66.7,65.2,0.0,0.0,0.0,999.9,999.9,999.9,0,8.6,8.2
16585596,0723,85.4,80.5,80.1,48.9,47.1,46.9,875.8,896.9,901.3,10.0,13.3,12.8,6.3,7.7,7.9,14.0,16.3,15.8,93.0,96.1,95.7,66.9,66.6,65.1,0.33,0.0,0.0,999.9,999.9,999.9,0,8.6,8.2
16585596,0723,83.0,80.5,80.1,45.2,47.1,47.3,873.6,897.0,901.5,9.8,13.3,12.8,8.8,7.8,7.8,15.9,16.3,15.8,102.9,96.1,95.7,66.0,66.7,65.1,0.33,0.0,0.0,999.9,999.9,999.9,0,8.6,7.6
16585596,0723,87.8,80.4,80.3,36.2,47.1,47.2,872.7,897.0,901.5,9.8,13.3,12.6,8.2,7.8,7.8,12.0,16.3,15.5,102.0,96.1,96.1,66.0,66.7,64.8,0.0,0.0,0.0,999.9,999.9,999.9,0,8.6,7.6
16585596,0723,77.5,80.5,80.6,45.2,47.1,47.3,870.5,896.9,901.6,10.0,13.2,12.2,6.4,7.8,7.8,17.1,16.3,15.6,102.0,96.2,96.2,71.1,66.7,64.6,0.0,0.0,0.0,999.9,999.9,999.9,0,8.5,7.6
16585596,0723,62.0,80.4,80.6,54.1,47.0,47.0,872.4,897.0,901.6,10.0,13.1,12.2,10.2,7.7,7.7,26.0,16.3,15.1,89.1,96.3,96.7,72.0,66.7,65.2,0.0,0.0,0.0,999.9,999.9,999.9,0,8.5,7.6
16585596,0723,81.1,80.3,80.0,49.3,47.1,46.9,869.7,897.0,897.3,22.3,13.0,12.2,5.6,7.8,7.9,15.0,16.3,15.3,93.9,96.3,96.2,61.0,66.8,65.4,0.0,0.0,0.0,999.9,999.9,999.9,0,8.5,7.0
16585596,0723,80.9,80.4,80.1,45.0,47.2,47.0,872.4,897.0,897.3,9.9,13.0,12.6,6.5,7.8,7.9,19.0,16.3,15.4,93.9,96.4,95.9,71.1,66.8,65.3,0.0,0.0,0.0,999.9,999.9,999.9,0,8.5,7.0
16585596,0723,88.8,80.4,80.3,54.6,47.1,47.0,872.4,897.0,897.5,14.9,13.0,12.6,6.6,7.8,7.9,13.0,16.3,15.6,102.0,96.4,95.9,73.0,66.8,65.5,0.11,0.0,0.0,999.9,999.9,999.9,0,8.4,6.4
16585596,0723,78.4,80.4,80.4,47.2,47.2,47.6,873.1,897.0,897.5,10.0,13.1,12.8,6.2,7.8,7.8,15.9,16.3,15.6,100.0,96.4,96.1,61.0,66.8,65.6,0.0,0.0,0.0,999.9,999.9,999.9,18,8.4,6.4
16585596,0723,87.8,80.4,80.3,36.2,47.2,47.3,999.9,897.0,897.5,9.9,13.1,12.3,6.5,7.8,7.7,31.1,16.3,15.6,93.0,96.4,96.2,54.0,66.8,65.6,0.0,0.0,0.0,999.9,999.9,999.9,0,8.5,7.0
16585596,0723,62.0,80.4,80.6,45.2,47.1,47.0,999.9,897.7,901.7,10.0,13.1,12.3,4.9,7.8,7.7,13.0,16.4,15.9,95.0,96.4,96.0,73.0,66.8,65.3,0.14,0.0,0.0,999.9,999.9,999.9,0,8.5,6.9
16585596,0723,87.8,80.3,80.0,52.0,47.1,47.2,869.0,898.5,905.9,9.9,13.1,12.2,6.9,7.7,7.7,15.0,16.4,15.5,95.0,96.4,95.9,62.1,66.9,65.6,0.0,0.0,0.0,999.9,999.9,999.9,0,8.5,6.9
16585596,0723,77.5,80.3,80.3,54.5,47.2,47.6,873.0,898.4,905.8,10.0,13.0,11.8,6.3,7.8,7.6,12.0,16.4,15.5,89.1,96.4,95.6,73.9,66.8,65.7,0.0,0.0,0.0,999.9,999.9,999.9,0,8.2,6.9
16585596,0723,76.4,80.3,80.2,39.9,47.2,47.8,872.9,898.5,901.6,9.9,13.0,11.8,6.4,7.7,7.5,24.3,16.4,15.4,93.9,96.4,95.1,71.1,66.9,65.9,0.0,0.0,0.0,999.9,999.9,999.9,0,8.1,6.9
16585596,0723,85.2,80.3,80.4,49.2,47.2,47.3,873.0,897.8,901.7,41.0,13.0,11.8,5.6,7.7,7.4,13.0,16.4,15.6,95.0,96.4,94.8,73.9,66.9,66.0,0.0,0.0,0.0,999.9,999.9,999.9,18,7.8,5.3
16585596,0723,80.3,80.3,80.7,34.9,47.3,47.7,873.6,897.0,901.7,30.7,13.2,12.9,6.2,7.7,7.2,22.0,16.4,15.3,90.0,96.4,94.8,75.9,67.0,66.7,0.0,0.0,0.0,999.9,999.9,999.9,0,7.8,5.9
16585596,0723,82.8,80.2,80.4,52.0,47.2,46.9,873.1,897.1,897.5,10.0,13.2,12.6,6.9,7.7,7.2,26.0,16.4,15.4,99.0,96.4,95.2,63.0,67.0,66.9,0.33,0.0,0.0,999.9,999.9,999.9,0,7.6,5.3
16585596,0723,78.3,80.3,80.4,45.0,47.3,46.7,999.9,897.1,897.5,22.3,13.2,12.6,5.3,7.7,7.2,18.1,16.5,15.9,88.7,96.4,95.1,59.0,67.0,66.5,0.03,0.0,0.1,999.9,999.9,999.9,0,7.5,4.7
16585596,0723,85.4,80.3,80.3,48.9,47.3,47.0,873.0,897.8,901.8,10.0,13.3,13.0,6.5,7.7,7.1,24.3,16.5,16.1,102.9,96.3,95.0,73.9,67.0,66.3,0.03,0.0,0.0,999.9,999.9,999.9,48,7.5,4.7
16585596,0723,89.6,80.4,80.6,54.6,47.3,46.9,871.5,897.1,901.8,9.9,13.1,13.0,9.8,7.7,7.0,18.1,16.5,16.4,87.1,96.3,95.5,75.9,67.0,66.7,0.0,0.0,0.0,999.9,999.9,999.9,16,7.6,6.3
16585596,0723,81.8,80.5,81.1,49.2,47.4,47.0,999.9,896.4,897.5,10.0,13.1,12.6,9.8,7.7,7.1,17.1,16.6,16.6,93.9,96.2,95.1,70.0,67.1,67.1,0.0,0.0,0.0,999.9,999.9,999.9,0,7.6,6.9
16585596,0723,83.0,80.5,81.1,54.5,47.4,47.5,999.9,897.1,901.7,9.9,13.1,12.6,9.6,7.7,7.3,18.1,16.6,16.7,93.9,96.2,94.9,66.2,67.1,67.3,0.11,0.0,0.0,999.9,999.9,999.9,18,7.5,6.3
16585596,0723,89.2,80.5,81.5,49.2,47.5,48.0,871.5,897.1,906.0,22.2,13.1,12.6,6.6,7.7,7.2,22.0,16.6,16.9,99.0,96.2,95.0,71.1,67.1,67.1,0.0,0.0,0.0,999.9,999.9,999.9,18,7.5,6.9
16585596,0723,74.2,80.5,81.9,46.5,47.5,48.2,999.9,897.1,906.0,10.0,13.2,13.0,10.2,7.7,7.1,18.1,16.7,17.1,102.9,96.2,95.3,70.0,67.1,67.4,0.0,0.0,0.0,999.9,999.9,999.9,0,7.6,7.5
16585596,0723,85.2,80.6,81.5,36.2,47.4,48.2,873.1,897.1,910.3,10.0,13.2,13.1,6.2,7.7,7.2,18.1,16.7,17.4,95.0,96.3,95.5,71.1,67.1,67.6,0.0,0.0,0.0,999.9,999.9,999.9,18,7.5,7.5
16585596,0723,77.5,80.6,81.6,37.5,47.4,47.9,871.5,897.1,906.0,39.8,13.2,13.1,10.1,7.7,7.3,18.1,16.7,17.6,102.9,96.3,95.7,68.0,67.2,67.5,0.33,0.0,0.0,999.9,999.9,999.9,0,7.6,7.5
16585596,0723,76.4,80.6,81.4,40.5,47.3,47.3,870.0,897.1,906.1,14.9,13.4,14.0,9.8,7.7,7.3,18.1,16.7,17.7,90.0,96.3,95.6,61.0,67.1,67.5,0.0,0.0,0.1,999.9,999.9,999.9,48,7.6,6.9
16585596,0723,79.3,80.6,81.4,39.9,47.3,46.9,868.1,897.1,906.1,10.0,13.4,14.2,10.1,7.7,7.3,15.9,16.7,18.0,93.0,96.2,95.3,57.9,67.1,67.6,0.0,0.0,0.1,999.9,999.9,999.9,18,7.9,7.9
16585596,0723,85.4,80.6,81.4,52.0,47.3,46.4,870.0,896.4,906.2,10.0,13.4,14.2,8.7,7.8,7.3,34.0,16.8,18.1,102.9,96.2,95.3,62.1,67.1,67.3,0.0,0.0,0.1,999.9,999.9,999.9,0,7.9,7.9
16585596,0723,76.7,80.7,81.3,47.1,47.4,46.6,870.0,896.4,901.8,14.9,13.4,14.2,6.2,7.7,7.5,10.1,16.9,18.7,99.0,96.3,95.3,66.9,67.1,67.3,0.0,0.0,0.1,999.9,999.9,999.9,0,7.9,7.3
16585596,0723,80.3,80.6,80.9,57.5,47.3,46.4,875.8,896.4,897.5,10.0,13.4,14.4,3.7,7.7,7.4,17.1,16.8,18.5,91.9,96.3,96.0,62.1,67.1,67.6,0.03,0.0,0.1,999.9,999.9,999.9,0,7.9,7.3
16585596,0723,79.9,80.6,80.7,49.3,47.3,46.6,872.4,895.7,897.5,10.0,13.4,14.4,10.2,7.7,7.4,15.9,16.7,18.6,93.9,96.3,96.0,62.2,67.0,67.4,0.0,0.0,0.0,999.9,999.9,999.9,0,7.9,7.3
16585596,0723,81.1,80.6,80.6,47.1,47.3,46.8,866.4,895.7,897.5,20.3,13.4,14.4,5.3,7.7,7.4,24.1,16.7,18.6,89.1,96.3,95.7,62.2,67.0,67.3,0.11,0.0,0.0,999.9,999.9,999.9,0,7.8,7.3
16585596,0723,89.6,80.6,80.4,45.2,47.3,47.1,866.4,895.7,897.3,39.8,13.5,14.8,9.8,7.7,7.3,11.1,16.8,19.0,90.0,96.2,95.2,72.0,67.1,67.2,0.0,0.0,0.0,999.9,999.9,999.9,48,7.8,7.3
16585596,0723,77.5,80.6,80.8,47.1,47.2,47.1,999.9,894.9,897.1,10.0,13.6,15.8,11.6,7.7,7.4,10.1,16.8,18.8,104.0,96.3,94.8,62.1,67.1,67.2,0.0,0.0,0.0,999.9,999.9,999.9,2,8.1,8.9
16585596,0723,80.7,80.6,81.3,34.9,47.2,46.9,872.4,895.6,901.4,10.0,13.6,15.8,8.1,7.7,7.5,15.9,16.7,18.3,102.0,96.3,95.3,61.0,67.1,66.9,0.0,0.0,0.0,999.9,999.9,999.9,0,8.0,9.0
16585596,0723,77.5,80.6,81.3,57.6,47.1,46.4,873.0,894.9,901.5,14.9,13.6,15.3,10.6,7.8,7.6,11.1,16.7,18.3,89.1,96.3,95.6,66.0,67.0,66.9,0.0,0.0,0.0,999.9,999.9,999.9,18,8.0,9.0
16585596,0723,89.2,80.5,81.2,40.5,47.2,46.8,870.0,894.9,901.5,10.0,13.6,15.5,10.2,7.8,7.7,13.0,16.6,18.0,98.1,96.3,95.4,75.0,67.0,66.7,0.14,0.0,0.0,999.9,999.9,999.9,0,8.0,9.6
16585596,0723,81.8,80.5,81.2,34.9,47.1,46.4,868.1,894.9,901.4,9.9,13.6,15.3,5.1,7.8,7.8,14.0,16.7,18.0,102.0,96.3,95.3,73.9,67.1,66.8,0.0,0.0,0.0,999.9,999.9,999.9,18,8.0,9.6
16585596,0723,74.2,80.5,81.3,41.4,46.9,46.0,999.9,894.9,901.2,9.9,13.6,15.3,8.1,7.8,7.8,18.1,16.7,18.0,102.9,96.3,95.4,68.0,67.1,67.2,0.0,0.0,0.0,999.9,999.9,999.9,0,8.0,9.6
16585596,0723,76.7,80.5,80.9,33.1,47.0,46.1,866.4,895.6,901.2,10.0,13.6,15.3,8.8,7.8,7.8,19.0,16.7,17.5,93.0,96.4,95.7,66.0,67.1,67.7,0.0,0.0,0.0,999.9,999.9,999.9,18,8.0,9.6
16585596,0723,81.1,80.4,81.3,46.5,47.0,45.7,869.6,894.9,896.8,10.0,13.6,15.3,6.2,7.8,8.0,18.1,16.7,17.7,100.0,96.4,95.6,61.0,67.1,67.5,0.01,0.0,0.0,999.9,999.9,999.9,18,8.0,10.2
16585596,0723,81.8,80.5,81.1,57.2,47.0,45.6,873.6,894.9,896.8,10.0,13.6,15.3,4.9,7.8,7.9,31.1,16.7,17.8,95.0,96.4,95.8,57.9,67.0,67.4,0.11,0.0,0.0,999.9,999.9,999.9,0,8.1,10.8
16585596,0723,88.1,80.4,81.3,52.0,47.0,45.6,869.5,894.9,896.8,14.9,13.6,15.3,6.9,7.8,7.9,15.9,16.8,18.5,102.9,96.4,96.0,61.0,67.0,66.9,0.0,0.0,0.0,999.9,999.9,999.9,0,8.0,10.8
16585596,0723,80.7,80.5,81.7,46.5,47.1,46.1,872.4,894.9,896.7,10.0,13.6,15.5,6.4,7.8,7.9,14.0,16.8,18.2,104.0,96.5,96.3,73.0,67.0,66.5,0.0,0.0,0.0,999.9,999.9,999.9,18,7.9,10.8
16585596,0723,80.3,80.5,81.5,34.9,47.1,46.0,866.4,894.9,896.7,14.9,13.6,14.5,9.8,7.8,7.9,20.0,16.8,18.2,102.0,96.6,96.6,75.9,67.0,66.5,0.03,0.0,0.0,999.9,999.9,999.9,18,8.0,10.8
16585596,0723,80.7,80.4,81.5,45.2,47.0,46.0,873.1,894.9,896.5,9.9,13.6,13.9,6.2,7.8,8.1,10.1,16.8,18.2,99.0,96.6,97.0,63.0,67.1,66.5,0.0,0.0,0.0,999.9,999.9,999.9,0,8.1,11.4
16585596,0723,76.8,80.4,81.4,44.1,46.9,45.7,869.7,894.9,896.5,30.7,13.6,13.9,7.8,7.7,8.0,18.1,16.8,17.6,102.9,96.7,97.0,66.9,67.1,66.5,0.0,0.0,0.0,999.9,999.9,999.9,18,8.1,11.4
16585596,0723,81.8,80.4,81.4,44.1,46.8,45.7,872.4,894.9,892.1,10.0,13.7,14.2,4.9,7.8,8.1,31.1,16.8,17.6,79.0,96.7,97.5,70.0,67.1,66.8,0.0,0.0,0.0,999.9,999.9,999.9,0,8.1,12.0
16585596,0723,78.4,80.4,81.3,50.2,46.9,45.5,999.9,894.2,892.1,10.0,13.7,14.2,8.7,7.7,8.1,34.0,16.9,17.9,93.0,96.6,96.7,64.9,67.1,66.6,0.0,0.0,0.0,999.9,999.9,999.9,2,8.0,10.4
16585596,0723,78.3,80.3,80.9,41.2,46.8,45.4,868.1,894.9,896.4,9.9,13.7,14.2,6.4,7.8,8.0,12.0,17.0,18.4,104.0,96.6,96.9,68.0,67.1,66.3,0.0,0.0,0.0,999.9,999.9,999.9,18,8.0,9.9
16585596,0723,81.1,80.3,80.8,40.5,46.7,45.1,872.7,894.9,892.0,10.0,13.7,14.2,9.8,7.8,7.9,19.0,17.0,18.2,93.0,96.6,97.2,66.9,67.1,66.2,0.0,0.0,0.0,999.9,999.9,999.9,18,8.1,10.5
16585596,0723,76.7,80.3,80.7,41.2,46.8,44.7,872.4,894.9,887.7,30.7,13.7,14.2,5.6,7.8,7.9,19.0,17.0,18.2,90.0,96.6,97.2,61.0,67.1,66.2,0.0,0.0,0.0,999.9,999.9,999.9,0,8.2,10.5
16585596,0723,80.9,80.3,80.3,55.6,46.8,44.4,999.9,894.9,887.8,9.9,13.8,14.5,8.2,7.7,7.9,18.1,16.9,18.1,100.0,96.6,96.9,71.1,67.0,65.9,0.11,0.0,0.0,999.9,999.9,999.9,0,8.1,9.9
16585596,0723,88.1,80.3,80.5,44.6,46.8,44.7,873.5,895.6,887.8,14.9,13.6,14.5,6.9,7.8,7.8,19.0,17.0,18.1,102.0,96.6,96.8,62.1,67.0,65.9,0.01,0.0,0.0,999.9,999.9,999.9,0,8.0,9.9
16585596,0723,62.0,80.3,80.6,50.9,46.8,45.0,869.5,895.6,887.8,10.0,13.6,14.7,6.5,7.7,7.8,19.0,17.0,18.2,90.0,96.7,97.0,66.9,66.9,65.6,0.0,0.0,0.0,999.9,999.9,999.9,18,7.9,9.3
16585596,0723,69.7,80.3,80.1,58.4,46.7,45.4,873.5,895.6,887.7,13.5,13.6,13.7,10.2,7.7,7.7,11.1,17.0,18.2,95.0,96.7,96.6,70.0,66.9,65.6,0.02,0.0,0.0,999.9,999.9,999.9,48,8.0,9.9
16585596,0723,74.2,80.2,79.9,50.9,46.8,46.0,875.8,895.6,887.8,10.0,13.7,13.6,8.8,7.8,7.7,19.0,16.9,18.0,104.0,96.6,96.8,64.9,66.9,65.9,0.0,0.0,0.0,999.9,999.9,999.9,18,8.2,9.9
16585596,0723,83.0,80.3,79.7,46.5,46.8,46.4,875.8,895.6,888.1,9.8,13.7,13.6,7.8,7.8,7.7,19.0,16.9,18.1,88.7,96.6,97.1,75.0,66.9,66.1,0.02,0.0,0.0,999.9,999.9,999.9,0,8.3,9.9
16585596,0723,62.0,80.3,79.6,52.0,46.9,46.2,873.1,895.6,888.3,20.3,13.7,13.6,5.6,7.8,7.7,31.1,16.9,17.6,99.0,96.6,96.7,62.1,67.0,66.6,0.14,0.0,0.0,999.9,999.9,999.9,0,8.3,9.9
16585596,0723,87.8,80.2,79.1,57.6,46.9,46.4,875.8,895.6,888.4,10.0,13.7,13.8,7.8,7.8,7.6,11.1,17.0,18.3,102.9,96.7,96.7,75.0,67.0,66.4,0.0,0.0,0.0,999.9,999.9,999.9,18,8.3,9.9
16585596,0723,79.9,80.2,79.4,44.6,46.9,46.4,869.0,895.6,888.4,10.0,13.7,13.8,9.5,7.8,7.8,11.1,16.9,18.1,93.0,96.7,97.0,68.0,67.1,66.8,0.33,0.0,0.0,999.9,999.9,999.9,0,8.4,10.5
16585596,0723,82.8,80.2,79.4,45.2,46.9,46.2,871.0,895.6,888.3,13.5,13.7,13.8,8.7,7.8,7.8,20.0,16.9,17.9,90.0,96.6,97.0,73.9,67.0,67.0,0.0,0.0,0.0,999.9,999.9,999.9,18,8.4,10.5
16585596,0723,74.2,80.2,79.4,45.2,46.9,46.2,872.4,895.6,888.4,39.8,13.7,13.6,10.6,7.8,7.9,10.1,16.9,17.8,93.9,96.6,97.0,63.0,67.0,67.4,0.0,0.0,0.0,999.9,999.9,999.9,18,8.5,11.1
16585596,0723,86.6,80.1,78.9,49.3,46.8,46.2,866.4,894.9,888.6,10.0,13.9,13.6,6.4,7.8,7.9,10.1,16.9,17.7,88.7,96.6,97.1,72.0,67.0,67.1,0.0,0.0,0.0,999.9,999.9,999.9,0,8.6,10.1
16585596,0723,87.8,80.2,79.2,50.2,46.8,46.2,999.9,894.9,884.2,10.0,13.9,13.6,6.2,7.8,7.7,11.1,16.8,17.7,99.0,96.6,96.6,66.0,67.0,67.4,0.0,0.0,0.0,999.9,999.9,999.9,18,8.5,10.1
16585596,0723,85.2,80.2,79.5,48.9,46.8,46.7,870.0,895.6,888.4,10.0,13.9,13.6,4.7,7.7,7.7,19.0,16.7,17.6,99.0,96.6,96.5,66.0,66.9,67.6,0.0,0.0,0.0,999.9,999.9,999.9,0,8.6,10.7
16585596,0723,69.7,80.3,79.7,57.2,46.8,46.4,869.5,894.9,888.3,22.3,13.9,13.4,6.3,7.7,7.5,14.0,16.7,17.8,95.0,96.6,96.9,61.0,66.9,67.6,0.0,0.0,0.0,999.9,999.9,999.9,0,8.6,10.1
16585596,0723,87.8,80.2,79.1,41.4,46.8,47.0,873.0,894.9,888.3,9.9,14.0,13.8,5.3,7.7,7.3,31.1,16.7,17.9,95.0,96.6,96.8,62.1,66.8,67.1,0.0,0.0,0.0,999.9,999.9,999.9,2,8.5,10.1
16585596,0723,79.3,80.2,79.3,45.2,46.8,47.2,870.5,894.2,888.5,9.9,14.0,13.8,6.5,7.7,7.3,18.1,16.7,18.4,99.0,96.6,96.5,66.9,66.7,66.8,0.0,0.0,0.0,999.9,999.9,999.9,0,8.5,9.5
16585596,0723,77.5,80.2,79.5,44.1,46.8,47.3,869.5,894.2,884.2,10.0,14.0,13.8,8.8,7.7,7.3,15.9,16.7,18.4,95.0,96.6,96.4,72.0,66.7,66.7,0.14,0.0,0.0,999.9,999.9,999.9,0,8.5,9.5
16585596,0723,82.7,80.2,79.5,39.9,46.8,47.7,870.4,894.2,884.3,10.0,14.0,13.8,6.2,7.7,7.3,15.9,16.6,18.3,95.0,96.6,96.5,59.0,66.8,66.9,0.33,0.0,0.0,999.9,999.9,999.9,0,8.5,8.9
16585596,0723,83.0,80.2,79.5,49.2,46.8,47.5,872.7,894.2,884.3,9.7,14.0,13.8,9.3,7.7,7.3,14.0,16.6,18.3,95.0,96.5,96.3,66.0,66.7,66.8,0.14,0.0,0.0,999.9,999.9,999.9,2,8.5,8.3
16585596,0723,77.5,80.2,79.6,57.2,46.8,47.2,870.0,893.5,884.3,9.9,13.9,13.8,3.7,7.7,7.4,12.0,16.6,17.7,102.9,96.5,96.3,70.0,66.7,67.1,0.01,0.0,0.0,999.9,999.9,999.9,0,8.4,8.4
16585596,0723,81.1,80.2,79.2,50.9,46.8,47.4,873.5,893.5,884.3,9.9,13.9,13.6,6.2,7.7,7.3,10.1,16.6,17.6,102.0,96.7,96.3,71.1,66.7,67.4,0.0,0.0,0.0,999.9,999.9,999.9,0,8.4,8.4
16585596,0723,79.3,80.3,79.2,49.3,46.9,47.5,869.5,893.5,884.3,22.3,13.9,13.6,4.9,7.6,7.3,26.0,16.6,17.4,104.0,96.7,96.2,75.9,66.7,67.4,0.0,0.0,0.0,999.9,999.9,999.9,2,8.3,7.8
16585596,0723,85.2,80.2,79.2,45.2,46.9,48.0,999.9,892.7,884.4,20.3,13.9,13.9,9.6,7.6,7.1,13.0,16.7,17.6,102.0,96.7,96.3,57.0,66.7,67.4,0.0,0.0,0.0,999.9,999.9,999.9,18,8.2,7.3
16585596,0723,76.8,80.3,79.3,48.9,46.9,48.0,999.9,893.4,888.6,9.8,14.0,14.2,9.6,7.6,7.3,8.9,16.7,17.7,91.9,96.7,96.4,75.9,66.6,67.2,0.15,0.0,0.0,999.9,999.9,999.9,18,8.3,7.9
16585596,0723,82.7,80.3,79.3,45.2,46.9,48.2,999.9,894.1,893.0,9.9,14.0,13.5,4.7,7.6,7.3,13.0,16.6,17.4,95.0,96.7,96.0,66.2,66.7,67.5,0.0,0.0,0.0,999.9,999.9,999.9,18,8.4,7.9
16585596,0723,79.3,80.3,79.4,33.1,46.8,48.2,999.9,894.9,897.2,10.0,14.0,13.5,4.9,7.6,7.3,24.3,16.6,16.8,102.9,96.7,96.6,66.0,66.7,67.3,0.0,0.0,0.0,999.9,999.9,999.9,18,8.5,8.5
16585596,0723,62.0,80.3,79.4,46.5,46.8,47.7,999.9,895.6,897.2,20.3,14.0,13.5,9.8,7.6,7.2,12.0,16.7,16.5,102.9,96.7,96.9,66.0,66.7,67.4,0.0,0.0,0.0,999.9,999.9,999.9,0,8.3,9.0
16585596,0723,82.8,80.1,78.9,45.0,46.8,47.8,999.9,896.3,901.6,41.0,14.0,13.9,10.1,7.6,7.3,24.3,16.7,16.5,99.0,96.7,96.9,62.1,66.7,67.3,0.0,0.0,0.0,999.9,999.9,999.9,0,8.3,8.4
16585596,0723,76.8,80.1,78.9,41.6,46.8,48.0,999.9,897.0,905.9,30.7,14.2,14.9,8.8,7.6,7.3,10.1,16.6,16.7,95.0,96.8,97.1,66.0,66.7,67.1,0.0,0.0,0.0,999.9,999.9,999.9,0,8.2,7.8
16585596,0723,76.8,80.0,78.9,52.0,46.8,48.0,870.4,897.7,910.1,14.9,14.2,14.9,4.7,7.7,7.4,11.1,16.6,16.4,89.1,96.7,97.2,73.9,66.7,67.3,0.0,0.0,0.0,999.9,999.9,999.9,18,8.2,7.8
16585596,0723,82.8,80.0,78.8,45.0,46.8,47.9,870.0,897.7,905.8,20.3,14.3,15.1,10.4,7.6,7.3,18.1,16.5,16.1,102.0,96.7,96.9,61.0,66.7,67.4,0.0,0.0,0.0,999.9,999.9,999.9,16,8.3,8.4
16585596,0723,85.4,80.0,78.6,57.5,46.7,47.9,870.4,897.7,905.7,9.9,14.3,15.3,10.1,7.7,7.4,19.0,16.5,16.1,104.0,96.7,96.9,66.9,66.7,67.4,0.0,0.0,0.0,999.9,999.9,999.9,0,8.4,8.9
16585596,0723,82.3,80.0,79.4,57.2,46.8,48.1,999.9,897.7,905.7,9.7,14.2,15.3,7.8,7.7,7.5,15.9,16.6,16.1,102.0,96.8,97.3,61.0,66.7,67.4,0.03,0.0,0.0,999.9,999.9,999.9,18,8.3,8.3
16585596,0723,78.4,80.1,79.8,49.3,46.9,48.1,999.9,898.4,909.9,9.9,14.2,15.1,8.1,7.7,7.5,18.1,16.6,16.3,102.0,96.8,97.6,73.9,66.7,67.1,0.0,0.0,0.0,999.9,999.9,999.9,18,8.4,7.3
16585596,0723,82.3,80.1,80.0,50.2,46.9,48.0,875.8,898.4,914.1,13.5,14.2,15.1,9.8,7.7,7.4,15.9,16.6,16.3,99.0,96.9,97.5,66.0,66.7,67.4,0.01,0.0,0.0,999.9,999.9,999.9,0,8.4,7.3
16585596,0723,82.8,80.1,79.9,44.6,46.9,48.1,868.1,897.7,914.1,9.8,14.1,15.3,9.3,7.7,7.5,14.0,16.6,16.1,95.0,96.9,97.8,61.0,66.7,67.1,0.0,0.0,0.0,999.9,999.9,999.9,18,8.4,7.3
16585596,0723,76.8,80.1,80.6,47.2,46.8,47.9,873.0,897.7,913.9,20.3,14.1,14.9,7.8,7.6,7.6,34.0,16.5,15.6,95.0,96.9,97.7,66.0,66.6,67.0,0.0,0.0,0.0,999.9,999.9,999.9,0,8.4,7.9
16585596,0723,79.9,80.1,80.3,40.5,46.8,47.5,872.4,897.0,913.8,14.9,14.1,15.2,9.3,7.6,7.6,15.0,16.6,16.3,102.0,96.8,97.4,64.9,66.6,66.7,0.11,0.0,0.0,999.9,999.9,999.9,48,8.4,7.3
16585596,0723,86.8,80.1,80.3,33.1,46.8,47.4,869.0,896.3,913.9,10.0,14.1,15.4,9.5,7.6,7.6,22.0,16.6,16.5,102.0,96.8,97.7,70.0,66.6,66.6,0.0,0.0,0.0,999.9,999.9,999.9,18,8.6,8.9
16585596,0723,62.0,80.1,80.4,54.1,46.8,47.0,872.4,896.3,913.9,10.0,14.1,15.3,5.6,7.6,7.6,8.9,16.7,16.5,90.0,96.9,98.1,61.0,66.6,66.5,0.0,0.0,0.0,999.9,999.9,999.9,0,8.7,8.9
16585596,0723,78.4,80.1,80.0,55.6,46.9,47.3,870.4,896.3,913.9,9.9,13.9,14.3,6.9,7.6,7.5,22.0,16.7,16.5,93.9,96.8,98.0,66.0,66.6,66.4,0.0,0.0,0.0,999.9,999.9,999.9,18,8.7,8.3
16585596,0723,81.8,80.1,79.7,54.1,46.9,47.5,869.5,896.3,914.0,14.9,13.9,14.3,9.6,7.7,7.5,22.0,16.7,16.9,93.0,96.8,98.2,73.9,66.6,66.2,0.14,0.0,0.0,999.9,999.9,999.9,2,8.5,8.9
16585596,0723,87.8,80.1,79.5,37.5,46.9,47.6,869.0,896.3,909.6,10.0,13.9,14.5,8.2,7.7,7.6,10.1,16.7,17.3,93.0,96.8,98.0,61.0,66.6,66.5,0.01,0.0,0.0,999.9,999.9,999.9,0,8.5,8.4
16585596,0723,79.3,80.1,79.6,58.4,46.9,47.3,869.5,895.6,909.6,10.0,13.9,14.5,7.8,7.7,7.7,20.0,16.7,17.0,90.0,96.7,97.8,70.0,66.6,66.3,0.0,0.0,0.0,999.9,999.9,999.9,18,8.5,8.4
16585596,0723,82.7,80.2,79.9,33.1,46.9,47.3,870.5,895.6,909.6,22.3,13.9,14.1,4.7,7.7,7.8,13.0,16.8,17.2,95.0,96.7,97.6,66.0,66.6,66.6,0.0,0.0,0.0,999.9,999.9,999.9,18,8.5,9.0
16585596,0723,81.1,80.2,79.7,33.1,46.9,47.0,869.5,895.5,909.5,10.0,14.0,14.5,6.9,7.7,7.8,22.0,16.8,16.6,93.9,96.7,97.6,70.0,66.6,66.8,0.0,0.0,0.0,999.9,999.9,999.9,18,8.6,9.5
16585596,0723,77.5,80.2,79.8,58.4,46.8,46.6,869.5,895.5,909.5,9.9,14.0,14.5,5.3,7.7,7.8,15.0,16.8,16.7,95.0,96.7,97.5,71.1,66.7,66.9,0.0,0.0,0.0,999.9,999.9,999.9,0,8.6,10.1
16585596,0723,74.2,80.1,79.8,45.2,46.9,47.1,870.4,895.5,909.5,9.9,14.0,14.5,10.2,7.7,7.7,15.0,16.7,16.7,95.0,96.7,97.5,66.9,66.7,66.8,0.0,0.0,0.0,999.9,999.9,999.9,18,8.5,10.1
16585596,0723,89.2,80.1,79.5,33.1,46.8,47.3,868.1,895.5,909.5,10.0,14.0,14.5,9.3,7.7,7.8,11.1,16.7,16.6,99.0,96.6,97.5,73.9,66.7,67.1,0.0,0.0,0.0,999.9,999.9,999.9,0,8.6,10.7
16585596,0723,79.3,80.2,79.7,44.1,46.8,46.7,999.9,895.5,909.3,9.9,13.9,14.5,5.1,7.7,7.8,20.0,16.7,16.5,91.9,96.6,97.6,66.0,66.7,67.4,0.0,0.0,0.0,999.9,999.9,999.9,0,8.5,10.7
16585596,0723,80.3,80.2,79.8,36.2,46.7,46.3,873.6,896.2,913.7,10.0,13.9,14.5,8.7,7.7,7.8,15.0,16.7,16.8,98.1,96.6,97.2,71.1,66.7,67.2,0.0,0.0,0.0,999.9,999.9,999.9,0,8.5,10.7
16585596,0723,81.1,80.2,79.8,55.9,46.7,45.8,872.9,896.2,913.7,10.0,13.9,14.5,6.5,7.7,7.9,15.0,16.6,17.0,88.7,96.6,97.1,71.1,66.7,67.2,0.0,0.0,0.0,999.9,999.9,999.9,0,8.5,10.7
16585596,0723,89.6,80.1,79.8,45.2,46.8,46.0,869.5,896.2,913.8,9.9,13.9,14.1,6.9,7.7,8.0,24.1,16.6,16.6,95.0,96.5,96.6,66.9,66.7,67.1,0.0,0.0,0.0,999.9,999.9,999.9,0,8.4,10.6
16585596,0723,74.2,80.2,80.0,45.2,46.8,46.0,872.4,896.2,909.4,14.9,13.9,13.7,6.9,7.7,7.9,11.1,16.7,17.0,99.0,96.5,96.3,72.0,66.7,67.4,0.0,0.0,0.0,999.9,999.9,999.9,0,8.3,10.0
16585596,0723,78.3,80.2,79.9,49.3,46.9,45.9,870.4,896.2,905.2,9.9,13.9,13.9,5.1,7.7,7.8,24.3,16.7,17.0,102.9,96.5,96.6,75.9,66.7,67.3,0.0,0.0,0.0,999.9,999.9,999.9,0,8.2,9.4
16585596,0723,77.1,80.1,79.7,49.2,46.8,46.0,873.6,895.5,900.9,13.5,13.9,13.9,11.6,7.6,7.8,13.0,16.7,17.4,95.0,96.6,96.8,57.0,66.8,67.6,0.0,0.0,0.0,999.9,999.9,999.9,0,8.2,8.8
16585596,0723,82.3,80.1,79.7,44.1,46.8,46.6,873.1,895.5,896.7,10.0,13.9,14.0,9.9,7.7,8.0,15.9,16.7,17.0,93.9,96.5,96.6,66.2,66.8,67.3,0.0,0.0,0.0,999.9,999.9,999.9,18,8.2,8.2
16585596,0723,80.3,80.1,80.3,44.6,46.8,46.5,868.1,895.6,892.4,9.9,13.8,13.7,6.3,7.7,8.0,18.1,16.7,17.2,90.0,96.5,96.3,70.0,66.8,67.3,0.0,0.0,0.0,999.9,999.9,999.9,18,8.3,8.8
16585596,0723,89.2,80.1,80.3,55.6,46.8,46.5,873.5,895.6,888.0,41.0,13.6,12.6,10.4,7.6,7.9,34.0,16.8,17.0,95.0,96.5,96.0,66.9,66.8,67.6,0.0,0.0,0.0,999.9,999.9,999.9,2,8.4,9.4
16585596,0723,76.4,80.1,80.7,41.2,46.8,47.0,873.1,895.6,883.8,30.7,13.6,13.0,6.2,7.7,8.0,19.0,16.9,17.8,104.0,96.5,96.0,75.9,66.8,67.6,0.11,0.0,0.0,999.9,999.9,999.9,0,8.3,9.5
16585596,0723,89.6,80.1,80.7,45.0,46.8,46.6,999.9,895.6,883.9,10.0,13.6,13.5,10.2,7.6,8.0,12.0,16.9,18.0,102.9,96.5,96.5,66.9,66.8,67.7,0.0,0.0,0.0,999.9,999.9,999.9,0,8.2,8.9
16585596,0723,81.1,80.2,80.9,54.5,46.8,46.6,866.4,896.3,888.2,9.8,13.6,13.2,10.1,7.7,8.0,8.9,16.9,17.8,102.0,96.6,96.5,66.0,66.8,67.8,0.0,0.0,0.0,999.9,999.9,999.9,0,8.2,8.3
16585596,0723,82.8,80.2,80.7,54.6,46.9,46.5,869.0,896.3,888.1,9.9,13.6,13.2,4.9,7.7,8.0,15.0,16.9,17.5,89.1,96.6,96.4,62.2,66.8,67.8,0.0,0.0,0.0,999.9,999.9,999.9,2,8.1,8.3
16585596,0723,85.4,80.3,80.8,41.4,46.9,46.4,871.5,896.2,883.7,22.2,13.6,13.2,6.4,7.7,7.9,14.0,16.9,17.4,99.0,96.5,96.0,66.2,66.8,67.9,0.01,0.0,0.0,999.9,999.9,999.9,18,8.0,7.8
16585596,0723,80.9,80.3,81.0,47.2,46.9,46.1,999.9,896.2,879.5,9.9,13.6,13.6,8.2,7.7,7.8,13.0,16.9,17.3,91.9,96.5,95.9,61.0,66.8,67.6,0.0,0.0,0.0,999.9,999.9,999.9,18,8.0,7.8
16585596,0723,81.8,80.3,80.9,57.6,46.9,46.0,999.9,897.0,883.6,9.7,13.6,13.4,9.5,7.7,7.8,19.0,16.9,17.2,98.1,96.5,95.7,59.0,66.7,67.4,0.0,0.0,0.0,999.9,999.9,999.9,0,8.1,8.4
16585596,0723,82.7,80.3,80.9,47.1,46.9,46.5,869.5,897.7,888.0,22.3,13.6,13.4,9.6,7.7,7.8,12.0,16.9,17.4,95.0,96.5,95.8,59.0,66.6,67.4,0.0,0.0,0.0,999.9,999.9,999.9,0,8.1,7.8
16585596,0723,74.2,80.3,81.1,44.6,46.8,46.5,872.9,897.7,887.9,10.0,13.7,13.5,5.6,7.7,7.9,18.1,16.9,16.6,79.0,96.6,95.8,59.0,66.6,67.1,0.0,0.0,0.0,999.9,999.9,999.9,0,7.8,7.8
16585596,0723,76.7,80.4,80.9,49.2,46.9,46.6,872.4,897.7,887.9,10.0,13.7,13.3,8.8,7.7,7.7,8.9,16.9,16.8,93.9,96.4,95.0,70.0,66.5,66.9,0.11,0.0,0.0,999.9,999.9,999.9,16,7.7,6.2
16585596,0723,80.7,80.5,80.6,44.6,46.9,47.1,868.1,897.7,888.0,39.8,13.7,13.3,9.8,7.7,7.7,11.1,16.9,16.3,89.1,96.4,94.7,66.2,66.6,66.9,0.0,0.0,0.0,999.9,999.9,999.9,0,7.8,6.1
16585596,0723,80.3,80.4,81.2,57.2,46.9,46.8,871.4,897.7,887.9,9.9,13.9,14.3,9.9,7.7,7.9,20.0,16.8,16.4,93.9,96.4,94.7,64.9,66.6,67.1,0.0,0.0,0.0,999.9,999.9,999.9,0,7.7,6.1
16585596,0723,85.4,80.4,81.3,41.4,46.9,46.9,872.7,897.7,887.9,10.0,13.8,14.3,8.7,7.7,8.0,15.9,16.9,16.3,91.9,96.4,94.7,68.0,66.6,67.1,0.03,0.0,0.0,999.9,999.9,999.9,0,7.7,5.5
16585596,0723,86.6,80.4,81.4,54.5,46.8,46.5,873.6,897.7,888.0,9.7,13.8,14.2,9.5,7.7,7.9,14.0,16.9,16.1,95.0,96.3,94.7,62.1,66.6,66.9,0.0,0.0,0.0,999.9,999.9,999.9,0,7.6,5.5
16585596,0723,81.8,80.4,81.3,47.1,46.8,47.0,869.6,897.7,888.2,10.0,13.8,14.2,8.2,7.7,8.0,26.0,16.9,16.2,102.9,96.3,94.7,71.1,66.5,66.9,0.17,0.0,0.0,999.9,999.9,999.9,0,7.6,5.5
16585596,0723,81.8,80.4,81.4,55.6,46.8,46.6,870.4,897.7,888.2,20.3,13.8,14.2,9.8,7.7,8.0,15.9,16.9,16.4,95.0,96.4,95.2,71.1,66.6,67.0,0.0,0.0,0.0,999.9,999.9,999.9,18,7.6,4.9
16585596,0723,74.2,80.5,81.4,45.0,46.9,47.4,871.4,897.7,888.2,10.0,13.9,14.1,6.9,7.7,8.2,18.1,16.9,16.5,89.1,96.3,95.2,71.1,66.5,67.1,0.0,0.0,0.0,999.9,999.9,999.9,0,7.7,4.9
16585596,0723,82.7,80.4,81.2,57.2,46.9,47.8,873.6,897.7,888.2,9.9,13.9,14.1,8.8,7.7,8.2,15.9,17.0,16.4,91.9,96.3,95.0,62.1,66.6,67.2,0.17,0.0,0.0,999.9,999.9,999.9,0,7.7,4.3
16585596,0723,83.0,80.5,81.3,54.6,46.9,47.8,870.4,897.7,888.4,10.0,13.9,14.1,7.8,7.7,8.3,19.0,17.0,16.4,98.1,96.3,94.9,62.1,66.6,66.9,0.0,0.0,0.0,999.9,999.9,999.9,0,7.7,4.3
16585596,0723,69.7,80.5,81.6,40.5,47.0,48.1,872.7,897.7,888.4,9.8,13.9,14.1,8.2,7.7,8.2,19.0,17.0,16.6,93.9,96.2,95.0,57.9,66.6,66.7,0.0,0.0,0.0,999.9,999.9,999.9,0,7.6,3.7
16585596,0723,82.8,80.4,81.0,33.1,47.1,48.3,872.4,897.7,888.5,9.9,13.9,14.1,8.7,7.7,8.2,11.1,17.0,16.8,90.0,96.2,94.8,57.9,66.5,66.2,0.0,0.0,0.0,999.9,999.9,999.9,18,7.6,3.7
16585596,0723,76.8,80.4,81.1,47.1,46.9,48.0,869.5,896.9,884.3,9.7,13.8,14.1,6.6,7.8,8.3,19.0,16.9,16.5,99.0,96.2,94.8,57.9,66.5,65.9,0.14,0.0,0.0,999.9,999.9,999.9,48,7.6,4.3
16585596,0723,79.9,80.4,81.0,54.5,47.0,48.3,873.1,896.9,884.1,10.0,13.8,14.1,4.7,7.8,8.2,19.0,17.0,16.7,95.0,96.3,94.8,54.0,66.4,65.5,0.33,0.0,0.0,999.9,999.9,999.9,0,7.9,5.9
16585596,0723,79.3,80.3,80.9,45.2,47.0,48.3,999.9,896.2,884.1,14.9,13.8,14.1,7.8,7.7,8.1,18.1,17.0,16.8,99.0,96.2,95.0,57.9,66.3,64.9,0.11,0.0,0.0,999.9,999.9,999.9,18,7.9,5.9
16585596,0723,79.9,80.3,80.6,47.2,47.0,48.3,871.5,896.2,888.5,10.0,13.8,14.3,6.9,7.7,8.2,19.0,17.0,16.6,102.0,96.3,95.2,62.1,66.3,64.6,0.0,0.0,0.0,999.9,999.9,999.9,0,8.0,6.5
16585596,0723,76.4,80.2,80.8,33.1,47.1,48.3,873.6,896.2,888.5,10.0,13.8,14.1,6.3,7.7,8.2,18.1,17.0,16.9,90.0,96.3,95.3,61.0,66.3,64.3,0.0,0.0,0.0,999.9,999.9,999.9,18,7.7,6.5
16585596,0723,87.8,80.2,80.7,45.2,47.0,47.8,999.9,896.3,888.6,30.7,13.7,14.1,7.8,7.7,8.2,12.0,17.0,16.7,99.0,96.3,94.8,59.0,66.3,63.8,0.11,0.0,0.0,999.9,999.9,999.9,18,7.8,7.1
16585596,0723,80.3,80.3,81.1,54.5,47.0,47.7,872.4,896.3,892.8,10.0,13.8,14.7,9.9,7.7,8.1,34.0,17.0,16.6,102.0,96.2,95.0,71.1,66.3,63.8,0.0,0.0,0.0,999.9,999.9,999.9,0,7.9,7.7
16585596,0723,74.2,80.3,81.0,45.0,47.1,48.0,872.9,896.2,892.7,10.0,13.8,14.7,6.9,7.7,8.1,17.1,17.1,17.2,95.0,96.3,95.2,68.0,66.3,64.0,0.0,0.0,0.0,999.9,999.9,999.9,0,7.9,7.1
16585596,0723,82.8,80.2,80.8,37.5,47.1,48.0,869.5,896.2,892.9,20.3,13.8,14.7,8.7,7.8,8.1,19.0,17.1,17.2,93.9,96.2,95.4,66.2,66.3,63.9,0.0,0.0,0.0,999.9,999.9,999.9,18,7.9,6.5
16585596,0723,82.3,80.3,80.6,57.5,47.0,47.4,869.7,896.2,892.8,10.0,13.8,14.0,6.6,7.8,8.0,20.0,17.1,16.7,100.0,96.2,95.4,73.9,66.2,63.9,0.03,0.0,0.0,999.9,999.9,999.9,18,8.0,7.0
16585596,0723,76.8,80.3,80.8,45.2,47.0,48.0,999.9,896.3,892.7,10.0,13.8,13.3,9.3,7.7,8.1,8.9,17.1,16.7,99.0,96.3,95.2,62.2,66.3,63.8,0.0,0.0,0.0,999.9,999.9,999.9,0,8.1,7.6
16585596,0723,74.2,80.3,80.4,49.3,47.0,48.0,869.5,896.3,892.7,10.0,13.7,13.3,6.2,7.7,8.0,31.1,17.0,16.6,79.0,96.3,95.1,62.1,66.2,63.7,0.11,0.0,0.0,999.9,999.9,999.9,0,8.1,7.6
16585596,0723,80.3,80.2,80.1,41.4,47.0,47.8,869.5,896.2,892.8,9.9,13.7,13.3,9.6,7.7,7.9,18.1,17.1,17.4,99.0,96.2,94.3,71.1,66.2,63.5,0.0,0.0,0.0,999.9,999.9,999.9,48,8.0,7.6
16585596,0723,87.8,80.2,80.1,44.6,47.0,47.4,869.7,896.3,892.8,41.0,13.7,13.3,6.2,7.7,8.1,15.9,17.1,17.5,98.1,96.2,94.7,75.0,66.3,63.8,0.11,0.0,0.0,999.9,999.9,999.9,0,8.2,9.1
16585596,0723,87.8,80.2,80.1,49.2,46.9,47.5,870.4,895.5,892.7,10.0,13.9,13.9,8.1,7.7,8.0,34.0,17.1,17.5,93.9,96.1,94.6,66.0,66.3,64.1,0.0,0.0,0.0,999.9,999.9,999.9,18,8.2,8.5
16585596,0723,79.9,80.3,80.4,37.5,46.9,47.5,873.0,895.5,888.4,9.8,13.9,13.9,10.2,7.7,8.0,31.1,17.2,18.2,104.0,96.1,94.7,66.9,66.3,64.3,0.0,0.0,0.0,999.9,999.9,999.9,0,8.3,8.5
16585596,0723,81.8,80.3,80.3,40.5,46.8,46.9,871.4,895.5,884.2,30.7,13.9,13.9,5.6,7.7,8.1,11.1,17.4,18.6,91.9,96.1,94.9,70.0,66.3,64.6,0.0,0.0,0.0,999.9,999.9,999.9,0,8.3,8.5
16585596,0723,79.9,80.3,80.3,52.0,46.8,46.6,873.6,895.5,884.2,10.0,14.0,14.2,5.3,7.7,7.9,15.0,17.3,18.6,95.0,96.1,94.8,71.1,66.4,64.9,0.02,0.0,0.0,999.9,999.9,999.9,0,8.2,8.5
16585596,0723,79.3,80.3,80.5,41.4,46.8,46.9,869.5,895.6,884.3,9.9,14.0,14.2,8.2,7.7,7.9,22.0,17.3,18.5,100.0,96.1,95.3,73.9,66.3,65.3,0.0,0.0,0.0,999.9,999.9,999.9,0,8.2,8.5
16585596,0723,88.1,80.3,80.6,44.1,46.9,46.6,872.4,895.6,884.2,20.3,13.9,14.2,10.1,7.7,7.9,34.0,17.4,19.0,93.0,96.1,95.5,66.2,66.4,65.5,0.0,0.0,0.0,999.9,999.9,999.9,0,8.2,8.0
16585596,0723,62.0,80.4,80.8,39.9,46.8,46.6,873.6,895.6,884.3,9.7,14.0,13.6,5.3,7.7,7.9,12.0,17.4,19.7,87.1,96.2,95.7,64.9,66.4,65.5,0.0,0.0,0.0,999.9,999.9,999.9,0,8.2,8.0
16585596,0723,89.2,80.3,80.2,52.0,46.7,46.0,999.9,894.9,884.4,9.9,14.0,13.6,10.4,7.7,7.8,24.3,17.3,19.4,102.0,96.1,95.4,54.0,66.4,65.5,0.0,0.0,0.0,999.9,999.9,999.9,18,8.1,8.0
16585596,0723,74.2,80.3,80.3,33.1,46.8,46.4,873.0,895.6,888.6,13.5,13.9,13.5,10.2,7.7,7.8,11.1,17.4,19.7,88.7,96.1,95.8,62.1,66.4,65.0,0.0,0.0,0.0,999.9,999.9,999.9,0,8.2,8.6
16585596,0723,80.7,80.3,79.9,54.5,46.7,45.7,871.5,895.6,888.6,22.3,14.0,13.7,9.5,7.8,7.8,19.0,17.4,19.6,93.0,96.0,95.5,68.0,66.3,65.0,0.0,0.0,0.0,999.9,999.9,999.9,18,8.1,8.6
16585596,0723,80.9,80.3,79.9,44.6,46.8,45.9,866.4,895.6,888.7,9.9,14.0,14.1,9.9,7.8,7.9,13.0,17.4,19.4,99.0,96.0,95.2,71.1,66.3,64.9,0.0,0.0,0.0,999.9,999.9,999.9,0,8.2,9.2
16585596,0723,76.7,80.3,79.8,50.9,46.8,45.5,999.9,895.6,888.5,10.0,14.0,13.7,8.8,7.8,7.9,8.9,17.4,19.3,93.0,96.0,95.4,71.1,66.4,64.9,0.02,0.0,0.0,999.9,999.9,999.9,0,8.2,8.6
16585596,0723,85.2,80.3,79.9,36.2,46.8,45.7,999.9,896.3,892.8,10.0,14.0,13.7,9.3,7.8,8.0,15.0,17.3,19.0,93.0,96.0,95.5,54.0,66.4,64.9,0.0,0.0,0.0,999.9,999.9,999.9,18,8.2,8.6
16585596,0723,85.2,80.3,80.0,57.5,46.8,45.0,872.4,897.0,897.0,20.3,13.9,13.7,6.9,7.8,8.0,19.0,17.3,19.0,102.0,96.0,95.5,66.0,66.4,64.6,0.17,0.0,0.0,999.9,999.9,999.9,0,8.3,9.2
16585596,0723,89.2,80.4,80.1,54.1,46.9,45.1,873.0,897.0,897.1,9.9,13.9,14.1,6.5,7.8,7.9,24.3,17.3,19.0,79.0,96.0,95.6,66.9,66.4,64.8,0.11,0.0,0.0,999.9,999.9,999.9,18,8.3,9.2
16585596,0723,88.8,80.4,80.7,39.9,46.9,45.6,999.9,896.3,897.1,9.7,13.9,14.1,6.2,7.8,7.9,17.1,17.3,19.1,102.9,95.8,95.2,68.0,66.4,65.1,0.0,0.0,0.0,999.9,999.9,999.9,18,8.4,9.8
16585596,0723,83.0,80.5,80.9,55.9,46.8,45.8,873.5,897.0,901.3,10.0,13.9,14.1,8.1,7.7,7.8,11.1,17.3,19.3,90.0,95.8,95.6,73.0,66.4,65.4,0.0,0.0,0.0,999.9,999.9,999.9,0,8.2,9.8
16585596,0723,80.3,80.5,81.1,54.1,46.9,46.1,873.1,897.0,901.5,9.8,13.9,14.1,9.6,7.7,7.8,19.0,17.3,19.1,93.0,95.8,95.3,73.0,66.5,65.9,0.0,0.0,0.0,999.9,999.9,999.9,0,8.2,8.2
16585596,0723,88.8,80.5,81.1,45.2,46.9,46.1,869.5,896.3,901.5,9.7,13.8,14.1,5.6,7.8,8.0,13.0,17.3,19.1,95.0,95.9,95.2,71.1,66.5,66.5,0.0,0.0,0.0,999.9,999.9,999.9,0,8.1,8.2
16585596,0723,82.7,80.5,81.5,34.9,46.8,46.1,999.9,896.3,897.1,10.0,13.8,13.9,6.9,7.7,7.9,26.0,17.3,18.9,87.1,95.8,95.1,66.2,66.5,67.0,0.33,0.0,0.0,999.9,999.9,999.9,0,8.0,7.6
16585596,0723,79.3,80.5,81.6,36.2,46.8,45.7,869.6,897.0,901.4,9.9,13.8,13.9,10.4,7.7,7.9,13.0,17.4,19.1,95.0,95.8,94.6,71.1,66.5,67.1,0.0,0.0,0.0,999.9,999.9,999.9,0,8.0,7.6
16585596,0723,82.7,80.6,81.7,55.9,46.7,45.8,873.0,897.0,901.3,10.0,13.8,13.9,10.4,7.7,8.1,18.1,17.4,19.0,102.0,95.9,94.8,57.0,66.6,67.4,0.17,0.0,0.0,999.9,999.9,999.9,0,8.0,7.0
16585596,0723,81.1,80.6,81.5,57.2,46.7,46.2,866.4,896.3,897.1,10.0,13.7,13.2,8.2,7.8,8.2,34.0,17.4,19.2,93.9,95.9,94.9,72.0,66.5,67.4,0.0,0.0,0.0,999.9,999.9,999.9,0,8.0,6.4
16585596,0723,77.1,80.6,81.5,36.2,46.9,46.2,869.0,896.2,896.9,10.0,13.7,13.2,6.5,7.8,8.1,13.0,17.5,19.2,93.0,95.8,94.6,54.0,66.6,67.4,0.0,0.0,0.0,999.9,999.9,999.9,0,7.9,6.4
16585596,0723,81.1,80.6,81.6,45.0,46.9,46.0,869.5,896.2,896.7,10.0,13.7,13.2,10.2,7.8,8.1,15.9,17.5,19.0,98.1,95.9,94.5,73.9,66.5,66.9,0.0,0.0,0.0,999.9,999.9,999.9,0,7.9,6.4
16585596,0723,76.8,80.7,81.5,34.9,46.9,46.2,870.5,896.2,896.7,9.7,13.7,12.9,6.5,7.8,8.1,31.1,17.5,18.9,98.1,95.9,94.7,66.9,66.5,67.2,0.03,0.0,0.0,999.9,999.9,999.9,2,7.9,5.8
16585596,0723,81.1,80.6,81.4,52.0,46.8,45.4,872.9,896.2,896.7,41.0,13.7,12.9,7.8,7.8,8.1,8.9,17.6,19.3,90.0,95.9,94.6,75.0,66.6,67.0,0.02,0.0,0.0,999.9,999.9,999.9,48,7.9,5.3
16585596,0723,76.4,80.6,81.5,36.2,46.8,45.7,999.9,895.5,892.5,10.0,13.9,13.9,10.4,7.8,8.1,10.1,17.6,19.3,88.7,95.9,94.3,75.0,66.6,67.4,0.02,0.0,0.0,999.9,999.9,999.9,18,8.1,6.9
16585596,0723,78.3,80.6,81.6,54.6,46.7,45.2,873.5,896.2,896.9,9.9,13.9,13.9,9.6,7.8,8.2,19.0,17.6,18.6,89.1,95.8,94.6,71.1,66.6,67.8,0.0,0.0,0.0,999.9,999.9,999.9,0,8.1,7.5
16585596,0723,80.9,80.6,81.5,41.6,46.7,45.7,870.5,896.2,897.0,9.9,13.9,13.9,9.5,7.8,8.2,19.0,17.6,18.6,98.1,95.8,94.3,62.1,66.7,67.8,0.0,0.0,0.0,999.9,999.9,999.9,0,8.0,5.9
16585596,0723,82.3,80.6,81.3,54.1,46.7,45.6,999.9,896.3,897.0,9.9,13.9,12.9,6.2,7.8,8.3,19.0,17.7,18.7,102.0,95.8,94.3,72.0,66.7,67.4,0.0,0.0,0.0,999.9,999.9,999.9,0,7.9,5.9
16585596,0723,82.3,80.5,81.1,50.2,46.7,45.7,870.4,896.3,901.3,9.7,13.9,12.9,5.3,7.8,8.3,15.9,17.7,18.2,79.0,95.8,94.6,64.9,66.7,67.6,0.02,0.0,0.0,999.9,999.9,999.9,0,7.8,5.3
16585596,0723,81.1,80.5,81.2,57.2,46.7,46.2,999.9,895.5,901.3,41.0,13.9,12.9,10.2,7.8,8.1,15.0,17.7,17.7,98.1,95.8,93.7,70.0,66.7,67.5,0.17,0.0,0.0,999.9,999.9,999.9,0,7.8,5.3
16585596,0723,85.2,80.5,81.2,47.2,46.7,46.7,873.6,896.2,905.5,9.7,14.1,13.2,7.8,7.8,8.3,24.1,17.7,17.9,95.0,95.8,93.9,63.0,66.8,67.5,0.0,0.0,0.0,999.9,999.9,999.9,18,7.8,5.3
16585596,0723,89.2,80.5,81.3,57.5,46.7,46.6,999.9,896.2,905.5,41.0,14.1,13.2,5.6,7.8,8.3,15.9,17.7,18.2,91.9,95.8,93.9,61.0,66.7,67.2,0.0,0.0,0.0,999.9,999.9,999.9,18,7.9,5.9
16585596,0723,81.1,80.5,81.7,44.6,46.9,47.1,872.7,896.9,909.9,10.0,14.2,14.2,8.7,7.8,8.3,8.9,17.8,18.0,104.0,95.7,93.7,62.2,66.7,66.8,0.0,0.0,0.0,999.9,999.9,999.9,18,8.0,6.5
16585596,0723,83.0,80.5,81.4,46.5,46.9,47.1,870.5,896.9,909.9,9.8,14.2,13.9,4.7,7.8,8.2,24.1,17.7,17.1,99.0,95.7,94.0,57.9,66.7,66.7,0.0,0.0,0.0,999.9,999.9,999.9,18,8.1,7.1
16585596,0723,85.4,80.6,82.1,49.2,46.8,47.3,999.9,896.9,909.8,20.3,14.2,13.9,4.7,7.8,8.2,15.0,17.7,17.5,99.0,95.8,94.4,64.9,66.6,66.5,0.03,0.0,0.0,999.9,999.9,999.9,0,8.2,7.7
16585596,0723,89.2,80.7,82.0,45.2,46.8,47.2,869.5,897.7,909.8,9.8,14.2,14.2,9.3,7.8,8.0,8.9,17.7,17.2,102.0,95.8,94.3,61.0,66.6,66.8,0.15,0.0,0.0,999.9,999.9,999.9,0,8.2,7.1
16585596,0723,62.0,80.7,82.5,54.1,46.8,47.6,872.4,897.6,909.7,9.7,14.2,14.1,6.5,7.8,8.0,15.9,17.6,17.1,104.0,95.9,94.8,71.1,66.6,66.8,0.0,0.0,0.0,999.9,999.9,999.9,18,8.2,7.1
16585596,0723,76.8,80.6,81.9,45.0,46.8,47.6,869.7,897.6,909.7,9.9,14.2,13.7,5.6,7.8,7.9,24.3,17.7,17.0,99.0,95.9,95.1,62.1,66.5,66.9,0.0,0.0,0.0,999.9,999.9,999.9,0,8.3,7.1
16585596,0723,78.3,80.6,81.7,47.1,46.8,47.6,999.9,897.6,909.8,10.0,14.2,13.7,11.6,7.8,7.7,14.0,17.7,17.4,93.0,95.9,95.1,66.9,66.6,66.6,0.0,0.0,0.0,999.9,999.9,999.9,18,8.2,7.1
16585596,0723,82.8,80.5,81.8,49.2,46.9,47.5,999.9,897.6,909.8,41.0,14.2,13.7,6.4,7.8,7.8,19.0,17.6,17.6,102.9,95.9,95.1,63.0,66.6,66.4,0.03,0.0,0.0,999.9,999.9,999.9,0,8.3,7.7
16585596,0723,86.8,80.6,81.7,54.6,46.9,48.0,869.5,897.6,909.8,9.8,14.4,14.7,11.6,7.8,7.7,20.0,17.6,17.7,90.0,95.9,95.5,73.0,66.6,66.7,0.15,0.0,0.0,999.9,999.9,999.9,18,8.3,7.1
16585596,0723,89.6,80.6,81.8,47.2,46.9,47.9,870.4,897.6,909.7,9.9,14.4,14.4,11.6,7.8,7.9,13.0,17.7,17.8,90.0,95.9,95.1,68.0,66.6,67.0,0.0,0.0,0.0,999.9,999.9,999.9,0,8.4,7.7
16585596,0723,79.9,80.7,81.8,54.6,46.9,47.6,872.4,897.6,909.6,9.7,14.4,14.4,6.4,7.9,8.1,18.1,17.7,17.4,104.0,95.9,95.4,66.0,66.6,67.0,0.0,0.0,0.0,999.9,999.9,999.9,2,8.4,7.1
16585596,0723,87.8,80.7,81.5,54.5,46.9,48.1,999.9,897.6,905.4,9.9,14.4,14.4,4.7,7.9,8.1,12.0,17.6,17.4,95.0,95.9,95.5,62.1,66.6,66.9,0.0,0.0,0.0,999.9,999.9,999.9,18,8.4,6.5
16585596,0723,77.1,80.7,81.6,44.6,47.0,48.1,869.5,898.3,909.6,10.0,14.2,14.4,5.6,7.9,7.9,19.0,17.6,17.4,93.9,95.9,95.6,62.2,66.5,66.6,0.0,0.0,0.0,999.9,999.9,999.9,18,8.4,7.1
16585596,0723,85.4,80.7,81.5,45.0,47.0,47.8,999.9,898.3,909.5,14.9,14.1,14.4,6.6,7.9,7.8,13.0,17.6,17.4,102.9,96.0,95.7,75.9,66.4,66.2,0.0,0.0,0.0,999.9,999.9,999.9,0,8.5,7.7
16585596,0723,79.3,80.7,81.4,50.2,47.0,47.7,869.6,899.0,913.8,10.0,14.1,14.5,4.7,7.9,7.8,14.0,17.5,17.4,93.9,96.0,95.9,66.0,66.5,66.4,0.14,0.0,0.0,999.9,999.9,999.9,0,8.5,7.7
16585596,0723,74.2,80.7,81.3,55.6,47.0,48.3,873.6,898.3,909.5,10.0,14.0,14.5,4.7,7.9,7.8,10.1,17.5,17.0,95.0,96.0,96.2,62.2,66.5,66.4,0.0,0.0,0.0,999.9,999.9,999.9,0,8.5,7.7
16585596,0723,80.9,80.6,81.1,54.6,47.1,48.9,873.6,898.3,909.6,39.8,14.0,14.5,10.2,7.8,7.6,12.0,17.4,16.9,88.7,96.0,96.2,73.9,66.5,66.1,0.0,0.0,0.0,999.9,999.9,999.9,0,8.2,7.7
16585596,0723,76.4,80.6,81.1,54.5,47.1,48.9,870.0,898.3,909.6,10.0,14.2,15.5,5.1,7.8,7.6,14.0,17.4,16.7,100.0,96.0,95.7,68.0,66.5,66.6,0.0,0.0,0.0,999.9,999.9,999.9,16,8.2,7.7
16585596,0723,69.7,80.6,80.9,44.6,47.1,48.8,866.4,897.6,909.7,22.2,14.2,15.5,10.1,7.8,7.5,15.0,17.4,16.1,87.1,96.0,95.9,66.9,66.5,66.5,0.0,0.0,0.0,999.9,999.9,999.9,18,8.2,8.3
16585596,0723,76.8,80.5,80.7,54.1,47.0,49.0,871.0,896.8,909.7,10.0,14.3,15.9,6.2,7.8,7.6,10.1,17.4,16.1,93.9,96.0,95.7,75.0,66.5,66.9,0.0,0.0,0.0,999.9,999.9,999.9,0,8.2,8.9
16585596,0723,69.7,80.4,80.5,45.2,47.1,49.3,870.5,896.8,909.7,22.2,14.2,15.9,6.9,7.8,7.5,14.0,17.3,15.9,102.9,95.9,95.6,57.0,66.5,67.0,0.0,0.0,0.0,999.9,999.9,999.9,0,8.1,8.9
16585596,0723,79.3,80.4,80.3,39.9,47.0,49.7,875.8,896.1,909.7,10.0,14.3,16.4,8.7,7.8,7.5,12.0,17.3,15.4,99.0,95.9,95.7,75.9,66.4,66.6,0.0,0.0,0.0,999.9,999.9,999.9,0,8.1,8.8
16585596,0723,77.1,80.4,80.2,37.5,47.1,49.3,871.0,896.1,909.8,9.9,14.3,15.3,5.6,7.8,7.5,19.0,17.3,15.5,102.0,96.0,96.0,75.0,66.4,66.7,0.0,0.0,0.0,999.9,999.9,999.9,0,8.0,7.2
16585596,0723,69.7,80.4,80.3,55.6,47.1,49.3,869.5,896.1,905.5,13.5,14.1,15.3,10.1,7.8,7.3,15.9,17.3,15.8,102.0,96.0,96.5,59.0,66.5,66.7,0.0,0.0,0.0,999.9,999.9,999.9,0,8.0,6.6
16585596,0723,77.1,80.3,80.0,52.0,47.1,49.4,872.7,896.1,905.4,10.0,14.1,15.4,9.5,7.8,7.4,18.1,17.2,15.7,79.0,96.0,96.9,70.0,66.5,66.3,0.17,0.0,0.0,999.9,999.9,999.9,2,7.8,6.6
16585596,0723,74.2,80.3,79.8,45.2,47.2,49.7,870.4,896.1,905.4,30.7,14.1,15.5,5.3,7.8,7.4,15.0,17.3,15.6,99.0,96.0,96.3,71.1,66.5,66.5,0.0,0.0,0.0,999.9,999.9,999.9,18,7.7,6.7
16585596,0723,89.6,80.3,79.6,45.2,47.2,49.4,999.9,896.1,901.1,9.9,14.2,16.1,9.5,7.8,7.3,14.0,17.2,15.5,99.0,95.9,96.2,71.1,66.6,66.5,0.03,0.0,0.0,999.9,999.9,999.9,2,7.8,7.3
16585596,0723,86.8,80.3,79.8,57.2,47.2,49.3,871.4,896.9,905.5,22.2,14.2,16.2,10.6,7.8,7.5,10.1,17.2,15.4,102.0,95.9,96.8,72.0,66.6,66.7,0.0,0.0,0.0,999.9,999.9,999.9,18,7.8,7.3
16585596,0723,82.3,80.4,80.0,50.9,47.2,49.3,872.4,896.8,901.2,9.9,14.3,15.5,11.6,7.8,7.5,22.0,17.1,15.3,104.0,96.0,97.0,64.9,66.7,66.8,0.0,0.0,0.0,999.9,999.9,999.9,0,7.9,7.9
16585596,0723,81.1,80.4,79.9,40.5,47.2,49.4,872.7,896.8,901.1,9.9,14.2,15.5,10.6,7.8,7.6,12.0,17.2,15.2,93.0,96.0,97.3,75.9,66.7,66.8,0.03,0.0,0.0,999.9,999.9,999.9,2,7.9,7.3
16585596,0723,80.9,80.4,79.6,54.5,47.1,48.8,868.1,896.9,896.9,22.3,14.2,14.5,6.3,7.9,7.8,19.0,17.1,15.1,100.0,96.1,97.3,71.1,66.7,67.3,0.02,0.0,0.0,999.9,999.9,999.9,0,7.9,6.8
16585596,0723,74.2,80.3,79.6,50.2,47.2,49.1,999.9,896.9,896.7,9.8,14.1,14.9,10.6,7.8,7.7,11.1,17.1,15.4,87.1,96.1,97.2,66.0,66.7,67.6,0.0,0.0,0.0,999.9,999.9,999.9,0,7.6,6.2
16585596,0723,80.3,80.3,79.3,47.1,47.2,49.3,870.0,896.9,901.0,13.5,14.1,14.9,10.4,7.8,7.9,8.9,17.2,15.0,99.0,96.0,96.8,64.9,66.8,67.9,0.0,0.0,0.0,999.9,999.9,999.9,0,7.6,5.6
16585596,0723,89.2,80.3,79.2,39.9,47.3,49.2,869.5,896.9,896.7,10.0,14.1,14.7,6.6,7.8,8.1,13.0,17.1,14.8,99.0,96.0,96.8,73.0,66.8,67.9,0.0,0.0,0.0,999.9,999.9,999.9,18,7.6,5.6
16585596,0723,79.9,80.4,79.2,37.5,47.2,49.0,875.8,896.8,896.7,22.2,14.1,14.7,6.6,7.8,8.0,14.0,17.1,14.9,102.0,96.1,96.7,70.0,66.8,68.3,0.15,0.0,0.0,999.9,999.9,999.9,0,7.6,6.2
16585596,0723,76.8,80.3,79.8,44.6,47.2,48.5,870.5,896.9,896.8,30.7,14.2,15.1,10.6,7.8,8.0,15.9,17.1,14.9,87.1,96.1,96.6,71.1,66.8,68.3,0.0,0.0,0.0,999.9,999.9,999.9,0,7.6,5.6
16585596,0723,79.3,80.3,79.8,41.4,47.2,48.4,869.5,896.9,896.9,10.0,14.3,15.8,9.6,7.8,8.2,12.0,17.1,14.6,99.0,96.0,96.2,73.0,66.8,68.6,0.14,0.0,0.0,999.9,999.9,999.9,0,7.5,5.6
16585596,0723,80.9,80.3,79.8,48.9,47.2,48.3,872.9,896.2,892.5,10.0,14.3,15.8,10.1,7.8,8.1,14.0,17.1,14.5,93.0,96.0,96.4,73.0,66.8,68.8,0.11,0.0,0.0,999.9,999.9,999.9,18,7.5,5.0
16585596,0723,77.1,80.3,79.7,45.2,47.3,48.2,999.9,896.2,888.3,10.0,14.3,14.8,6.9,7.9,8.2,15.0,17.1,14.3,93.0,96.0,96.1,73.0,66.8,69.1,0.0,0.0,0.0,999.9,999.9,999.9,0,7.5,5.6
16585596,0723,79.3,80.3,79.4,57.5,47.3,47.9,869.0,896.9,892.6,13.5,14.3,14.8,10.1,7.9,8.1,19.0,17.1,14.2,102.0,95.9,96.2,62.2,66.9,69.1,0.0,0.0,0.0,999.9,999.9,999.9,0,7.4,5.0
16585596,0723,76.4,80.3,79.1,57.6,47.3,48.3,873.0,896.9,892.6,9.7,14.3,14.9,10.1,7.9,8.0,18.1,17.0,14.4,95.0,96.0,96.6,73.9,66.9,68.9,0.0,0.0,0.0,999.9,999.9,999.9,0,7.4,5.0
16585596,0723,76.4,80.2,79.0,47.2,47.3,48.4,866.4,896.9,892.6,10.0,14.3,14.9,9.3,7.9,8.1,17.1,17.0,14.4,99.0,95.9,96.3,59.0,67.0,69.2,0.14,0.0,0.0,999.9,999.9,999.9,18,7.4,4.9
16585596,0723,62.0,80.2,78.6,54.1,47.3,48.1,871.5,896.9,888.1,9.9,14.3,14.9,5.3,7.9,8.3,19.0,17.0,14.5,102.9,95.9,96.4,61.0,66.9,69.1,0.0,0.0,0.0,999.9,999.9,999.9,16,7.4,4.9
16585596,0723,76.8,80.1,78.1,48.9,47.4,48.5,873.6,896.9,888.2,9.8,14.2,14.9,6.9,7.9,8.3,12.0,17.0,14.5,95.0,95.9,96.7,62.1,66.8,69.0,0.0,0.0,0.0,999.9,999.9,999.9,0,7.4,4.9
16585596,0723,80.9,80.1,77.8,54.6,47.5,48.6,873.6,896.9,884.0,9.9,14.2,14.7,6.2,7.9,8.3,20.0,17.0,14.5,104.0,95.9,96.5,73.0,66.8,68.6,0.01,0.0,0.0,999.9,999.9,999.9,0,7.4,4.9
16585596,0723,78.4,80.1,77.8,40.5,47.5,48.7,872.4,896.9,884.1,10.0,14.1,14.7,9.3,7.9,8.3,34.0,17.0,14.7,99.0,95.9,96.8,62.1,66.9,68.8,0.0,0.0,0.0,999.9,999.9,999.9,2,7.3,4.9
16585596,0723,81.8,80.1,78.0,39.9,47.5,48.2,869.0,896.9,884.1,41.0,14.1,14.7,6.2,7.9,8.5,26.0,17.1,15.5,91.9,96.0,96.9,71.1,66.8,68.8,0.0,0.0,0.0,999.9,999.9,999.9,0,7.3,4.9
16585596,0723,79.3,80.1,78.0,55.9,47.4,47.7,871.5,896.2,883.9,9.9,14.3,14.8,9.3,7.9,8.4,31.1,17.0,16.0,91.9,96.0,97.0,57.9,66.9,68.7,0.11,0.0,0.0,999.9,999.9,999.9,0,7.3,4.9
16585596,0723,82.8,80.1,78.1,36.2,47.5,47.8,873.0,896.2,884.0,14.9,14.3,14.8,10.2,7.9,8.5,11.1,17.1,16.5,89.1,95.9,96.8,71.1,66.8,68.4,0.15,0.0,0.0,999.9,999.9,999.9,18,7.2,4.4
16585596,0723,83.0,80.1,78.5,58.4,47.5,47.5,999.9,896.2,884.2,9.8,14.3,14.5,5.3,7.9,8.5,26.0,17.1,16.4,104.0,95.9,96.8,61.0,66.8,68.5,0.33,0.0,0.0,999.9,999.9,999.9,18,7.2,4.4
16585596,0723,76.8,80.2,78.8,44.1,47.6,47.6,999.9,896.9,888.5,9.9,14.2,14.5,11.6,7.9,8.5,24.3,17.1,16.9,102.0,96.0,97.2,75.9,66.8,68.0,0.0,0.0,0.0,999.9,999.9,999.9,48,7.3,5.0
16585596,0723,82.8,80.1,79.0,55.9,47.5,47.6,999.9,896.9,892.8,10.0,14.2,14.1,5.6,7.9,8.6,24.1,17.1,17.3,87.1,96.0,97.1,62.2,66.9,68.7,0.0,0.0,0.0,999.9,999.9,999.9,0,7.6,6.6
16585596,0723,77.5,80.1,79.1,55.6,47.6,48.1,872.7,897.6,897.0,9.7,14.2,14.1,9.8,7.9,8.5,11.1,17.2,17.7,99.0,95.9,96.7,62.2,66.9,68.2,0.0,0.0,0.0,999.9,999.9,999.9,18,7.6,6.6
16585596,0723,81.8,80.2,79.1,47.1,47.6,48.7,999.9,897.7,897.0,10.0,14.2,14.1,8.8,7.9,8.7,15.0,17.1,17.4,79.0,96.0,96.6,73.0,66.8,67.8,0.0,0.0,0.0,999.9,999.9,999.9,18,7.6,7.2
16585596,0723,80.9,80.3,79.5,46.5,47.6,48.5,999.9,898.4,901.4,9.9,14.2,14.0,6.9,7.9,8.6,17.1,17.2,17.4,89.1,95.9,95.9,73.0,66.9,68.3,0.0,0.0,0.0,999.9,999.9,999.9,18,7.4,7.8
16585596,0723,62.0,80.3,79.7,47.1,47.5,48.3,869.5,899.1,905.6,9.7,14.2,14.0,9.6,7.9,8.5,31.1,17.1,17.4,102.0,95.8,96.2,71.1,66.9,68.4,0.02,0.0,0.0,999.9,999.9,999.9,0,7.4,8.3
16585596,0723,76.4,80.2,79.2,40.5,47.5,48.3,872.4,899.0,905.6,10.0,14.2,13.3,3.7,7.9,8.7,14.0,17.2,17.9,102.0,95.9,96.3,75.9,66.9,68.4,0.15,0.0,0.0,999.9,999.9,999.9,18,7.4,7.7
16585596,0723,88.1,80.3,78.8,55.6,47.5,48.2,869.5,899.0,901.3,20.3,14.1,13.3,6.6,7.9,8.5,12.0,17.1,17.9,93.0,95.9,96.4,71.1,67.0,68.5,0.03,0.0,0.0,999.9,999.9,999.9,18,7.5,8.3
16585596,0723,81.1,80.3,78.8,37.5,47.5,48.1,873.0,899.0,901.3,9.9,14.2,13.2,7.8,7.9,8.4,10.1,17.1,18.0,102.0,95.8,96.1,57.9,66.9,68.5,0.15,0.0,0.0,999.9,999.9,999.9,0,7.5,8.3
16585596,0723,83.0,80.3,78.8,50.2,47.4,47.7,866.4,899.0,901.3,9.8,14.1,13.2,6.4,7.9,8.2,18.1,17.1,17.6,91.9,95.9,96.0,57.9,66.9,68.3,0.0,0.0,0.1,999.9,999.9,999.9,0,7.5,8.3
16585596,0723,77.1,80.3,78.9,44.6,47.4,48.0,999.9,899.0,901.1,9.9,14.1,13.2,10.4,7.9,8.1,14.0,17.1,17.8,102.9,95.9,96.0,71.1,66.8,67.7,0.0,0.0,0.1,999.9,999.9,999.9,48,7.4,8.2
16585596,0723,82.3,80.3,78.7,40.5,47.4,47.7,999.9,899.7,905.5,14.9,14.0,12.8,5.3,7.9,8.2,15.9,17.1,17.6,99.0,95.9,96.1,62.1,66.8,67.7,0.0,0.0,0.0,999.9,999.9,999.9,0,7.6,9.8
16585596,0723,62.0,80.3,79.0,50.9,47.4,47.4,871.4,900.4,905.5,30.7,14.0,13.0,6.3,7.9,8.1,11.1,17.2,17.8,95.0,96.0,96.5,71.1,66.8,67.5,0.11,0.0,0.0,999.9,999.9,999.9,18,7.6,9.8
16585596,0723,89.2,80.1,78.4,54.6,47.4,47.5,873.6,899.7,905.5,41.0,14.1,13.5,10.2,7.9,7.9,15.0,17.2,17.8,79.0,96.0,96.4,71.1,66.8,67.7,0.0,0.0,0.1,999.9,999.9,999.9,18,7.6,10.4
16585596,0723,85.2,80.2,78.4,50.9,47.4,48.0,873.0,899.7,905.6,10.0,14.3,14.6,4.9,7.9,8.0,10.1,17.1,17.9,95.0,95.9,95.7,71.1,66.8,67.7,0.0,0.0,0.1,999.9,999.9,999.9,0,7.7,10.4
16585596,0723,86.8,80.2,78.6,40.5,47.4,48.4,873.6,899.8,905.6,14.9,14.2,14.2,8.1,7.9,8.0,11.1,17.1,17.8,102.9,95.9,95.5,54.0,66.9,67.7,0.0,0.0,0.0,999.9,999.9,999.9,18,7.7,10.4
16585596,0723,85.2,80.2,78.9,50.2,47.4,48.3,873.6,899.8,905.7,10.0,14.2,13.6,6.6,7.9,7.9,15.0,17.0,17.6,102.9,95.9,96.0,71.1,66.8,67.1,0.0,0.0,0.0,999.9,999.9,999.9,0,7.8,11.0
16585596,0723,79.9,80.3,79.1,47.2,47.4,48.6,999.9,899.8,905.8,22.2,14.2,13.6,6.4,7.9,7.8,13.0,17.0,17.7,95.0,95.9,96.1,68.0,66.9,67.1,0.0,0.0,0.0,999.9,999.9,999.9,18,7.8,11.0
16585596,0723,76.8,80.3,79.1,54.6,47.4,48.5,869.5,900.5,910.0,22.3,14.3,14.0,9.9,7.9,7.7,10.1,17.0,17.7,93.0,95.9,96.2,63.0,66.8,66.9,0.0,0.0,0.0,999.9,999.9,999.9,18,7.9,11.0
16585596,0723,85.4,80.2,79.1,58.4,47.5,48.8,869.6,900.5,905.7,10.0,14.4,14.4,4.9,7.9,7.8,19.0,16.9,17.5,102.9,95.9,96.2,68.0,66.9,66.6,0.0,0.0,0.0,999.9,999.9,999.9,18,8.0,11.6
16585596,0723,62.0,80.3,79.3,44.6,47.6,48.9,869.5,900.5,905.7,10.0,14.4,14.3,9.3,7.9,7.6,10.1,17.0,17.5,95.0,96.0,96.2,64.9,66.9,66.8,0.0,0.0,0.0,999.9,999.9,999.9,18,8.1,12.2
16585596,0723,81.1,80.2,78.8,49.3,47.5,48.4,869.7,900.5,905.6,9.9,14.4,14.3,6.9,7.9,7.6,24.3,17.0,17.3,102.0,95.9,96.2,66.0,66.8,66.5,0.15,0.0,0.0,999.9,999.9,999.9,18,8.2,12.8
16585596,0723,74.2,80.2,78.9,44.1,47.5,48.5,873.0,900.5,905.7,10.0,14.4,14.3,6.6,7.9,7.5,10.1,17.0,17.5,79.0,95.9,96.3,68.0,66.8,66.7,0.33,0.0,0.0,999.9,999.9,999.9,18,8.3,12.8
16585596,0723,79.3,80.1,79.4,54.1,47.5,48.2,870.5,900.5,905.7,30.7,14.3,14.3,7.8,8.0,7.5,18.1,16.9,17.2,88.7,95.8,95.5,71.1,66.8,66.9,0.0,0.0,0.1,999.9,999.9,999.9,0,8.4,12.9
16585596,0723,89.6,80.1,79.4,47.2,47.5,48.3,869.5,899.8,905.6,10.0,14.4,15.0,9.5,7.9,7.6,19.0,17.0,17.4,104.0,95.7,95.3,62.1,66.9,67.2,0.11,0.0,0.1,999.9,999.9,999.9,0,8.3,12.9
16585596,0723,80.7,80.2,79.7,55.9,47.5,48.1,872.4,899.0,905.5,10.0,14.4,15.0,6.9,7.9,7.7,24.3,17.0,17.4,102.9,95.8,95.3,73.9,66.8,66.9,0.0,0.0,0.1,999.9,999.9,999.9,0,8.2,12.9
16585596,0723,80.3,80.2,79.8,57.6,47.6,48.6,869.5,898.3,905.5,10.0,14.4,15.0,5.3,8.0,7.6,11.1,17.1,17.0,102.0,95.8,95.4,54.0,66.8,67.3,0.0,0.0,0.1,999.9,999.9,999.9,0,8.1,12.8
16585596,0723,86.8,80.2,79.8,57.6,47.7,49.2,873.1,897.6,905.5,9.8,14.4,14.0,7.8,8.0,7.6,13.0,17.0,16.5,93.9,95.8,95.8,62.1,66.8,66.7,0.0,0.0,0.1,999.9,999.9,999.9,18,8.0,12.8
16585596,0723,62.0,80.3,80.0,58.4,47.8,49.2,873.6,896.9,905.6,10.0,14.3,14.0,4.7,8.0,7.5,18.1,17.0,15.9,93.0,95.8,95.8,64.9,66.7,66.8,0.14,0.0,0.1,999.9,999.9,999.9,0,8.1,13.4
16585596,0723,78.3,80.2,79.3,52.0,47.8,50.0,868.1,896.2,905.6,10.0,14.1,13.8,11.6,7.9,7.3,17.1,17.0,16.2,104.0,95.7,96.0,62.2,66.7,66.6,0.0,0.0,0.1,999.9,999.9,999.9,18,8.1,12.8
16585596,0723,80.9,80.2,79.2,55.9,47.9,49.8,869.0,895.5,901.2,10.0,14.0,13.8,9.8,7.9,7.5,11.1,17.0,15.9,98.1,95.8,96.0,73.9,66.7,66.7,0.0,0.0,0.0,999.9,999.9,999.9,0,8.2,12.8
16585596,0723,81.1,80.2,79.3,44.6,47.9,50.2,872.4,895.4,896.8,9.9,14.0,13.9,10.4,8.0,7.5,10.1,17.0,15.4,98.1,95.8,95.8,66.0,66.7,66.6,0.0,0.0,0.0,999.9,999.9,999.9,16,8.1,11.2
16585596,0723,87.8,80.2,79.2,47.2,47.9,49.8,999.9,895.5,892.6,10.0,13.9,13.8,6.9,8.0,7.6,10.1,17.0,15.0,99.0,95.8,96.2,66.9,66.8,66.7,0.0,0.0,0.0,999.9,999.9,999.9,0,8.1,11.7
16585596,0723,77.5,80.2,79.6,41.4,47.9,49.5,872.7,896.2,896.8,9.7,13.9,13.9,4.7,7.9,7.5,14.0,16.9,14.9,99.0,95.8,96.2,64.9,66.8,66.9,0.0,0.0,0.0,999.9,999.9,999.9,18,8.1,11.1
16585596,0723,81.8,80.2,79.4,46.5,47.8,49.3,873.0,895.5,892.6,9.8,13.9,13.8,7.8,7.9,7.4,34.0,16.9,14.9,93.0,95.8,96.9,66.0,66.8,66.6,0.0,0.0,0.0,999.9,999.9,999.9,0,8.1,11.1
16585596,0723,76.4,80.2,79.5,41.6,47.7,49.3,869.5,894.8,888.4,10.0,13.9,13.8,5.6,7.9,7.4,10.1,17.0,15.5,79.0,95.7,97.0,71.1,66.7,66.4,0.0,0.0,0.0,999.9,999.9,999.9,0,8.0,10.5
16585596,0723,79.9,80.2,79.9,54.1,47.7,49.1,870.5,894.7,888.4,9.7,13.9,13.9,4.9,7.9,7.3,11.1,17.0,14.8,89.1,95.6,96.2,61.0,66.8,66.4,0.03,0.0,0.0,999.9,999.9,999.9,0,8.0,10.5
16585596,0723,76.7,80.2,80.1,57.2,47.8,49.6,872.7,894.7,888.3,9.9,13.9,13.8,6.3,7.9,7.3,8.9,17.0,14.7,102.9,95.6,95.8,62.2,66.8,65.9,0.0,0.0,0.0,999.9,999.9,999.9,18,7.9,9.9
16585596,0723,82.3,80.2,79.7,41.4,47.8,49.6,999.9,894.7,888.4,13.5,13.9,13.5,9.9,7.9,7.3,15.0,16.8,14.6,99.0,95.6,96.1,66.0,66.7,65.6,0.0,0.0,0.0,999.9,999.9,999.9,16,8.0,9.9
16585596,0723,86.6,80.2,79.7,49.3,47.8,49.8,871.4,895.5,892.6,9.7,13.9,13.6,10.4,7.9,7.4,11.1,16.8,14.7,91.9,95.6,96.0,73.9,66.7,65.9,0.0,0.0,0.0,999.9,999.9,999.9,18,7.8,10.5
16585596,0723,79.9,80.2,79.8,58.4,47.9,49.7,869.0,895.5,892.8,10.0,13.8,13.6,5.1,7.9,7.5,15.0,16.8,14.5,95.0,95.5,96.0,70.0,66.8,66.4,0.0,0.0,0.0,999.9,999.9,999.9,18,7.8,11.1
16585596,0723,86.8,80.3,79.9,47.1,47.9,50.2,999.9,895.4,888.4,9.9,13.8,13.6,10.4,7.9,7.4,15.9,16.8,14.5,95.0,95.6,95.8,66.0,66.8,66.4,0.0,0.0,0.0,999.9,999.9,999.9,0,7.9,10.1
16585596,0723,77.5,80.3,80.1,54.6,47.9,50.4,873.1,896.2,888.4,9.9,13.8,13.5,6.9,7.9,7.5,11.1,16.8,14.5,93.9,95.6,95.6,62.1,66.8,66.5,0.0,0.0,0.0,999.9,999.9,999.9,18,7.8,10.1
16585596,0723,80.7,80.3,80.6,44.6,47.9,50.5,866.4,896.2,888.5,10.0,13.8,12.8,5.6,7.9,7.6,11.1,16.7,14.5,99.0,95.6,95.6,70.0,66.8,66.2,0.0,0.0,0.0,999.9,999.9,999.9,0,7.9,10.1
16585596,0723,81.8,80.3,80.3,57.2,47.9,50.2,872.7,896.2,888.3,9.7,13.8,11.7,9.8,7.9,7.4,22.0,16.7,14.4,98.1,95.6,96.3,72.0,66.8,66.1,0.0,0.0,0.0,999.9,999.9,999.9,18,7.9,9.5
16585596,0723,79.9,80.3,80.2,45.0,47.9,50.4,869.7,896.2,888.2,10.0,13.8,11.7,9.8,7.9,7.6,19.0,16.7,14.8,91.9,95.7,96.4,75.0,66.8,66.2,0.0,0.0,0.0,999.9,999.9,999.9,18,7.9,10.1
16585596,0723,86.6,80.3,80.0,54.1,48.0,50.6,999.9,896.2,888.1,9.9,13.8,11.6,6.9,7.9,7.6,26.0,16.8,15.1,95.0,95.6,96.0,62.1,66.9,66.9,0.02,0.0,0.0,999.9,999.9,999.9,18,7.9,10.1
16585596,0723,80.9,80.3,80.0,48.9,48.1,50.7,870.5,896.9,892.3,10.0,13.8,11.5,9.3,7.9,7.6,20.0,16.8,15.4,99.0,95.7,95.7,66.0,66.8,66.6,0.15,0.0,0.0,999.9,999.9,999.9,18,7.9,10.7
16585596,0723,76.4,80.3,80.1,41.2,48.0,50.8,870.0,896.9,888.0,10.0,13.8,11.1,8.7,7.9,7.7,18.1,16.8,15.7,102.0,95.7,95.9,54.0,66.8,66.5,0.0,0.0,0.0,999.9,999.9,999.9,18,8.0,10.7
16585596,0723,88.1,80.3,80.0,50.9,48.0,50.3,872.4,896.9,888.0,22.2,13.8,10.7,6.9,7.9,7.7,14.0,16.8,15.9,102.0,95.7,96.2,54.0,66.7,66.2,0.0,0.0,0.0,999.9,999.9,999.9,0,8.0,10.7
16585596,0723,81.1,80.3,80.1,37.5,48.1,50.1,873.0,896.9,888.1,10.0,13.8,11.1,6.6,7.9,7.8,15.9,16.8,15.8,91.9,95.7,96.2,66.9,66.6,65.7,0.03,0.0,0.0,999.9,999.9,999.9,0,8.0,10.1
16585596,0723,83.0,80.3,80.8,47.1,48.1,49.8,866.4,896.2,888.2,10.0,13.8,11.1,6.5,7.9,7.7,15.9,16.8,16.0,95.0,95.7,96.0,68.0,66.6,65.8,0.0,0.0,0.0,999.9,999.9,999.9,0,8.0,9.5
16585596,0723,76.7,80.4,80.8,52.0,48.1,49.8,872.9,896.2,888.1,10.0,13.8,11.1,9.8,7.9,7.6,8.9,16.8,15.7,98.1,95.7,95.8,66.9,66.6,65.9,0.01,0.0,0.0,999.9,999.9,999.9,0,8.0,8.9
16585596,0723,82.7,80.3,80.9,54.5,48.1,50.0,869.5,896.2,888.1,10.0,13.8,11.1,11.6,7.9,7.8,12.0,16.8,15.6,102.0,95.8,96.5,59.0,66.6,65.8,0.14,0.0,0.0,999.9,999.9,999.9,16,8.0,8.3
16585596,0723,78.4,80.3,81.0,47.2,48.2,50.0,869.5,896.2,888.1,9.9,13.8,10.5,8.1,7.9,7.9,31.1,16.7,15.4,98.1,95.8,96.9,72.0,66.5,65.4,0.02,0.0,0.0,999.9,999.9,999.9,0,8.1,8.8
16585596,0723,76.7,80.3,80.7,41.2,48.2,50.0,869.5,896.2,888.1,10.0,13.8,10.4,6.9,8.0,7.8,24.3,16.8,15.8,102.0,95.8,96.7,62.1,66.5,65.8,0.0,0.0,0.0,999.9,999.9,999.9,0,8.1,8.8
16585596,0723,69.7,80.3,80.5,36.2,48.1,49.5,872.7,896.2,888.0,9.7,13.8,10.4,6.2,8.0,7.8,34.0,16.8,15.8,102.9,95.8,96.7,71.1,66.5,65.4,0.0,0.0,0.0,999.9,999.9,999.9,0,8.1,8.8
16585596,0723,82.8,80.3,80.2,49.2,48.1,48.8,999.9,896.2,888.1,13.5,13.8,10.4,5.6,7.9,7.9,19.0,16.9,16.6,98.1,95.8,96.7,71.1,66.5,65.9,0.0,0.0,0.0,999.9,999.9,999.9,18,8.1,8.8
16585596,0723,85.2,80.3,80.0,34.9,48.1,48.6,870.5,896.9,892.3,10.0,13.8,10.6,5.3,7.9,7.8,13.0,17.0,16.8,93.9,95.9,96.8,64.9,66.6,66.2,0.0,0.0,0.0,999.9,999.9,999.9,18,8.1,8.8
16585596,0723,88.8,80.3,80.8,41.6,48.0,47.8,872.4,896.9,892.2,9.9,13.8,10.6,10.1,7.9,7.8,14.0,16.9,16.6,99.0,95.9,96.9,66.2,66.5,66.2,0.0,0.0,0.0,999.9,999.9,999.9,18,8.1,9.4
16585596,0723,80.7,80.3,81.2,45.2,48.0,47.4,871.4,896.9,892.4,9.8,13.6,10.6,11.6,7.9,7.8,11.1,16.8,16.5,93.9,95.9,96.7,64.9,66.5,66.4,0.0,0.0,0.0,999.9,999.9,999.9,18,8.1,9.4
16585596,0723,76.8,80.3,81.2,50.9,48.0,47.1,873.6,896.9,892.4,9.7,13.5,10.6,7.8,7.9,7.8,19.0,16.8,16.5,93.9,95.8,96.6,68.0,66.5,66.1,0.11,0.0,0.0,999.9,999.9,999.9,18,8.2,10.0
16585596,0723,86.8,80.2,81.0,55.9,48.0,47.3,869.5,896.2,892.5,10.0,13.5,10.5,7.8,7.9,7.7,22.0,16.8,16.8,87.1,95.8,96.4,66.9,66.5,66.1,0.02,0.0,0.0,999.9,999.9,999.9,0,8.3,10.1
16585596,0723,89.6,80.3,81.0,41.4,48.0,47.6,870.0,896.2,888.1,14.9,13.5,10.5,10.6,7.9,7.8,11.1,16.9,17.2,95.0,95.7,96.0,64.9,66.5,66.1,0.0,0.0,0.0,999.9,999.9,999.9,18,8.3,10.1
16585596,0723,86.6,80.3,81.4,39.9,48.0,47.6,873.1,896.2,888.0,20.3,13.5,10.7,4.9,7.9,8.0,11.1,16.9,17.1,104.0,95.7,95.9,71.1,66.5,66.1,0.0,0.0,0.0,999.9,999.9,999.9,0,8.4,10.1
16585596,0723,79.9,80.3,81.5,41.6,47.9,47.3,869.5,896.2,888.1,9.8,13.5,11.1,8.8,7.9,7.9,15.9,16.9,16.4,99.0,95.8,96.3,70.0,66.5,66.3,0.0,0.0,0.0,999.9,999.9,999.9,18,8.3,10.1
16585596,0723,81.8,80.3,81.7,55.6,47.9,47.3,871.4,895.5,888.0,14.9,13.5,11.1,10.6,7.9,8.0,11.1,16.9,16.6,102.9,95.8,96.9,71.1,66.6,66.3,0.0,0.0,0.0,999.9,999.9,999.9,0,8.3,10.7
16585596,0723,89.6,80.3,81.7,47.1,47.9,47.4,870.5,894.8,888.1,9.9,13.5,11.2,8.1,7.9,8.2,14.0,16.8,16.6,93.9,95.8,97.4,64.9,66.6,66.6,0.0,0.0,0.0,999.9,999.9,999.9,0,8.3,10.7
16585596,0723,82.8,80.4,82.1,44.6,47.9,47.1,869.0,894.8,888.0,10.0,13.5,11.2,10.2,7.9,8.2,24.1,16.8,16.7,95.0,95.8,97.1,62.2,66.7,66.7,0.0,0.0,0.0,999.9,999.9,999.9,0,8.3,10.1
16585596,0723,89.2,80.4,82.2,40.5,47.9,47.2,871.0,894.7,883.6,10.0,13.5,11.1,8.8,8.0,8.2,12.0,16.9,17.0,102.9,95.9,97.0,73.9,66.7,66.6,0.0,0.0,0.0,999.9,999.9,999.9,0,8.3,9.5
16585596,0723,78.3,80.5,82.2,55.9,47.9,46.9,869.7,894.7,883.6,9.8,13.5,11.1,9.8,8.0,8.2,18.1,16.9,17.1,93.9,96.0,97.3,66.2,66.7,66.6,0.0,0.0,0.0,999.9,999.9,999.9,18,8.2,8.9
16585596,0723,62.0,80.5,82.2,47.1,47.9,46.8,873.1,894.7,883.7,10.0,13.3,11.1,6.2,8.0,8.3,34.0,16.9,17.2,89.1,96.0,97.3,66.0,66.7,66.5,0.02,0.0,0.0,999.9,999.9,999.9,0,8.3,8.9
16585596,0723,76.7,80.4,81.4,55.6,47.9,46.8,875.8,894.8,879.4,10.0,13.3,11.1,5.3,7.9,8.2,8.9,17.0,17.8,102.0,96.0,97.1,62.2,66.7,66.5,0.11,0.0,0.0,999.9,999.9,999.9,0,8.3,8.9
16585596,0723,85.4,80.3,81.3,55.6,47.9,46.8,870.0,894.8,879.5,9.9,13.3,11.1,6.9,7.9,8.1,22.0,17.0,17.7,99.0,96.0,97.4,62.2,66.7,66.5,0.01,0.0,0.0,999.9,999.9,999.9,18,8.3,8.3
16585596,0723,78.3,80.3,81.5,36.2,47.9,47.2,870.4,894.8,879.6,9.9,13.3,11.1,11.6,7.9,8.2,19.0,17.0,18.1,102.0,96.1,97.4,62.2,66.7,66.2,0.33,0.0,0.0,999.9,999.9,999.9,0,8.4,8.9
16585596,0723,81.1,80.3,81.4,54.6,47.9,46.5,873.0,894.8,879.6,10.0,13.3,11.1,6.2,7.9,8.2,13.0,17.0,18.0,98.1,96.0,97.5,70.0,66.6,65.9,0.0,0.0,0.0,999.9,999.9,999.9,0,8.4,8.3
16585596,0723,88.1,80.3,81.4,47.2,47.9,46.8,999.9,894.8,879.7,9.7,13.3,11.1,10.1,7.9,8.1,15.9,17.0,17.8,88.7,96.1,97.7,71.1,66.6,65.7,0.0,0.0,0.0,999.9,999.9,999.9,18,8.3,7.7
16585596,0723,86.6,80.4,81.5,55.6,47.9,46.6,999.9,895.5,879.7,10.0,13.3,11.1,4.9,7.9,8.2,31.1,16.9,17.4,104.0,96.1,97.5,75.9,66.6,66.0,0.0,0.0,0.0,999.9,999.9,999.9,0,8.4,7.7
16585596,0723,82.8,80.4,81.7,44.6,47.9,46.8,872.9,896.2,884.0,10.0,13.3,11.1,6.5,7.9,8.1,15.9,17.0,17.8,102.0,96.1,97.6,71.1,66.7,66.3,0.0,0.0,0.0,999.9,999.9,999.9,18,8.4,7.1
16585596,0723,77.1,80.4,81.9,40.5,47.8,46.9,999.9,896.2,884.1,9.9,13.3,11.1,5.3,7.9,8.0,20.0,17.0,17.7,88.7,96.2,97.6,62.1,66.8,66.9,0.0,0.0,0.0,999.9,999.9,999.9,18,8.5,7.1
16585596,0723,76.7,80.4,81.5,54.5,47.8,46.6,872.4,896.9,888.3,14.9,13.3,10.7,8.8,7.9,8.0,15.0,17.0,17.9,93.0,96.1,97.2,70.0,66.8,67.2,0.0,0.0,0.0,999.9,999.9,999.9,18,8.6,7.7
16585596,0723,77.5,80.4,81.4,41.6,48.0,47.1,999.9,896.9,888.3,10.0,13.3,10.9,6.9,7.9,8.0,12.0,17.0,17.9,95.0,96.1,97.2,73.9,66.8,67.3,0.33,0.0,0.0,999.9,999.9,999.9,0,8.6,8.3
16585596,0723,89.2,80.4,81.2,41.4,47.9,46.9,870.5,897.6,892.8,9.7,13.3,10.9,6.6,7.9,8.0,24.3,17.0,17.8,104.0,96.1,97.2,72.0,66.9,67.5,0.0,0.0,0.0,999.9,999.9,999.9,2,8.4,8.3
16585596,0723,82.8,80.4,81.6,52.0,47.8,46.6,872.9,897.6,892.7,10.0,13.3,10.9,6.9,7.9,7.9,19.0,17.0,18.3,104.0,96.2,97.4,66.9,67.0,67.6,0.0,0.0,0.0,999.9,999.9,999.9,18,8.4,8.4
16585596,0723,85.2,80.5,81.6,50.9,47.9,46.5,872.4,896.9,892.8,10.0,13.3,10.9,8.7,7.9,7.8,19.0,17.0,18.5,90.0,96.2,97.5,62.1,67.1,67.9,0.0,0.0,0.0,999.9,999.9,999.9,18,8.4,8.5
16585596,0723,85.4,80.5,81.8,55.9,47.9,46.6,999.9,896.9,892.9,22.3,13.3,10.9,5.1,7.9,7.8,8.9,17.0,18.1,98.1,96.1,97.2,62.1,67.1,67.6,0.0,0.0,0.0,999.9,999.9,999.9,48,8.5,9.1
16585596,0723,85.4,80.5,82.1,40.5,48.0,47.1,869.0,897.6,897.2,10.0,13.3,11.3,10.4,7.9,7.7,8.9,17.0,17.6,98.1,96.2,97.1,66.9,67.1,67.6,0.11,0.0,0.0,999.9,999.9,999.9,0,8.7,10.7
16585596,0723,76.7,80.5,82.6,52.0,48.0,47.3,999.9,896.9,897.1,10.0,13.2,11.3,10.4,7.9,7.9,14.0,17.0,16.7,91.9,96.2,96.9,68.0,67.1,67.4,0.0,0.0,0.0,999.9,999.9,999.9,18,8.6,10.7
16585596,0723,87.8,80.5,82.4,55.6,48.0,47.4,872.4,897.6,897.1,9.9,13.2,11.2,6.2,7.9,8.0,15.9,16.9,16.6,93.0,96.1,96.7,75.9,67.1,67.3,0.17,0.0,0.0,999.9,999.9,999.9,18,8.7,10.7
16585596,0723,78.4,80.6,82.5,54.1,48.1,48.1,870.4,897.6,897.2,10.0,13.2,11.2,6.5,7.9,8.1,15.0,16.8,16.7,93.0,96.1,96.7,66.0,67.2,67.7,0.33,0.0,0.0,999.9,999.9,999.9,18,8.8,10.7
16585596,0723,86.6,80.6,82.2,54.5,48.1,48.5,999.9,897.6,897.1,9.8,13.2,11.2,8.1,7.9,8.0,19.0,16.8,16.7,104.0,96.1,96.5,62.2,67.2,67.7,0.0,0.0,0.1,999.9,999.9,999.9,0,8.8,10.7
16585596,0723,76.8,80.6,82.4,34.9,48.1,48.8,871.4,898.3,901.4,10.0,13.2,11.2,5.3,7.9,7.8,14.0,16.8,17.0,99.0,96.1,96.8,71.1,67.1,67.6,0.0,0.0,0.1,999.9,999.9,999.9,18,8.7,10.1
16585596,0723,82.3,80.6,82.4,52.0,48.1,48.2,870.4,897.6,901.3,9.9,13.2,11.2,8.2,7.9,7.8,19.0,16.8,16.8,102.0,96.1,97.0,75.9,67.1,67.7,0.02,0.0,0.0,999.9,999.9,999.9,18,8.8,10.1
16585596,0723,77.5,80.6,82.2,36.2,48.1,48.1,872.9,897.6,901.4,20.3,13.2,11.2,6.5,7.9,7.8,11.1,16.8,16.7,79.0,96.2,97.5,64.9,67.2,68.0,0.11,0.0,0.0,999.9,999.9,999.9,18,8.9,10.7
16585596,0723,86.8,80.6,81.8,50.9,48.1,47.9,871.4,897.6,901.4,30.7,13.2,11.4,5.6,7.9,7.6,8.9,16.7,16.7,89.1,96.1,97.0,61.0,67.2,68.0,0.0,0.0,0.1,999.9,999.9,999.9,0,8.7,10.7
16585596,0723,79.9,80.6,81.8,34.9,48.1,48.3,866.4,897.6,901.4,30.7,13.2,11.7,5.6,7.9,7.6,18.1,16.7,16.6,102.9,96.1,96.5,71.1,67.1,67.7,0.0,0.0,0.1,999.9,999.9,999.9,18,8.7,10.7
16585596,0723,81.1,80.6,81.8,41.6,48.0,48.1,999.9,897.6,901.3,20.3,13.3,12.4,6.2,7.9,7.5,19.0,16.6,16.7,99.0,96.1,96.6,66.0,67.1,67.7,0.0,0.0,0.1,999.9,999.9,999.9,0,8.7,10.7
16585596,0723,88.8,80.6,81.8,41.2,48.0,47.6,872.4,898.3,905.6,9.9,13.3,12.6,6.2,7.8,7.4,15.9,16.5,17.0,88.7,96.1,96.5,66.0,67.1,67.5,0.0,0.0,0.1,999.9,999.9,999.9,18,8.7,10.7
16585596,0723,80.7,80.6,81.8,44.1,48.0,47.4,873.5,898.3,905.6,22.3,13.2,12.6,9.3,7.8,7.3,12.0,16.6,17.0,102.9,96.1,96.3,59.0,67.1,67.6,0.0,0.0,0.1,999.9,999.9,999.9,0,8.8,11.3
16585596,0723,79.3,80.6,81.7,41.2,48.0,47.4,999.9,898.3,905.8,22.2,13.3,13.0,10.1,7.9,7.3,15.9,16.6,16.6,93.9,96.1,96.6,57.9,67.0,67.5,0.0,0.0,0.1,999.9,999.9,999.9,18,8.8,11.3
16585596,0723,86.6,80.6,81.4,50.9,48.0,47.4,870.5,899.1,910.1,10.0,13.3,13.4,6.2,7.9,7.3,26.0,16.5,16.8,88.7,96.1,96.3,66.0,67.0,66.9,0.0,0.0,0.1,999.9,999.9,999.9,18,8.9,11.9
16585596,0723,82.7,80.6,81.7,41.6,48.0,47.3,869.5,899.0,910.1,10.0,13.3,13.4,6.4,7.8,7.2,12.0,16.5,17.0,102.0,96.1,96.1,57.9,67.0,66.9,0.0,0.0,0.1,999.9,999.9,999.9,0,9.0,11.9
16585596,0723,76.7,80.7,82.3,54.6,48.0,47.1,869.0,899.0,910.0,10.0,13.3,13.4,8.1,7.8,7.2,15.0,16.5,16.3,102.9,96.2,96.5,66.0,66.9,66.7,0.0,0.0,0.1,999.9,999.9,999.9,48,9.0,11.9
16585596,0723,88.8,80.6,82.3,41.4,48.1,47.0,869.0,898.3,909.8,10.0,13.3,13.4,5.3,7.8,7.3,24.3,16.4,16.5,99.0,96.2,96.6,61.0,67.0,66.8,0.0,0.0,0.0,999.9,999.9,999.9,18,9.2,13.5
16585596,0723,81.1,80.7,82.5,41.4,48.1,46.6,872.7,898.3,909.7,22.3,13.3,13.4,6.9,7.8,7.3,11.1,16.5,16.6,89.1,96.2,96.6,54.0,67.0,66.7,0.03,0.0,0.0,999.9,999.9,999.9,0,9.3,13.5
16585596,0723,86.8,80.7,82.5,41.4,48.0,46.7,868.1,898.3,909.8,10.0,13.3,13.8,4.9,7.8,7.1,13.0,16.5,16.3,102.0,96.2,96.1,73.9,66.9,66.5,0.0,0.0,0.0,999.9,999.9,999.9,0,9.2,13.5
16585596,0723,62.0,80.8,82.7,45.0,48.0,46.3,868.1,898.3,909.6,9.9,13.3,13.8,10.2,7.8,7.1,11.1,16.5,16.3,91.9,96.2,96.3,54.0,66.9,66.6,0.01,0.0,0.0,999.9,999.9,999.9,0,9.2,13.5
16585596,0723,74.2,80.7,81.9,41.4,48.0,46.2,872.4,897.6,905.2,10.0,13.3,13.8,10.6,7.8,7.1,13.0,16.5,16.1,79.0,96.2,96.4,61.0,66.8,66.0,0.0,0.0,0.0,999.9,999.9,999.9,18,9.2,12.9
16585596,0723,88.1,80.6,81.5,49.2,48.0,45.8,869.5,896.8,901.0,10.0,13.3,13.8,8.1,7.8,7.3,14.0,16.5,15.5,93.9,96.1,95.5,62.1,66.9,65.5,0.01,0.0,0.0,999.9,999.9,999.9,0,9.2,13.5
16585596,0723,79.3,80.6,81.6,36.2,48.0,45.9,872.4,896.8,900.9,14.9,13.2,13.8,6.2,7.8,7.3,11.1,16.4,15.5,93.9,96.1,95.3,61.0,66.8,65.2,0.0,0.0,0.0,999.9,999.9,999.9,0,9.2,12.9
16585596,0723,81.1,80.6,81.7,40.5,47.9,45.8,870.4,896.8,896.6,13.5,13.2,14.0,9.6,7.8,7.3,12.0,16.4,15.2,102.0,96.2,95.4,71.1,66.8,65.2,0.0,0.0,0.0,999.9,999.9,999.9,18,9.1,12.3
16585596,0723,82.8,80.5,81.9,41.4,47.9,45.3,873.0,896.1,896.6,10.0,13.3,14.0,10.2,7.8,7.4,18.1,16.3,15.1,95.0,96.2,95.7,66.0,66.8,65.2,0.0,0.0,0.0,999.9,999.9,999.9,0,9.1,12.3
16585596,0723,86.8,80.5,82.0,45.0,47.8,45.3,872.4,896.1,892.3,9.9,13.3,14.0,4.9,7.8,7.5,19.0,16.4,15.3,93.0,96.2,95.7,73.9,66.8,65.0,0.0,0.0,0.0,999.9,999.9,999.9,0,9.1,12.3
16585596,0723,89.6,80.6,82.0,54.6,47.7,45.4,872.4,896.1,892.4,9.8,13.3,14.0,6.2,7.8,7.4,13.0,16.4,15.1,90.0,96.2,95.4,66.9,66.8,65.0,0.0,0.0,0.0,999.9,999.9,999.9,16,9.1,12.2
16585596,0723,82.7,80.6,82.2,46.5,47.8,45.5,999.9,896.1,892.4,10.0,13.3,14.0,6.6,7.8,7.4,13.0,16.4,14.9,102.0,96.2,94.9,71.1,66.8,65.0,0.0,0.0,0.0,999.9,999.9,999.9,16,9.1,12.1
16585596,0723,76.8,80.6,82.1,39.9,47.8,45.4,999.9,896.1,896.6,9.9,13.3,14.0,4.9,7.8,7.3,31.1,16.3,14.7,93.0,96.2,95.3,62.2,66.8,65.3,0.03,0.0,0.0,999.9,999.9,999.9,0,9.2,12.1
16585596,0723,78.4,80.6,81.8,41.6,47.9,44.8,869.6,896.8,896.6,14.9,13.3,13.5,3.7,7.8,7.3,19.0,16.4,15.5,93.9,96.2,95.1,71.1,66.7,65.3,0.0,0.0,0.0,999.9,999.9,999.9,2,9.2,10.5
16585596,0723,85.4,80.5,81.6,45.0,47.8,44.9,873.0,896.8,896.7,22.3,13.3,13.7,8.7,7.7,7.1,10.1,16.4,15.8,102.9,96.2,95.0,57.0,66.8,65.5,0.14,0.0,0.0,999.9,999.9,999.9,0,9.2,10.5
16585596,0723,81.1,80.6,81.9,45.2,47.7,44.6,999.9,896.9,892.4,9.8,13.4,14.1,6.3,7.7,7.0,18.1,16.3,15.7,99.0,96.2,95.4,70.0,66.7,65.1,0.01,0.0,0.0,999.9,999.9,999.9,0,9.2,9.9
16585596,0723,79.9,80.6,81.6,47.2,47.8,44.3,868.1,897.6,896.7,10.0,13.4,14.1,3.7,7.7,7.1,34.0,16.3,15.7,93.0,96.3,95.6,62.2,66.8,64.9,0.0,0.0,0.0,999.9,999.9,999.9,0,9.2,9.3
16585596,0723,79.9,80.6,81.7,39.9,47.8,44.0,870.4,897.6,896.6,10.0,13.4,14.1,5.3,7.7,7.0,19.0,16.4,16.4,79.0,96.2,95.6,54.0,66.8,64.8,0.0,0.0,0.0,999.9,999.9,999.9,18,9.2,8.7
16585596,0723,86.6,80.6,81.5,44.6,47.8,43.6,869.5,897.6,892.3,10.0,13.4,14.1,11.6,7.7,6.9,10.1,16.3,16.4,93.0,96.1,94.7,71.1,66.7,64.5,0.0,0.0,0.0,999.9,999.9,999.9,0,9.3,9.3
16585596,0723,77.5,80.6,81.8,44.6,47.8,43.9,872.7,897.6,892.2,22.2,13.2,14.1,9.8,7.7,7.1,8.9,16.3,16.2,104.0,96.2,94.5,66.0,66.7,64.5,0.0,0.0,0.0,999.9,999.9,999.9,16,9.1,8.7
16585596,0723,76.4,80.6,81.6,46.5,47.8,43.6,869.0,896.9,892.3,41.0,13.3,14.5,3.7,7.7,7.1,13.0,16.3,15.9,95.0,96.2,94.6,71.1,66.6,64.2,0.0,0.0,0.0,999.9,999.9,999.9,18,9.1,8.7
16585596,0723,78.3,80.6,81.6,36.2,47.8,44.0,870.5,896.8,892.2,14.9,13.4,15.2,6.3,7.7,7.0,18.1,16.3,16.0,102.0,96.3,95.1,66.0,66.6,64.4,0.0,0.0,0.0,999.9,999.9,999.9,18,9.2,8.7
16585596,0723,83.0,80.6,81.3,47.1,47.7,43.5,999.9,896.8,892.1,10.0,13.5,14.7,9.9,7.7,7.1,24.3,16.3,16.3,95.0,96.3,95.6,73.0,66.6,64.6,0.0,0.0,0.0,999.9,999.9,999.9,0,9.3,9.3
16585596,0723,83.0,80.6,81.4,47.2,47.7,43.9,871.5,896.8,896.6,10.0,13.5,14.0,10.4,7.7,7.2,22.0,16.3,16.5,95.0,96.3,95.3,54.0,66.6,64.6,0.33,0.0,0.0,999.9,999.9,999.9,48,9.3,8.7
16585596,0723,82.8,80.6,81.5,34.9,47.7,44.1,872.7,896.8,892.3,30.7,13.5,13.7,6.5,7.7,7.3,18.1,16.4,16.6,100.0,96.3,95.2,54.0,66.6,64.2,0.0,0.0,0.0,999.9,999.9,999.9,0,9.5,10.3
16585596,0723,62.0,80.6,81.3,49.2,47.6,43.9,869.0,896.1,892.3,9.9,13.4,14.3,9.5,7.7,7.4,14.0,16.4,16.6,102.0,96.4,95.5,66.0,66.5,63.8,0.11,0.0,0.0,999.9,999.9,999.9,0,9.5,9.7
16585596,0723,79.9,80.5,80.7,55.9,47.6,44.0,872.4,896.1,892.2,10.0,13.4,13.9,5.3,7.7,7.4,12.0,16.3,16.7,90.0,96.4,95.5,70.0,66.5,64.0,0.0,0.0,0.0,999.9,999.9,999.9,18,9.4,9.7
16585596,0723,78.4,80.4,80.7,58.4,47.6,44.5,872.7,895.4,887.9,9.9,13.2,13.5,7.8,7.7,7.2,10.1,16.3,16.6,100.0,96.4,95.4,64.9,66.6,64.5,0.11,0.0,0.0,999.9,999.9,999.9,0,9.4,9.7
16585596,0723,78.4,80.4,80.4,54.6,47.6,44.8,869.5,895.4,888.0,9.9,13.2,13.5,6.2,7.7,7.3,13.0,16.3,16.1,90.0,96.4,95.8,66.0,66.6,64.4,0.0,0.0,0.0,999.9,999.9,999.9,0,9.3,9.1
16585596,0723,82.3,80.4,80.3,57.5,47.7,45.2,999.9,895.4,888.0,20.3,13.2,13.5,8.1,7.7,7.2,20.0,16.2,16.1,87.1,96.3,95.3,64.9,66.6,64.7,0.0,0.0,0.0,999.9,999.9,999.9,18,9.2,9.1
16585596,0723,74.2,80.4,80.4,36.2,47.7,45.3,873.0,895.4,892.4,10.0,13.2,13.9,5.6,7.7,7.2,15.9,16.3,16.3,95.0,96.2,94.8,66.2,66.6,64.7,0.17,0.0,0.0,999.9,999.9,999.9,18,9.3,8.1
16585596,0723,80.7,80.3,80.0,55.6,47.7,45.1,872.9,895.4,892.5,10.0,13.2,13.9,6.9,7.7,7.3,19.0,16.3,16.0,89.1,96.2,94.7,68.0,66.6,64.8,0.0,0.0,0.0,999.9,999.9,999.9,0,9.4,8.1
16585596,0723,83.0,80.4,79.9,44.6,47.7,45.6,869.5,895.4,892.5,9.9,13.2,13.5,8.7,7.7,7.3,12.0,16.3,16.2,90.0,96.1,94.7,61.0,66.6,65.3,0.0,0.0,0.0,999.9,999.9,999.9,18,9.3,8.1
16585596,0723,82.8,80.4,79.8,50.9,47.7,45.7,869.5,895.4,892.5,9.9,13.2,13.5,6.4,7.7,7.4,15.9,16.3,16.2,79.0,96.1,94.3,66.2,66.6,64.9,0.0,0.0,0.0,999.9,999.9,999.9,0,9.4,8.7
16585596,0723,89.2,80.5,80.5,34.9,47.7,45.9,870.0,894.7,892.6,30.7,13.2,13.5,4.7,7.7,7.3,18.1,16.3,16.4,93.0,96.0,93.9,54.0,66.6,65.3,0.0,0.0,0.0,999.9,999.9,999.9,18,9.3,8.7
16585596,0723,81.8,80.5,81.0,45.2,47.6,45.7,871.4,894.0,892.5,10.0,13.2,14.1,6.6,7.7,7.1,15.0,16.3,16.5,88.7,95.9,94.3,70.0,66.6,65.0,0.0,0.0,0.0,999.9,999.9,999.9,0,9.4,8.7
16585596,0723,76.8,80.5,80.8,50.2,47.6,45.6,872.4,894.0,892.6,9.9,13.2,14.1,9.9,7.6,7.0,34.0,16.2,16.6,93.0,95.9,94.2,72.0,66.6,65.3,0.0,0.0,0.0,999.9,999.9,999.9,0,9.3,8.7
16585596,0723,87.8,80.4,80.7,41.4,47.6,46.0,999.9,894.0,892.6,22.2,13.2,14.0,11.6,7.6,7.1,18.1,16.3,17.3,98.1,96.0,94.1,66.9,66.6,65.7,0.0,0.0,0.0,999.9,999.9,999.9,0,9.3,8.7
16585596,0723,81.1,80.4,80.9,45.2,47.5,46.1,872.7,894.7,896.9,9.9,13.2,14.3,5.6,7.7,7.2,11.1,16.3,17.5,93.0,95.9,94.0,62.1,66.6,65.5,0.0,0.0,0.0,999.9,999.9,999.9,18,9.3,8.1
16585596,0723,69.7,80.4,80.9,57.2,47.5,46.2,872.4,894.0,896.9,13.5,13.2,14.3,4.7,7.7,7.0,22.0,16.3,17.3,102.9,95.9,93.9,72.0,66.6,65.4,0.33,0.0,0.0,999.9,999.9,999.9,2,9.3,8.7
16585596,0723,76.7,80.4,80.3,55.9,47.5,46.6,872.4,894.0,896.9,14.9,13.3,14.4,10.1,7.7,7.0,17.1,16.4,17.4,98.1,96.0,94.3,57.9,66.6,65.3,0.0,0.0,0.0,999.9,999.9,999.9,0,9.2,8.7
16585596,0723,78.3,80.3,79.9,41.2,47.6,46.6,873.1,893.3,896.9,10.0,13.3,14.6,3.7,7.7,7.2,13.0,16.4,17.5,104.0,95.9,94.5,71.1,66.5,65.0,0.0,0.0,0.0,999.9,999.9,999.9,18,9.2,8.2
16585596,0723,80.3,80.3,79.7,39.9,47.6,46.5,873.0,893.3,892.6,9.8,13.3,14.6,9.9,7.7,7.1,13.0,16.4,17.5,90.0,96.0,94.6,66.2,66.6,65.0,0.0,0.0,0.0,999.9,999.9,999.9,0,9.3,8.3
16585596,0723,82.8,80.3,79.9,52.0,47.5,46.5,999.9,893.3,888.4,10.0,13.3,14.5,10.2,7.7,7.2,22.0,16.4,16.9,93.0,96.0,94.5,61.0,66.6,65.2,0.11,0.0,0.0,999.9,999.9,999.9,0,9.3,8.3
16585596,0723,83.0,80.4,80.0,41.6,47.4,46.8,873.0,894.0,892.8,22.3,13.1,14.4,6.4,7.7,7.5,20.0,16.4,17.0,79.0,96.0,94.5,70.0,66.5,64.8,0.0,0.0,0.0,999.9,999.9,999.9,18,9.3,8.2
16585596,0723,85.2,80.4,79.9,41.4,47.4,46.7,866.4,894.0,892.8,9.9,13.2,14.4,9.9,7.7,7.4,24.3,16.5,17.4,93.0,95.9,93.7,71.1,66.5,65.3,0.0,0.0,0.0,999.9,999.9,999.9,18,9.3,8.8
16585596,0723,77.5,80.5,80.1,54.5,47.4,46.6,869.5,894.0,888.3,30.7,13.1,14.4,9.8,7.7,7.5,19.0,16.5,17.6,102.9,95.9,93.5,59.0,66.5,65.3,0.33,0.0,0.0,999.9,999.9,999.9,0,9.3,9.4
16585596,0723,81.1,80.5,80.0,47.1,47.4,46.8,869.5,894.0,888.4,30.7,13.2,15.1,3.7,7.7,7.7,18.1,16.6,17.1,79.0,95.9,93.8,73.9,66.5,65.2,0.0,0.0,0.0,999.9,999.9,999.9,0,9.3,9.4
16585596,0723,79.9,80.5,80.0,50.9,47.4,47.1,999.9,894.0,888.3,30.7,13.3,15.8,5.6,7.7,7.6,18.1,16.6,17.0,99.0,95.8,93.8,62.1,66.6,65.9,0.11,0.0,0.0,999.9,999.9,999.9,0,9.3,8.8
16585596,0723,77.5,80.6,79.8,45.2,47.4,47.3,873.5,894.7,892.7,14.9,13.4,16.5,8.8,7.7,7.4,13.0,16.6,17.3,104.0,95.8,94.0,68.0,66.5,65.6,0.11,0.0,0.1,999.9,999.9,999.9,0,9.3,8.8
16585596,0723,79.3,80.6,79.8,54.5,47.5,47.3,872.4,894.7,892.7,9.9,13.4,16.2,8.2,7.7,7.4,19.0,16.6,17.4,90.0,95.8,94.0,62.1,66.4,65.6,0.01,0.0,0.1,999.9,999.9,999.9,0,9.3,8.3
16585596,0723,80.3,80.6,79.9,40.5,47.5,47.6,872.4,894.7,892.8,10.0,13.4,15.2,10.6,7.7,7.6,10.1,16.6,17.6,102.0,95.8,93.8,62.1,66.5,65.3,0.14,0.0,0.1,999.9,999.9,999.9,18,9.3,7.7
16585596,0723,85.2,80.6,80.0,57.6,47.4,47.7,872.9,894.7,892.9,10.0,13.4,15.0,8.8,7.7,7.7,14.0,16.6,17.4,98.1,95.9,93.8,62.1,66.4,65.2,0.0,0.0,0.1,999.9,999.9,999.9,18,9.4,7.7
16585596,0723,79.9,80.7,80.0,33.1,47.5,48.0,869.6,894.7,888.6,20.3,13.3,15.0,8.1,7.7,7.7,20.0,16.6,17.0,99.0,95.9,93.9,68.0,66.4,64.8,0.0,0.0,0.1,999.9,999.9,999.9,18,9.4,8.3
16585596,0723,88.8,80.6,79.9,46.5,47.4,47.6,999.9,894.0,888.6,10.0,13.3,15.4,10.6,7.7,7.6,10.1,16.6,17.0,89.1,95.9,94.1,57.9,66.3,65.3,0.11,0.0,0.1,999.9,999.9,999.9,0,9.5,7.3
16585596,0723,80.3,80.6,80.1,49.3,47.3,48.0,872.4,894.7,892.8,9.9,13.3,14.7,5.1,7.7,7.7,19.0,16.6,16.7,99.0,95.8,93.7,61.0,66.3,65.4,0.03,0.0,0.1,999.9,999.9,999.9,0,9.4,7.3
16585596,0723,86.6,80.6,80.7,36.2,47.3,48.0,870.0,894.7,892.9,9.8,13.3,14.7,6.6,7.7,7.6,15.0,16.6,16.9,93.0,95.8,93.6,64.9,66.2,65.3,0.0,0.0,0.1,999.9,999.9,999.9,48,9.4,7.3
16585596,0723,86.6,80.7,81.0,54.1,47.3,47.3,868.1,894.7,892.9,10.0,13.3,14.7,6.6,7.7,7.6,8.9,16.6,17.0,95.0,95.8,93.7,71.1,66.2,65.1,0.0,0.0,0.1,999.9,999.9,999.9,18,9.7,8.3
16585596,0723,77.1,80.7,81.2,44.1,47.3,47.2,870.0,894.7,892.7,10.0,13.2,14.7,9.3,7.7,7.6,18.1,16.6,16.9,99.0,95.8,93.5,73.9,66.2,65.3,0.0,0.0,0.0,999.9,999.9,999.9,2,9.8,8.9
16585596,0723,77.5,80.7,81.2,48.9,47.3,46.8,873.1,894.0,892.7,10.0,13.2,14.7,5.6,7.7,7.7,11.1,16.6,17.1,95.0,95.8,93.8,70.0,66.2,65.6,0.01,0.0,0.0,999.9,999.9,999.9,2,9.8,8.9
16585596,0723,80.9,80.7,81.0,39.9,47.3,46.5,871.0,894.0,888.5,22.3,13.2,14.3,3.7,7.6,7.6,18.1,16.6,16.8,99.0,95.8,94.1,61.0,66.3,65.7,0.0,0.0,0.0,999.9,999.9,999.9,18,9.8,8.4
16585596,0723,81.1,80.6,81.3,45.2,47.3,46.7,999.9,894.0,888.4,10.0,13.2,14.7,6.4,7.6,7.5,11.1,16.6,16.9,100.0,95.8,94.2,66.0,66.2,65.6,0.0,0.0,0.0,999.9,999.9,999.9,18,9.8,8.4
16585596,0723,79.3,80.7,81.3,54.6,47.3,46.3,999.9,894.7,892.7,9.7,13.2,14.7,10.2,7.6,7.5,19.0,16.6,16.6,98.1,95.8,94.6,66.0,66.2,65.5,0.0,0.0,0.0,999.9,999.9,999.9,0,9.9,9.0
16585596,0723,79.3,80.7,81.1,48.9,47.4,46.6,873.6,895.4,897.0,10.0,13.1,14.7,5.3,7.6,7.6,15.0,16.6,16.8,100.0,95.9,94.9,61.0,66.1,65.7,0.0,0.0,0.0,999.9,999.9,999.9,18,9.9,8.4
16585596,0723,76.4,80.7,81.0,40.5,47.4,46.6,873.0,895.5,897.1,20.3,13.1,14.7,10.2,7.6,7.5,13.0,16.6,16.8,99.0,95.9,95.6,73.9,66.1,65.5,0.15,0.0,0.0,999.9,999.9,999.9,18,10.0,9.0
16585596,0723,82.8,80.6,80.6,36.2,47.4,46.8,873.6,895.5,897.2,10.0,13.1,14.4,9.3,7.6,7.7,14.0,16.6,16.6,93.9,95.9,95.8,73.9,66.1,66.1,0.0,0.0,0.0,999.9,999.9,999.9,0,10.0,9.0
16585596,0723,86.8,80.7,80.6,40.5,47.3,46.5,999.9,894.8,897.3,22.3,13.1,14.4,4.7,7.6,7.8,19.0,16.6,16.6,95.0,95.9,95.9,73.0,66.1,66.3,0.0,0.0,0.0,999.9,999.9,999.9,18,10.0,9.0
16585596,0723,69.7,80.7,81.0,44.1,47.2,46.1,999.9,895.5,901.6,10.0,13.2,14.8,6.9,7.6,7.6,13.0,16.6,16.1,102.0,95.9,96.0,73.9,66.1,66.3,0.0,0.0,0.0,999.9,999.9,999.9,0,10.1,9.6
16585596,0723,76.7,80.7,80.4,37.5,47.2,46.2,869.6,896.2,901.6,10.0,13.2,14.4,6.4,7.6,7.5,15.9,16.6,15.9,90.0,95.9,96.1,66.0,66.1,66.5,0.0,0.0,0.0,999.9,999.9,999.9,0,10.1,9.6
16585596,0723,89.6,80.7,80.2,50.2,47.1,46.0,869.5,896.2,901.5,10.0,13.2,14.4,4.7,7.5,7.5,22.0,16.6,16.1,104.0,95.8,96.0,68.0,66.2,66.7,0.0,0.0,0.0,999.9,999.9,999.9,0,10.0,9.0
16585596,0723,62.0,80.8,80.9,44.6,47.1,45.7,872.9,896.2,901.4,10.0,13.2,14.3,5.1,7.5,7.5,18.1,16.6,16.1,93.9,95.9,96.1,66.0,66.2,66.5,0.0,0.0,0.0,999.9,999.9,999.9,0,9.9,8.9
16585596,0723,88.8,80.8,80.4,44.1,47.1,45.4,999.9,896.2,901.4,10.0,13.2,14.1,4.9,7.5,7.3,10.1,16.7,16.1,93.9,95.8,95.9,64.9,66.2,66.8,0.0,0.0,0.0,999.9,999.9,999.9,18,9.9,8.9
16585596,0723,87.8,80.8,80.7,57.5,47.0,45.5,999.9,896.9,905.6,9.9,13.2,14.1,10.1,7.5,7.4,15.9,16.6,16.0,95.0,95.8,95.6,62.1,66.2,66.6,0.0,0.0,0.0,999.9,999.9,999.9,18,10.0,8.9
16585596,0723,80.3,80.8,81.0,57.6,47.1,46.0,870.0,897.6,909.8,22.2,13.2,14.1,5.3,7.5,7.4,18.1,16.5,16.1,98.1,95.8,95.8,68.0,66.2,66.5,0.11,0.0,0.0,999.9,999.9,999.9,18,10.1,9.5
16585596,0723,83.0,80.8,80.9,47.1,47.2,46.2,999.9,897.6,905.5,9.7,13.1,14.5,3.7,7.5,7.2,20.0,16.5,16.0,104.0,95.8,95.9,66.0,66.2,66.7,0.0,0.0,0.0,999.9,999.9,999.9,18,10.2,10.1
16585596,0723,85.2,80.9,80.9,47.2,47.2,46.4,868.1,898.3,909.7,9.9,13.1,14.1,8.8,7.5,7.1,31.1,16.4,16.0,89.1,95.9,96.8,66.2,66.2,66.6,0.0,0.0,0.0,999.9,999.9,999.9,18,10.3,10.1
16585596,0723,76.7,80.9,80.9,33.1,47.2,46.6,872.7,898.3,909.8,9.9,13.0,14.1,5.3,7.5,7.1,22.0,16.5,16.2,99.0,95.9,96.6,72.0,66.2,66.4,0.0,0.0,0.0,999.9,999.9,999.9,0,10.3,10.1
16585596,0723,80.3,80.8,80.9,47.2,47.1,45.9,870.4,897.6,909.9,10.0,13.0,13.4,9.8,7.5,7.0,12.0,16.5,16.3,93.9,95.8,96.5,73.9,66.3,66.8,0.0,0.0,0.0,999.9,999.9,999.9,0,10.2,10.1
16585596,0723,82.3,80.9,80.9,48.9,47.1,45.9,873.6,896.9,909.9,10.0,13.0,12.7,7.8,7.5,7.2,22.0,16.4,16.1,93.0,95.8,97.0,66.2,66.2,66.8,0.0,0.0,0.0,999.9,999.9,999.9,0,9.9,10.1
16585596,0723,74.2,80.9,80.9,44.1,47.0,45.8,870.0,896.2,905.7,9.7,13.0,12.0,7.8,7.5,7.2,13.0,16.4,16.3,90.0,95.8,96.8,71.1,66.3,67.0,0.33,0.0,0.0,999.9,999.9,999.9,18,9.9,10.1
16585596,0723,77.1,80.8,80.8,58.4,47.0,45.8,999.9,896.2,905.6,9.7,13.0,11.9,9.6,7.5,7.2,24.3,16.4,16.3,93.9,95.8,96.3,70.0,66.3,67.1,0.0,0.0,0.0,999.9,999.9,999.9,0,9.9,10.7
16585596,0723,83.0,80.8,80.8,58.4,47.0,45.9,870.5,896.2,909.9,10.0,13.0,11.9,5.3,7.5,7.2,26.0,16.5,16.4,89.1,95.9,96.5,68.0,66.3,67.3,0.11,0.0,0.0,999.9,999.9,999.9,0,9.8,10.7
16585596,0723,86.6,80.8,80.8,41.2,47.1,46.5,868.1,895.4,909.8,9.7,13.0,11.9,5.3,7.5,7.1,18.1,16.5,17.0,93.0,95.9,96.0,73.0,66.3,67.5,0.0,0.0,0.0,999.9,999.9,999.9,0,9.7,10.1
16585596,0723,86.8,81.0,80.9,45.2,47.1,46.0,999.9,895.4,909.6,30.7,13.0,11.8,10.6,7.4,7.0,17.1,16.4,17.1,104.0,95.8,95.9,66.2,66.3,67.9,0.0,0.0,0.0,999.9,999.9,999.9,18,9.7,9.5
16585596,0723,85.2,81.0,81.1,36.2,47.1,46.4,873.5,896.1,914.0,10.0,13.1,12.2,5.3,7.5,7.0,31.1,16.5,17.0,89.1,95.8,96.0,62.1,66.2,67.8,0.02,0.0,0.0,999.9,999.9,999.9,0,9.7,9.5
16585596,0723,80.9,81.0,81.0,41.2,47.0,46.0,869.7,896.2,909.8,10.0,13.1,12.2,10.2,7.5,6.9,24.1,16.6,17.7,89.1,95.8,96.0,63.0,66.2,68.0,0.0,0.0,0.0,999.9,999.9,999.9,0,9.6,9.5
16585596,0723,77.5,81.0,81.0,44.1,47.0,45.8,999.9,896.1,909.7,10.0,13.1,12.2,5.3,7.5,7.0,22.0,16.6,17.9,79.0,95.7,95.7,71.1,66.2,68.0,0.0,0.0,0.0,999.9,999.9,999.9,0,9.6,9.5
16585596,0723,69.7,81.0,80.7,44.1,47.0,46.0,872.7,896.9,914.0,9.9,13.1,12.2,6.2,7.5,7.0,12.0,16.7,18.1,100.0,95.7,95.2,66.0,66.3,68.2,0.33,0.0,0.0,999.9,999.9,999.9,0,9.6,7.9
16585596,0723,83.0,80.9,80.2,58.4,47.0,45.7,873.1,896.2,914.2,9.7,13.1,12.2,9.8,7.5,7.0,10.1,16.7,18.2,104.0,95.6,95.4,57.0,66.3,68.1,0.0,0.0,0.0,999.9,999.9,999.9,0,9.4,7.3
16585596,0723,89.2,80.9,80.3,37.5,47.1,46.2,999.9,895.5,914.3,10.0,13.1,12.2,6.6,7.5,7.0,15.9,16.6,17.9,99.0,95.7,95.6,64.9,66.2,67.5,0.01,0.0,0.0,999.9,999.9,999.9,2,9.4,7.3
16585596,0723,79.9,81.1,80.7,47.2,47.0,45.8,866.4,896.2,918.5,39.8,12.9,12.2,8.2,7.5,7.0,13.0,16.6,18.1,99.0,95.7,95.7,57.0,66.2,67.3,0.01,0.0,0.0,999.9,999.9,999.9,18,9.3,7.3
16585596,0723,81.1,81.0,80.7,49.3,47.0,46.0,869.5,896.1,918.3,9.7,12.9,12.8,6.2,7.5,7.2,20.0,16.6,17.9,98.1,95.8,95.7,57.0,66.1,67.2,0.03,0.0,0.0,999.9,999.9,999.9,0,9.3,7.3
16585596,0723,76.7,81.0,80.7,33.1,47.0,46.2,873.0,896.1,914.0,9.8,12.9,12.8,6.5,7.5,7.2,19.0,16.7,18.2,100.0,95.8,95.6,62.1,66.0,66.9,0.0,0.0,0.0,999.9,999.9,999.9,16,9.3,6.7
16585596,0723,81.1,81.0,80.6,37.5,46.9,45.5,875.8,896.1,909.8,10.0,12.9,12.8,6.4,7.5,7.0,11.1,16.7,18.2,91.9,95.8,95.7,72.0,66.1,66.8,0.0,0.0,0.0,999.9,999.9,999.9,2,9.3,7.2
16585596,0723,89.6,80.9,80.7,57.6,46.8,45.1,873.1,896.1,909.8,10.0,12.9,12.8,4.9,7.5,7.1,11.1,16.7,18.1,102.0,95.7,95.4,62.1,66.1,67.1,0.0,0.0,0.0,999.9,999.9,999.9,18,9.3,6.7
16585596,0723,69.7,81.0,81.1,55.9,46.9,45.6,873.6,895.4,909.8,10.0,12.8,12.4,8.7,7.5,6.9,15.9,16.7,18.0,95.0,95.8,95.5,66.9,66.1,66.8,0.33,0.0,0.0,999.9,999.9,999.9,0,9.3,6.7
16585596,0723,79.3,80.9,80.7,36.2,46.9,46.3,871.5,895.4,909.8,10.0,12.8,12.4,9.8,7.5,6.9,20.0,16.7,18.1,90.0,95.8,95.6,66.9,66.1,66.5,0.0,0.0,0.0,999.9,999.9,999.9,18,9.2,6.7
16585596,0723,85.4,80.9,80.4,41.2,46.8,46.2,872.9,895.5,905.5,10.0,12.8,12.0,9.5,7.5,7.0,15.9,16.7,18.1,91.9,95.7,95.4,71.1,66.1,66.3,0.0,0.0,0.0,999.9,999.9,999.9,0,9.2,6.7
16585596,0723,81.1,81.0,81.0,44.6,46.8,46.1,871.4,895.5,901.3,10.0,12.8,12.0,10.1,7.5,7.1,22.0,16.8,18.2,98.1,95.7,95.1,62.1,66.1,66.2,0.0,0.0,0.0,999.9,999.9,999.9,0,9.1,6.7
16585596,0723,81.1,81.0,81.1,45.0,46.7,46.3,873.0,895.5,901.4,10.0,12.8,12.0,3.7,7.5,7.3,15.0,16.8,18.4,93.0,95.7,95.3,62.1,66.1,66.1,0.0,0.0,0.0,999.9,999.9,999.9,0,9.0,6.7
16585596,0723,86.8,81.1,80.8,54.1,46.7,46.1,999.9,895.5,901.5,10.0,12.8,12.0,9.3,7.5,7.2,31.1,16.8,18.2,91.9,95.8,95.0,66.0,66.0,65.9,0.0,0.0,0.0,999.9,999.9,999.9,0,8.9,6.7
16585596,0723,86.6,81.1,81.6,40.5,46.7,46.4,999.9,896.2,905.7,9.9,12.7,12.0,10.2,7.5,7.4,15.9,16.9,18.6,93.0,95.8,94.9,62.1,66.0,65.9,0.0,0.0,0.0,999.9,999.9,999.9,0,8.9,6.7
16585596,0723,83.0,81.1,81.6,58.4,46.7,46.3,999.9,896.9,905.7,10.0,12.7,12.0,6.5,7.5,7.5,34.0,16.8,18.8,93.9,95.7,94.9,66.9,66.0,65.8,0.0,0.0,0.0,999.9,999.9,999.9,0,8.9,6.1
16585596,0723,80.9,81.1,81.4,48.9,46.7,46.4,999.9,897.6,905.7,10.0,12.7,12.0,6.2,7.5,7.4,11.1,16.9,19.4,99.0,95.7,94.8,73.0,66.0,66.0,0.0,0.0,0.0,999.9,999.9,999.9,0,8.9,5.5
16585596,0723,79.9,81.1,81.4,58.4,46.7,46.1,875.8,898.4,910.1,10.0,12.7,11.6,9.3,7.5,7.5,10.1,16.9,19.2,95.0,95.6,94.9,62.2,66.1,66.1,0.0,0.0,0.0,999.9,999.9,999.9,18,8.9,4.9
16585596,0723,76.4,81.1,81.3,54.6,46.7,46.4,873.6,898.4,905.9,10.0,12.7,11.6,3.7,7.5,7.6,10.1,16.9,18.9,95.0,95.7,94.6,70.0,66.1,66.0,0.0,0.0,0.0,999.9,999.9,999.9,18,8.9,4.9
16585596,0723,85.4,81.2,81.0,54.6,46.7,46.7,873.6,898.4,906.1,9.9,12.7,11.6,9.5,7.5,7.5,10.1,16.8,18.2,104.0,95.7,94.8,59.0,66.1,66.1,0.0,0.0,0.0,999.9,999.9,999.9,18,9.0,4.9
16585596,0723,81.1,81.2,81.3,40.5,46.7,47.4,999.9,898.4,906.1,22.3,12.7,11.6,9.5,7.5,7.6,24.1,16.8,17.8,99.0,95.7,94.9,72.0,66.1,65.7,0.0,0.0,0.0,999.9,999.9,999.9,18,9.0,5.5
16585596,0723,89.6,81.2,81.4,39.9,46.6,47.2,872.4,899.1,910.5,10.0,12.7,12.0,8.8,7.5,7.6,13.0,16.9,18.2,95.0,95.7,95.1,62.1,66.1,65.6,0.0,0.0,0.0,999.9,999.9,999.9,16,9.1,6.1
16585596,0723,80.7,81.3,81.6,50.2,46.6,46.9,869.6,899.1,910.4,10.0,12.7,12.0,9.5,7.5,7.6,22.0,16.9,17.9,90.0,95.7,95.2,62.2,66.1,65.5,0.15,0.0,0.0,999.9,999.9,999.9,18,9.1,6.6
16585596,0723,89.6,81.2,81.8,41.6,46.6,47.1,999.9,898.4,910.4,9.9,12.7,12.0,3.7,7.5,7.7,18.1,16.9,18.2,102.0,95.6,95.2,57.9,66.0,65.2,0.33,0.0,0.0,999.9,999.9,999.9,18,9.2,6.6
16585596,0723,62.0,81.3,82.2,55.9,46.6,46.5,869.6,899.1,910.4,9.8,12.7,12.0,4.7,7.5,7.5,10.1,17.0,18.0,102.0,95.6,95.4,54.0,66.0,64.8,0.02,0.0,0.0,999.9,999.9,999.9,18,9.2,7.2
16585596,0723,85.2,81.2,81.5,45.2,46.6,46.4,872.7,899.1,910.4,9.8,12.7,12.0,9.3,7.5,7.5,13.0,16.8,17.4,93.0,95.7,95.9,73.9,65.9,64.3,0.0,0.0,0.0,999.9,999.9,999.9,18,9.3,7.8
16585596,0723,82.8,81.2,81.5,45.2,46.7,46.6,869.5,899.1,910.5,10.0,12.7,12.0,5.3,7.5,7.6,14.0,16.9,17.3,95.0,95.7,95.9,64.9,65.9,64.4,0.02,0.0,0.0,999.9,999.9,999.9,0,9.4,8.4
16585596,0723,80.7,81.2,81.3,37.5,46.6,46.6,873.0,899.1,906.2,10.0,12.7,11.3,5.6,7.5,7.4,8.9,16.9,17.2,102.0,95.8,95.6,61.0,66.0,64.3,0.11,0.0,0.0,999.9,999.9,999.9,18,9.4,7.8
16585596,0723,81.8,81.3,81.2,50.2,46.5,46.6,869.7,899.1,906.2,10.0,12.7,11.3,8.8,7.5,7.4,10.1,16.9,16.4,102.0,95.8,96.0,59.0,66.0,64.3,0.01,0.0,0.0,999.9,999.9,999.9,18,9.4,8.4
16585596,0723,81.8,81.3,81.2,47.1,46.5,46.9,872.4,898.4,906.2,9.9,12.7,11.3,8.2,7.5,7.4,10.1,16.8,16.0,93.9,95.8,96.4,70.0,65.9,64.2,0.0,0.0,0.0,999.9,999.9,999.9,0,9.4,9.0
16585596,0723,82.3,81.2,81.4,48.9,46.5,47.0,872.7,898.4,901.9,10.0,12.7,11.3,10.6,7.5,7.5,15.9,16.8,15.6,102.9,95.8,96.9,75.0,65.9,64.1,0.0,0.0,0.0,999.9,999.9,999.9,0,9.3,9.0
16585596,0723,81.8,81.2,81.8,57.2,46.5,47.2,869.5,898.4,901.9,9.9,12.7,11.3,9.3,7.5,7.6,15.9,16.8,15.7,104.0,95.8,97.0,66.0,65.9,64.4,0.0,0.0,0.0,999.9,999.9,999.9,0,9.2,9.0
16585596,0723,85.2,81.2,81.8,57.2,46.5,47.1,873.5,897.7,901.8,9.9,12.7,11.4,4.7,7.5,7.6,11.1,16.8,15.9,104.0,95.9,97.0,71.1,65.9,64.7,0.0,0.0,0.0,999.9,999.9,999.9,18,9.2,9.0
16585596,0723,77.5,81.3,81.6,50.2,46.5,47.8,869.6,897.7,897.6,10.0,12.7,11.4,10.1,7.5,7.6,24.3,16.8,15.7,93.0,96.0,97.2,71.1,66.0,64.9,0.0,0.0,0.0,999.9,999.9,999.9,0,9.2,9.5
16585596,0723,85.2,81.2,81.5,54.6,46.6,47.9,999.9,897.7,897.7,30.7,12.7,10.4,3.7,7.5,7.6,12.0,16.9,16.1,102.0,95.9,97.0,71.1,66.0,65.4,0.0,0.0,0.0,999.9,999.9,999.9,0,9.2,8.9
16585596,0723,89.6,81.3,81.7,34.9,46.6,48.1,869.0,898.4,902.0,20.3,12.8,11.1,3.7,7.5,7.5,24.3,16.9,15.8,102.0,95.9,97.1,72.0,66.0,65.9,0.0,0.0,0.0,999.9,999.9,999.9,18,9.1,8.9
16585596,0723,82.3,81.3,82.1,57.2,46.5,48.1,873.6,898.4,901.9,9.9,12.9,11.4,6.2,7.4,7.4,13.0,16.9,16.0,87.1,96.0,97.2,54.0,66.0,66.2,0.0,0.0,0.0,999.9,999.9,999.9,0,9.1,9.0
16585596,0723,78.3,81.3,82.1,54.5,46.5,48.8,875.8,897.7,901.8,9.9,12.9,11.4,5.1,7.4,7.4,14.0,16.8,16.1,99.0,96.0,97.0,73.0,65.9,65.6,0.0,0.0,0.0,999.9,999.9,999.9,0,9.0,8.9
16585596,0723,77.5,81.3,81.8,36.2,46.6,48.7,872.9,897.7,901.9,13.5,12.9,11.4,10.1,7.4,7.4,34.0,16.8,16.2,88.7,96.0,96.9,57.9,66.0,66.0,0.33,0.0,0.0,999.9,999.9,999.9,18,8.9,8.3
16585596,0723,88.1,81.3,82.0,58.4,46.5,48.0,873.0,897.8,901.9,30.7,12.9,11.5,5.6,7.4,7.5,11.1,16.9,16.8,95.0,95.9,96.7,62.1,66.0,65.7,0.0,0.0,0.0,999.9,999.9,999.9,0,8.9,8.9
16585596,0723,87.8,81.3,82.3,54.1,46.6,48.8,869.5,897.8,901.9,22.2,13.0,12.2,7.8,7.4,7.3,15.9,16.9,16.5,93.0,95.8,96.9,63.0,66.0,65.5,0.0,0.0,0.0,999.9,999.9,999.9,0,8.9,8.3
16585596,0723,80.9,81.3,82.4,54.6,46.7,49.2,873.6,897.7,901.8,22.3,13.0,12.6,10.4,7.4,7.3,18.1,16.9,16.5,99.0,95.8,96.9,66.9,66.0,65.2,0.0,0.0,0.0,999.9,999.9,999.9,0,8.9,8.3
16585596,0723,88.1,81.3,82.4,57.6,46.7,49.5,873.1,897.8,901.9,14.9,13.1,13.0,6.2,7.4,7.3,31.1,16.9,16.3,102.9,95.9,96.9,59.0,66.0,65.4,0.11,0.0,0.0,999.9,999.9,999.9,0,8.9,8.3
16585596,0723,76.8,81.4,82.6,45.2,46.7,49.9,870.4,897.8,901.9,30.7,13.1,13.2,4.7,7.4,7.4,13.0,17.0,16.9,93.9,95.9,97.3,66.9,66.0,65.3,0.0,0.0,0.0,999.9,999.9,999.9,0,8.9,8.3
16585596,0723,78.3,81.3,82.3,45.2,46.7,49.7,873.5,897.8,897.6,10.0,13.2,13.9,6.2,7.4,7.2,19.0,17.0,16.3,98.1,95.9,97.3,64.9,66.0,65.3,0.17,0.0,0.0,999.9,999.9,999.9,0,8.8,8.3
16585596,0723,80.7,81.3,82.0,41.6,46.7,49.8,873.6,897.8,893.4,9.9,13.2,13.9,10.4,7.4,7.1,12.0,16.9,16.4,89.1,95.9,97.5,54.0,66.0,65.4,0.0,0.0,0.0,999.9,999.9,999.9,0,8.8,8.3
16585596,0723,76.7,81.4,81.9,33.1,46.7,49.2,871.0,897.8,889.2,22.3,13.2,13.9,10.2,7.4,7.2,19.0,16.9,15.7,102.9,95.8,97.4,62.1,65.9,65.0,0.0,0.0,0.0,999.9,999.9,999.9,18,8.8,8.3
16585596,0723,81.1,81.4,81.8,44.1,46.7,48.7,999.9,897.8,884.9,9.9,13.3,14.3,8.8,7.4,7.4,19.0,16.8,15.9,79.0,95.8,97.5,73.9,65.9,64.6,0.17,0.0,0.0,999.9,999.9,999.9,0,8.9,8.9
16585596,0723,77.5,81.4,81.8,55.6,46.6,48.2,999.9,897.8,889.0,10.0,13.3,14.3,6.2,7.4,7.3,12.0,16.8,16.2,98.1,95.7,97.0,62.1,65.9,65.0,0.0,0.0,0.0,999.9,999.9,999.9,0,8.8,8.3
16585596,0723,78.4,81.3,81.9,41.2,46.7,48.3,869.0,898.5,893.2,10.0,13.3,14.3,5.1,7.4,7.4,11.1,16.8,16.3,95.0,95.7,97.1,59.0,65.9,64.7,0.02,0.0,0.0,999.9,999.9,999.9,0,8.7,7.7
16585596,0723,89.2,81.3,81.6,54.6,46.7,47.8,869.6,898.5,893.1,9.9,13.3,14.3,10.2,7.4,7.3,13.0,16.8,16.3,90.0,95.7,96.8,71.1,65.8,64.7,0.0,0.0,0.0,999.9,999.9,999.9,0,8.6,7.1
16585596,0723,81.1,81.3,81.9,58.4,46.8,48.3,873.1,898.5,888.7,14.9,13.3,13.9,6.6,7.4,7.3,22.0,16.8,15.9,90.0,95.7,96.5,73.0,65.9,64.7,0.0,0.0,0.0,999.9,999.9,999.9,18,8.5,6.5
16585596,0723,82.8,81.4,81.6,49.2,46.8,48.9,999.9,898.5,888.7,9.8,13.3,14.0,11.6,7.4,7.2,19.0,16.8,16.2,95.0,95.6,96.3,61.0,65.9,65.1,0.0,0.0,0.0,999.9,999.9,999.9,0,8.5,6.6
16585596,0723,82.3,81.3,81.7,41.6,46.8,48.9,873.6,899.2,893.1,9.9,13.3,14.0,10.4,7.4,7.3,10.1,16.8,16.1,98.1,95.7,96.5,66.9,65.9,65.0,0.0,0.0,0.0,999.9,999.9,999.9,0,8.5,6.0
16585596,0723,76.7,81.3,81.5,45.2,46.8,48.9,873.6,899.3,888.9,9.9,13.3,14.0,10.2,7.4,7.5,31.1,16.8,15.9,93.0,95.7,96.3,62.1,65.9,65.3,0.01,0.0,0.0,999.9,999.9,999.9,18,8.4,5.4
16585596,0723,89.2,81.2,82.0,34.9,46.8,48.5,999.9,899.3,889.0,10.0,13.2,14.0,5.6,7.4,7.7,15.0,16.9,16.6,95.0,95.6,96.0,66.0,65.8,65.6,0.11,0.0,0.0,999.9,999.9,999.9,18,8.5,5.4
16585596,0723,77.5,81.3,82.1,40.5,46.8,48.2,869.0,900.0,893.2,10.0,13.2,14.0,5.3,7.4,7.6,10.1,16.9,16.6,95.0,95.6,96.1,57.0,65.8,65.3,0.0,0.0,0.0,999.9,999.9,999.9,0,8.5,5.4
16585596,0723,79.9,81.3,81.9,44.1,46.7,48.0,870.5,900.0,893.2,9.8,13.2,14.0,4.9,7.4,7.6,11.1,16.9,16.5,102.9,95.6,96.1,62.2,65.7,65.1,0.0,0.0,0.0,999.9,999.9,999.9,0,8.5,5.4
16585596,0723,81.8,81.2,81.9,48.9,46.7,48.2,871.0,900.0,893.1,9.9,13.2,14.0,10.4,7.4,7.6,19.0,16.8,16.6,93.0,95.6,96.1,75.9,65.7,65.1,0.03,0.0,0.0,999.9,999.9,999.9,0,8.5,4.8
16585596,0723,79.3,81.2,81.9,49.2,46.7,48.2,872.4,900.0,893.2,10.0,13.2,14.0,6.6,7.4,7.6,15.0,16.8,16.9,95.0,95.6,95.8,66.0,65.8,65.7,0.0,0.0,0.0,999.9,999.9,999.9,0,8.5,4.2
16585596,0723,76.4,81.2,81.8,49.2,46.8,48.3,871.4,900.0,893.2,9.9,13.2,14.0,4.9,7.4,7.6,11.1,16.8,17.0,102.9,95.6,95.9,54.0,65.7,65.5,0.11,0.0,0.0,999.9,999.9,999.9,0,8.5,4.2
16585596,0723,87.8,81.1,81.6,50.9,46.7,48.3,999.9,900.0,893.1,9.8,13.2,14.0,10.1,7.3,7.4,15.0,16.8,16.9,95.0,95.6,95.9,54.0,65.7,64.8,0.0,0.0,0.0,999.9,999.9,999.9,18,8.4,4.2
16585596,0723,77.1,81.3,81.8,50.2,46.7,48.1,873.6,900.7,897.5,10.0,13.2,14.0,9.9,7.4,7.4,11.1,16.7,16.9,93.0,95.6,95.6,61.0,65.6,64.4,0.0,0.0,0.0,999.9,999.9,999.9,18,8.5,4.8
16585596,0723,83.0,81.3,81.5,52.0,46.7,47.8,869.0,900.7,897.5,9.9,13.2,14.0,8.7,7.4,7.6,17.1,16.7,16.9,102.0,95.6,95.2,75.0,65.6,64.1,0.0,0.0,0.0,999.9,999.9,999.9,0,8.6,4.8
16585596,0723,69.7,81.3,81.7,47.1,46.7,47.9,873.0,900.7,897.5,20.3,13.2,14.0,6.2,7.4,7.5,24.3,16.7,16.6,102.9,95.6,95.5,66.2,65.7,64.2,0.02,0.0,0.0,999.9,999.9,999.9,0,8.5,4.8
16585596,0723,77.5,81.2,81.2,49.2,46.8,47.7,869.0,900.7,893.2,9.9,13.3,13.7,4.9,7.4,7.6,19.0,16.7,17.0,104.0,95.6,95.5,57.0,65.7,64.1,0.0,0.0,0.0,999.9,999.9,999.9,18,8.5,4.8
16585596,0723,89.6,81.2,80.8,37.5,46.7,48.1,872.4,900.7,893.2,10.0,13.3,13.3,8.8,7.4,7.7,15.9,16.7,16.8,93.9,95.6,95.6,63.0,65.6,63.6,0.0,0.0,0.0,999.9,999.9,999.9,18,8.6,4.8
16585596,0723,83.0,81.2,81.0,47.1,46.7,47.5,872.4,900.0,893.2,10.0,13.3,13.3,8.8,7.4,7.7,15.0,16.7,16.9,93.0,95.7,95.8,66.0,65.6,63.9,0.0,0.0,0.0,999.9,999.9,999.9,48,8.6,5.4
16585596,0723,81.1,81.2,81.2,50.2,46.6,47.2,871.5,899.3,893.1,20.3,13.3,13.3,6.2,7.4,7.9,18.1,16.6,17.0,95.0,95.6,95.6,73.9,65.5,63.6,0.0,0.0,0.0,999.9,999.9,999.9,18,8.9,7.0
16585596,0723,79.9,81.2,81.3,47.2,46.7,47.7,999.9,899.3,893.0,39.8,13.3,13.6,6.4,7.4,7.7,11.1,16.7,16.4,93.9,95.6,95.8,54.0,65.5,64.2,0.0,0.0,0.0,999.9,999.9,999.9,18,8.9,7.0
16585596,0723,85.2,81.2,81.0,58.4,46.7,47.3,999.9,899.3,897.3,20.3,13.5,13.9,4.7,7.4,7.8,12.0,16.6,16.4,91.9,95.6,95.8,62.1,65.5,63.9,0.0,0.0,0.0,999.9,999.9,999.9,0,8.9,7.6
16585596,0723,82.3,81.2,81.0,57.2,46.7,47.5,873.0,900.0,901.6,9.7,13.5,13.8,6.5,7.4,7.7,15.0,16.6,16.3,102.0,95.6,95.8,54.0,65.4,63.9,0.14,0.0,0.0,999.9,999.9,999.9,0,8.8,7.6
16585596,0723,87.8,81.3,81.0,50.9,46.8,47.5,873.0,899.3,901.6,14.9,13.5,13.4,6.5,7.4,7.5,24.3,16.6,16.2,102.0,95.6,95.9,71.1,65.3,63.4,0.02,0.0,0.0,999.9,999.9,999.9,0,8.8,7.6
16585596,0723,62.0,81.3,81.0,52.0,46.9,47.3,872.7,899.3,901.6,10.0,13.5,13.4,7.8,7.4,7.5,11.1,16.6,16.0,102.9,95.6,95.8,63.0,65.3,63.8,0.0,0.0,0.0,999.9,999.9,999.9,0,8.7,7.6
16585596,0723,80.9,81.1,80.5,45.0,46.9,47.6,872.4,899.3,901.7,10.0,13.5,12.7,6.9,7.4,7.6,13.0,16.6,15.9,95.0,95.6,96.1,62.1,65.3,63.7,0.0,0.0,0.0,999.9,999.9,999.9,0,8.6,7.6
16585596,0723,88.8,81.1,80.6,55.9,46.8,47.5,872.4,899.3,901.6,10.0,13.5,12.7,6.3,7.4,7.7,14.0,16.5,15.7,102.0,95.6,96.0,66.0,65.3,63.6,0.0,0.0,0.0,999.9,999.9,999.9,0,8.5,7.6
16585596,0723,76.8,81.1,80.9,54.6,46.8,48.0,869.5,898.6,901.6,10.0,13.5,12.7,5.3,7.4,7.5,15.9,16.6,15.8,93.0,95.7,96.4,62.1,65.3,64.0,0.15,0.0,0.0,999.9,999.9,999.9,18,8.3,7.6
16585596,0723,79.9,81.1,80.9,40.5,46.9,48.7,875.8,898.6,901.5,9.9,13.5,12.3,5.3,7.3,7.4,13.0,16.6,15.7,93.9,95.6,96.1,73.9,65.3,64.0,0.0,0.0,0.0,999.9,999.9,999.9,0,8.4,7.6
16585596,0723,79.9,81.1,80.8,37.5,46.8,48.6,999.9,897.9,897.4,9.9,13.5,12.3,8.7,7.3,7.2,10.1,16.6,15.5,93.9,95.7,96.6,73.9,65.3,64.0,0.0,0.0,0.0,999.9,999.9,999.9,18,8.3,7.6
16585596,0723,81.1,81.1,80.9,41.4,46.7,48.0,869.6,898.6,897.4,10.0,13.5,12.3,8.2,7.3,7.3,24.3,16.6,15.4,79.0,95.7,96.5,54.0,65.3,64.4,0.0,0.0,0.0,999.9,999.9,999.9,0,8.3,8.2
16585596,0723,82.7,81.1,81.0,54.5,46.7,48.0,870.5,898.6,897.4,39.8,13.5,12.3,10.2,7.3,7.4,15.9,16.6,15.9,99.0,95.6,95.9,54.0,65.2,64.2,0.01,0.0,0.0,999.9,999.9,999.9,0,8.2,8.2
16585596,0723,78.3,81.1,80.8,58.4,46.7,48.0,873.5,897.9,897.5,9.9,13.6,13.3,6.2,7.3,7.4,17.1,16.6,16.0,89.1,95.6,96.2,62.1,65.2,63.7,0.02,0.0,0.0,999.9,999.9,999.9,18,8.2,8.2
16585596,0723,89.2,81.1,80.7,44.6,46.8,48.0,869.0,897.9,897.5,20.3,13.6,13.1,8.1,7.3,7.4,17.1,16.6,15.8,95.0,95.5,96.2,59.0,65.2,63.3,0.14,0.0,0.0,999.9,999.9,999.9,0,8.2,8.2
16585596,0723,77.1,81.1,80.9,40.5,46.8,47.9,872.4,897.9,893.1,10.0,13.7,13.5,6.2,7.3,7.3,11.1,16.6,15.7,104.0,95.5,96.2,73.0,65.1,63.2,0.02,0.0,0.0,999.9,999.9,999.9,0,8.1,8.2
16585596,0723,76.8,81.1,80.7,41.2,46.8,47.8,870.5,897.9,893.1,10.0,13.6,13.5,10.1,7.3,7.2,11.1,16.6,15.8,99.0,95.6,96.4,71.1,65.1,63.5,0.0,0.0,0.0,999.9,999.9,999.9,0,8.0,8.2
16585596,0723,77.5,81.1,80.7,45.2,46.7,47.7,872.4,897.9,893.0,10.0,13.5,13.5,5.6,7.4,7.2,14.0,16.6,15.1,93.0,95.7,96.6,75.0,65.2,63.8,0.0,0.0,0.0,999.9,999.9,999.9,48,8.0,7.6
16585596,0723,88.1,81.0,80.3,57.2,46.8,48.0,869.6,897.9,888.7,9.8,13.4,13.5,6.2,7.4,7.2,18.1,16.6,15.1,93.9,95.6,96.5,71.1,65.2,64.1,0.01,0.0,0.0,999.9,999.9,999.9,0,8.1,8.6
16585596,0723,80.7,81.1,80.7,47.1,46.9,48.6,869.6,897.2,888.7,10.0,13.3,13.5,6.2,7.4,7.2,15.9,16.6,15.3,95.0,95.6,96.5,71.1,65.2,64.5,0.0,0.0,0.0,999.9,999.9,999.9,0,8.1,8.6
16585596,0723,79.9,81.0,80.7,37.5,46.9,48.7,999.9,897.1,888.7,10.0,13.3,13.5,5.3,7.4,7.2,12.0,16.6,15.5,102.9,95.6,96.2,70.0,65.2,64.8,0.0,0.0,0.0,999.9,999.9,999.9,18,8.0,8.6
16585596,0723,86.6,81.0,80.6,57.5,46.9,48.3,872.7,897.9,893.0,10.0,13.3,13.5,11.6,7.3,7.1,24.3,16.6,15.3,90.0,95.6,96.6,63.0,65.3,64.6,0.0,0.0,0.0,999.9,999.9,999.9,18,8.1,9.2
16585596,0723,82.7,81.1,80.9,50.9,47.0,48.6,869.7,897.1,893.0,9.7,13.2,13.5,6.3,7.3,7.2,20.0,16.6,15.6,88.7,95.6,96.4,59.0,65.3,64.5,0.0,0.0,0.0,999.9,999.9,999.9,16,8.1,9.8
16585596,0723,81.1,81.0,81.1,34.9,47.0,48.6,873.1,897.1,893.0,9.9,13.2,13.5,11.6,7.3,7.3,10.1,16.6,15.9,102.9,95.6,95.9,64.9,65.3,64.7,0.0,0.0,0.0,999.9,999.9,999.9,48,8.1,10.3
16585596,0723,62.0,81.0,80.9,33.1,46.9,48.1,871.4,897.2,888.7,10.0,13.2,13.5,6.6,7.4,7.3,15.9,16.6,15.7,91.9,95.6,96.2,70.0,65.3,65.1,0.0,0.0,0.0,999.9,999.9,999.9,0,8.4,11.3
16585596,0723,78.4,81.0,80.4,45.2,46.8,47.5,873.0,897.2,888.7,10.0,13.2,13.5,7.8,7.4,7.2,15.0,16.6,15.9,98.1,95.5,96.2,54.0,65.4,65.4,0.01,0.0,0.0,999.9,999.9,999.9,0,8.1,10.7
16585596,0723,83.0,80.9,80.2,37.5,46.8,47.3,869.6,897.2,888.8,10.0,13.2,13.5,6.9,7.4,7.2,15.0,16.5,15.8,99.0,95.5,96.0,70.0,65.3,64.7,0.0,0.0,0.0,999.9,999.9,999.9,18,8.0,10.7
16585596,0723,86.6,80.9,80.7,44.1,46.8,47.0,869.6,897.2,888.7,10.0,13.1,13.1,6.9,7.4,7.2,24.3,16.6,15.5,95.0,95.6,95.9,73.9,65.4,64.8,0.0,0.0,0.0,999.9,999.9,999.9,18,8.1,11.3
16585596,0723,69.7,80.9,81.0,49.3,46.8,46.8,873.0,897.2,888.7,9.7,13.1,13.1,9.6,7.4,7.3,12.0,16.6,15.7,102.9,95.5,95.6,61.0,65.4,65.3,0.02,0.0,0.0,999.9,999.9,999.9,0,8.2,11.3
16585596,0723,79.9,81.0,80.3,55.6,46.8,47.2,871.0,897.2,888.7,10.0,13.1,13.1,8.7,7.4,7.3,31.1,16.6,15.5,98.1,95.6,95.9,75.0,65.4,65.3,0.17,0.0,0.0,999.9,999.9,999.9,0,8.2,10.7
16585596,0723,79.9,81.0,80.2,33.1,46.9,47.5,873.0,897.2,888.7,10.0,13.1,13.1,6.5,7.4,7.3,13.0,16.7,16.1,93.9,95.7,96.1,71.1,65.5,65.6,0.0,0.0,0.0,999.9,999.9,999.9,18,8.1,9.1
16585596,0723,77.1,80.9,80.2,55.6,46.8,46.9,868.1,897.2,888.7,10.0,13.1,12.8,5.6,7.4,7.3,18.1,16.7,15.9,91.9,95.7,96.0,61.0,65.6,65.5,0.0,0.0,0.0,999.9,999.9,999.9,0,8.2,9.1
16585596,0723,89.6,80.9,80.1,54.1,46.9,47.2,873.0,897.2,884.3,20.3,13.1,11.8,5.1,7.4,7.3,26.0,16.8,16.1,102.0,95.7,96.0,57.0,65.6,65.7,0.0,0.0,0.0,999.9,999.9,999.9,18,8.2,8.5
16585596,0723,77.5,81.0,80.2,41.2,47.0,47.1,869.5,897.2,880.1,10.0,13.1,11.8,5.3,7.3,7.3,18.1,16.8,16.6,104.0,95.7,96.3,62.1,65.5,65.5,0.0,0.0,0.0,999.9,999.9,999.9,0,8.2,9.1
16585596,0723,82.3,80.9,80.1,55.6,47.0,46.5,999.9,897.2,880.0,10.0,13.1,11.8,7.8,7.3,7.3,10.1,16.8,16.7,93.9,95.7,96.4,75.9,65.5,65.8,0.0,0.0,0.0,999.9,999.9,999.9,0,8.2,9.1
16585596,0723,89.2,80.9,79.9,49.3,47.1,46.7,868.1,897.9,884.2,10.0,13.1,11.6,6.2,7.3,7.3,15.9,16.8,16.2,102.9,95.7,96.1,71.1,65.5,66.0,0.01,0.0,0.0,999.9,999.9,999.9,0,8.2,9.1
16585596,0723,74.2,80.9,80.8,50.9,47.0,46.6,871.5,897.9,884.1,20.3,13.2,11.6,9.9,7.3,7.2,11.1,16.8,16.4,93.0,95.8,96.1,57.9,65.5,66.2,0.0,0.0,0.0,999.9,999.9,999.9,0,8.1,9.1
16585596,0723,81.8,80.9,80.6,54.5,47.1,46.8,873.6,897.2,884.0,10.0,13.2,12.0,4.7,7.4,7.3,18.1,16.8,16.3,99.0,95.8,96.0,62.1,65.4,66.1,0.11,0.0,0.0,999.9,999.9,999.9,18,8.1,9.1
16585596,0723,79.9,80.9,80.3,54.6,47.1,46.8,999.9,896.5,884.1,10.0,13.2,12.0,3.7,7.4,7.3,14.0,16.7,16.5,93.9,95.8,95.9,66.9,65.4,66.0,0.0,0.0,0.0,999.9,999.9,999.9,0,8.2,9.7
16585596,0723,89.6,80.9,80.4,40.5,47.2,46.8,869.0,897.2,888.4,10.0,13.2,12.0,5.3,7.4,7.2,17.1,16.7,16.4,98.1,95.8,96.0,71.1,65.4,66.1,0.0,0.0,0.0,999.9,999.9,999.9,18,8.1,9.1
16585596,0723,86.6,80.9,80.7,46.5,47.2,46.8,999.9,897.2,888.2,9.9,13.1,12.0,9.5,7.3,7.2,17.1,16.7,16.5,102.9,95.8,96.1,70.0,65.5,66.0,0.15,0.0,0.0,999.9,999.9,999.9,18,8.2,9.7
16585596,0723,85.4,81.0,81.0,57.5,47.2,47.1,999.9,897.2,888.2,10.0,13.1,12.0,5.3,7.3,7.3,15.0,16.7,16.8,102.0,95.8,96.4,57.0,65.5,65.9,0.33,0.0,0.0,999.9,999.9,999.9,0,8.3,9.7
16585596,0723,85.4,81.0,81.1,54.5,47.3,47.6,873.1,897.9,892.5,41.0,13.1,12.0,6.2,7.4,7.2,24.1,16.6,16.5,104.0,95.8,97.2,57.0,65.5,66.0,0.0,0.0,0.0,999.9,999.9,999.9,0,8.3,9.7
16585596,0723,74.2,81.0,81.2,40.5,47.3,47.6,869.5,897.9,892.6,9.9,13.3,12.0,10.6,7.4,7.0,15.9,16.7,16.7,87.1,96.0,97.3,61.0,65.5,66.1,0.0,0.0,0.0,999.9,999.9,999.9,18,8.2,9.7
16585596,0723,82.7,81.0,81.1,34.9,47.3,47.0,871.5,897.9,892.5,9.9,13.3,12.0,10.2,7.4,7.2,13.0,16.7,16.7,104.0,96.0,97.3,66.9,65.4,66.1,0.0,0.0,0.0,999.9,999.9,999.9,0,8.3,9.7
16585596,0723,79.3,81.0,80.8,50.2,47.3,46.7,869.6,897.9,892.6,9.9,13.2,11.7,5.3,7.4,7.2,19.0,16.7,16.6,93.0,96.0,97.6,73.9,65.4,66.3,0.0,0.0,0.0,999.9,999.9,999.9,0,8.3,9.7
16585596,0723,81.1,81.0,80.9,37.5,47.3,47.0,870.4,897.9,892.5,14.9,13.0,11.7,9.3,7.4,7.2,15.9,16.7,16.8,88.7,95.9,97.2,62.1,65.4,66.4,0.0,0.0,0.0,999.9,999.9,999.9,0,8.2,9.7
16585596,0723,79.9,81.0,81.1,55.9,47.3,46.9,869.0,897.9,892.5,10.0,13.0,11.8,6.3,7.4,7.2,19.0,16.7,17.0,88.7,95.9,96.9,71.1,65.4,66.1,0.11,0.0,0.0,999.9,999.9,999.9,0,8.1,9.7
16585596,0723,80.3,81.0,81.1,37.5,47.3,47.2,868.1,897.2,892.4,10.0,13.0,11.8,4.9,7.4,7.2,18.1,16.7,17.1,95.0,95.8,96.7,66.9,65.4,65.9,0.0,0.0,0.0,999.9,999.9,999.9,48,8.1,8.1
16585596,0723,76.4,81.0,80.9,54.6,47.3,46.6,870.0,897.2,892.3,39.8,13.0,11.8,6.4,7.3,7.2,22.0,16.7,17.1,99.0,95.8,96.8,75.0,65.5,65.8,0.11,0.0,0.0,999.9,999.9,999.9,0,8.1,9.7
16585596,0723,62.0,80.9,80.7,49.2,47.4,46.8,872.4,897.2,892.3,10.0,13.1,12.8,6.9,7.3,7.2,19.0,16.7,17.3,104.0,95.8,96.9,62.1,65.6,65.9,0.0,0.0,0.0,999.9,999.9,999.9,0,8.1,9.7
16585596,0723,82.8,80.9,80.1,57.5,47.4,47.2,871.0,897.2,888.1,9.9,13.1,12.8,4.9,7.3,7.2,20.0,16.7,17.6,93.0,95.8,96.9,66.0,65.6,65.7,0.02,0.0,0.0,999.9,999.9,999.9,18,8.1,9.1
16585596,0723,82.7,81.0,80.0,48.9,47.4,47.2,871.4,897.2,888.0,10.0,13.1,12.8,8.2,7.3,7.0,13.0,16.8,17.4,90.0,95.9,97.0,68.0,65.5,65.8,0.0,0.0,0.0,999.9,999.9,999.9,0,8.1,9.1
16585596,0723,85.2,81.0,80.0,33.1,47.4,47.1,866.4,897.2,888.1,20.3,13.1,12.8,7.8,7.3,7.1,19.0,16.8,17.2,91.9,95.8,97.1,75.0,65.6,66.1,0.0,0.0,0.0,999.9,999.9,999.9,0,8.1,8.6
16585596,0723,76.7,81.0,80.2,44.1,47.2,47.1,999.9,897.1,887.8,30.7,13.2,13.2,10.6,7.3,6.9,11.1,16.8,17.5,95.0,95.8,96.7,57.9,65.6,66.4,0.02,0.0,0.0,999.9,999.9,999.9,18,8.1,7.0
16585596,0723,83.0,81.0,80.6,48.9,47.2,47.5,872.4,897.1,892.1,39.8,13.2,13.9,6.9,7.3,7.1,19.0,16.8,17.3,95.0,95.9,96.8,62.1,65.6,66.0,0.0,0.0,0.0,999.9,999.9,999.9,0,8.1,7.6
16585596,0723,82.8,81.0,80.8,47.2,47.2,47.6,871.0,897.1,892.1,10.0,13.4,14.9,10.1,7.3,7.1,19.0,16.8,17.5,88.7,95.9,96.7,72.0,65.6,66.3,0.33,0.0,0.0,999.9,999.9,999.9,18,8.0,7.6
16585596,0723,76.4,81.1,80.8,49.3,47.2,47.9,873.1,897.1,892.2,9.8,13.4,14.9,3.7,7.4,7.2,15.0,16.8,17.6,102.9,95.9,96.4,75.0,65.6,66.3,0.03,0.0,0.0,999.9,999.9,999.9,18,8.1,7.6
16585596,0723,80.7,81.0,80.5,54.5,47.2,48.1,866.4,897.1,892.3,41.0,13.4,14.9,5.6,7.3,7.1,15.0,16.8,17.3,93.9,95.9,96.6,61.0,65.7,66.4,0.0,0.0,0.0,999.9,999.9,999.9,0,8.1,7.6
16585596,0723,62.0,81.0,80.8,54.5,47.2,48.2,868.1,897.1,892.1,10.0,13.5,15.9,11.6,7.3,6.9,15.0,16.8,17.4,88.7,96.0,96.3,63.0,65.6,66.4,0.0,0.0,0.0,999.9,999.9,999.9,18,8.1,7.6
16585596,0723,83.0,80.9,80.2,45.2,47.3,48.2,999.9,897.1,892.0,10.0,13.4,15.9,8.1,7.4,7.0,24.3,16.8,16.9,90.0,96.0,96.0,63.0,65.7,66.0,0.01,0.0,0.0,999.9,999.9,999.9,0,8.1,8.2
16585596,0723,83.0,80.9,80.3,39.9,47.3,48.6,873.1,897.8,896.2,13.5,13.4,15.9,9.6,7.4,7.1,24.3,16.8,17.2,93.9,96.0,95.9,66.0,65.6,65.7,0.02,0.0,0.0,999.9,999.9,999.9,0,8.1,7.6
16585596,0723,80.7,80.9,80.5,55.9,47.3,48.1,873.1,897.8,896.4,22.3,13.5,16.0,8.8,7.4,7.2,15.0,16.8,17.4,93.0,96.0,95.9,62.1,65.6,65.9,0.15,0.0,0.0,999.9,999.9,999.9,0,8.1,7.6
16585596,0723,79.9,80.9,80.2,46.5,47.4,48.1,873.1,897.1,896.4,9.9,13.5,16.1,8.7,7.4,7.3,24.1,16.8,17.1,91.9,96.0,95.6,57.0,65.6,66.0,0.0,0.0,0.0,999.9,999.9,999.9,0,8.1,7.0
16585596,0723,77.5,80.8,80.3,49.2,47.4,48.3,875.8,897.1,896.5,10.0,13.5,16.1,5.3,7.4,7.4,15.0,16.8,17.3,104.0,96.0,95.2,62.1,65.5,65.9,0.02,0.0,0.0,999.9,999.9,999.9,0,8.0,7.0
16585596,0723,81.8,80.9,80.1,54.6,47.3,48.1,871.5,897.2,892.3,10.0,13.4,16.1,10.2,7.4,7.4,15.0,16.8,17.4,102.0,96.0,95.6,62.2,65.5,65.4,0.0,0.0,0.0,999.9,999.9,999.9,0,7.9,7.0
16585596,0723,76.4,80.9,79.9,57.5,47.3,48.3,872.4,897.1,892.5,9.9,13.4,16.1,6.2,7.4,7.5,15.9,16.8,17.4,104.0,96.0,95.5,70.0,65.5,65.1,0.02,0.0,0.0,999.9,999.9,999.9,0,7.9,7.0
16585596,0723,81.8,80.9,80.0,49.3,47.4,48.5,999.9,897.1,892.5,9.9,13.4,15.7,5.1,7.4,7.4,15.0,16.8,17.6,93.0,96.0,95.9,66.0,65.5,65.5,0.11,0.0,0.0,999.9,999.9,999.9,0,7.8,7.0
16585596,0723,78.4,80.9,80.0,41.6,47.5,48.3,870.4,897.8,896.7,10.0,13.4,15.7,9.3,7.4,7.4,24.1,16.8,17.5,99.0,96.0,95.7,63.0,65.5,65.6,0.15,0.0,0.0,999.9,999.9,999.9,0,7.8,6.4
16585596,0723,76.8,80.9,79.9,54.6,47.4,47.9,870.5,897.1,892.4,9.9,13.4,15.7,4.9,7.4,7.6,15.9,16.8,17.8,95.0,96.0,95.9,62.1,65.5,65.5,0.11,0.0,0.1,999.9,999.9,999.9,18,7.8,6.4
16585596,0723,74.2,80.9,79.5,33.1,47.5,48.4,868.1,897.1,892.4,10.0,13.3,15.7,10.1,7.4,7.5,13.0,16.8,17.8,87.1,96.1,95.8,61.0,65.5,65.2,0.03,0.0,0.1,999.9,999.9,999.9,0,7.8,6.4
16585596,0723,69.7,80.8,79.1,54.6,47.4,47.9,999.9,897.1,888.0,10.0,13.3,15.7,11.6,7.4,7.6,8.9,16.7,17.6,99.0,96.1,95.3,68.0,65.4,64.9,0.0,0.0,0.1,999.9,999.9,999.9,0,7.7,5.8
16585596,0723,78.3,80.8,78.6,47.2,47.4,47.8,873.5,897.8,888.0,10.0,13.2,15.7,8.1,7.4,7.8,31.1,16.7,17.4,95.0,96.1,95.2,66.2,65.5,65.3,0.0,0.0,0.0,999.9,999.9,999.9,0,7.7,5.8
16585596,0723,86.6,80.7,78.3,47.2,47.4,47.6,869.6,897.9,888.0,10.0,13.1,14.7,4.9,7.4,7.8,34.0,16.8,17.7,102.0,96.2,94.9,71.1,65.4,65.6,0.0,0.0,0.0,999.9,999.9,999.9,0,7.7,5.8
16585596,0723,81.1,80.8,78.7,41.4,47.4,47.8,871.5,897.1,888.0,10.0,13.0,14.7,10.1,7.4,7.7,10.1,16.9,18.3,88.7,96.2,95.3,71.1,65.5,65.9,0.02,0.0,0.0,999.9,999.9,999.9,0,7.7,5.2
16585596,0723,80.3,80.8,78.7,36.2,47.4,48.0,999.9,897.1,888.0,9.7,13.0,14.7,9.8,7.4,7.6,31.1,16.8,18.2,95.0,96.1,94.8,73.9,65.5,66.1,0.0,0.0,0.0,999.9,999.9,999.9,18,7.7,5.2
16585596,0723,88.8,80.8,78.7,44.6,47.3,47.6,869.6,897.8,892.4,10.0,13.0,14.7,6.9,7.4,7.8,19.0,16.9,18.6,95.0,96.1,94.9,63.0,65.6,66.1,0.14,0.0,0.0,999.9,999.9,999.9,18,7.8,5.8
16585596,0723,83.0,80.8,79.0,54.6,47.3,47.8,873.6,897.8,892.4,10.0,13.0,14.5,3.7,7.4,7.7,14.0,17.0,18.7,93.0,96.1,95.1,73.9,65.6,66.1,0.0,0.0,0.0,999.9,999.9,999.9,18,7.8,6.4
16585596,0723,69.7,80.8,79.1,55.9,47.3,47.7,871.5,897.8,892.5,9.8,13.0,14.5,5.3,7.4,7.6,15.9,17.0,18.5,99.0,96.1,95.3,75.0,65.6,66.2,0.0,0.0,0.0,999.9,999.9,999.9,18,7.8,7.0
16585596,0723,77.5,80.8,78.7,55.6,47.4,48.4,868.1,897.8,892.6,9.8,12.9,14.5,6.9,7.3,7.6,18.1,16.9,18.4,90.0,96.1,95.4,62.1,65.7,66.5,0.0,0.0,0.0,999.9,999.9,999.9,18,7.8,6.0
16585596,0723,85.2,80.7,78.8,50.2,47.5,48.4,869.7,897.1,892.6,9.9,12.9,13.5,10.6,7.3,7.7,31.1,17.0,18.3,95.0,96.1,95.1,66.9,65.7,66.0,0.01,0.0,0.0,999.9,999.9,999.9,0,7.9,6.6
16585596,0723,83.0,80.7,79.5,41.6,47.5,48.4,875.8,897.1,892.5,10.0,12.9,13.5,5.3,7.4,7.8,11.1,17.0,18.7,99.0,96.0,94.8,57.9,65.7,66.2,0.11,0.0,0.0,999.9,999.9,999.9,0,7.9,6.6
16585596,0723,85.4,80.7,79.5,47.2,47.5,47.9,870.0,897.1,892.6,13.5,12.9,13.5,5.1,7.3,7.8,10.1,17.0,18.4,93.0,96.1,95.0,71.1,65.7,65.9,0.0,0.0,0.0,999.9,999.9,999.9,16,7.7,6.0
16585596,0723,82.7,80.7,79.6,41.6,47.5,47.8,869.0,897.1,892.6,13.5,12.9,13.7,3.7,7.3,7.7,14.0,17.0,18.3,90.0,96.1,95.1,70.0,65.7,66.0,0.0,0.0,0.0,999.9,999.9,999.9,18,7.7,6.5
16585596,0723,76.8,80.7,79.5,49.3,47.4,48.1,866.4,897.1,892.7,22.2,12.9,13.4,6.2,7.3,7.6,13.0,17.0,18.1,95.0,96.0,95.0,62.1,65.7,65.9,0.02,0.0,0.0,999.9,999.9,999.9,0,7.8,7.1
16585596,0723,78.3,80.7,79.5,54.6,47.5,48.3,871.4,897.1,888.2,10.0,13.0,13.1,3.7,7.3,7.4,19.0,17.0,18.2,99.0,96.0,95.0,63.0,65.6,66.0,0.0,0.0,0.0,999.9,999.9,999.9,18,7.7,6.5
16585596,0723,76.7,80.7,79.4,45.2,47.5,48.5,869.7,897.1,888.2,10.0,12.9,12.2,9.6,7.3,7.3,18.1,17.0,18.2,95.0,96.0,95.2,62.1,65.6,66.0,0.0,0.0,0.0,999.9,999.9,999.9,0,7.7,7.1
16585596,0723,80.7,80.7,79.2,36.2,47.5,48.4,873.1,896.4,888.2,10.0,12.9,12.2,10.2,7.3,7.3,24.3,17.1,18.2,93.9,96.0,95.4,66.9,65.6,65.7,0.0,0.0,0.0,999.9,999.9,999.9,0,7.6,6.5
16585596,0723,87.8,80.7,79.3,52.0,47.4,48.0,871.0,895.7,888.2,10.0,12.9,12.2,6.4,7.3,7.5,15.9,17.1,18.5,95.0,96.0,95.1,64.9,65.6,65.4,0.0,0.0,0.0,999.9,999.9,999.9,18,7.6,5.9
16585596,0723,81.1,80.8,79.6,36.2,47.4,47.9,871.5,895.7,888.3,10.0,12.9,11.1,4.9,7.3,7.5,10.1,17.1,18.5,99.0,95.9,95.1,62.2,65.6,65.6,0.0,0.0,0.0,999.9,999.9,999.9,2,7.6,6.5
16585596,0723,80.3,80.8,80.2,52.0,47.4,47.3,999.9,895.6,888.4,9.9,12.9,11.1,6.4,7.3,7.3,22.0,17.1,18.4,102.0,95.9,95.5,61.0,65.6,65.5,0.0,0.0,0.0,999.9,999.9,999.9,18,7.6,6.0
16585596,0723,78.3,80.8,80.1,45.2,47.5,47.5,872.7,896.3,888.4,10.0,12.9,11.1,9.8,7.3,7.3,11.1,17.1,18.3,95.0,96.0,95.9,62.1,65.5,65.5,0.0,0.0,0.0,999.9,999.9,999.9,0,7.7,6.6
16585596,0723,82.7,80.7,80.0,52.0,47.5,47.7,869.6,895.6,888.4,9.9,12.8,11.0,10.2,7.3,7.3,17.1,17.1,17.8,104.0,96.0,95.9,59.0,65.4,65.3,0.0,0.0,0.0,999.9,999.9,999.9,18,7.6,6.6
16585596,0723,81.8,80.8,80.0,50.9,47.6,47.6,875.8,894.9,888.3,41.0,12.8,10.6,6.2,7.3,7.3,17.1,17.1,17.9,102.9,96.0,96.3,64.9,65.4,65.2,0.15,0.0,0.0,999.9,999.9,999.9,0,7.7,7.2
16585596,0723,86.8,80.8,80.1,55.6,47.7,47.7,872.7,895.0,888.4,10.0,13.0,11.6,6.6,7.3,7.2,19.0,17.1,17.7,95.0,96.1,96.6,62.1,65.4,65.5,0.0,0.0,0.0,999.9,999.9,999.9,18,7.7,7.2
16585596,0723,87.8,80.8,80.4,57.6,47.7,47.9,872.7,895.0,888.3,10.0,13.0,11.6,9.9,7.3,7.3,11.1,17.1,17.8,102.0,96.0,96.3,66.0,65.3,65.5,0.0,0.0,0.0,999.9,999.9,999.9,48,7.8,7.8
16585596,0723,86.8,81.0,80.6,41.4,47.8,48.0,999.9,895.0,888.3,10.0,13.0,11.6,10.1,7.4,7.3,19.0,17.0,17.7,93.0,96.1,96.3,68.0,65.3,65.6,0.01,0.0,0.0,999.9,999.9,999.9,18,8.0,9.4
16585596,0723,88.1,80.9,80.9,44.1,47.7,47.5,873.0,895.0,892.6,10.0,13.0,11.6,8.8,7.4,7.4,18.1,17.1,17.8,102.9,96.0,96.0,71.1,65.3,65.6,0.0,0.0,0.0,999.9,999.9,999.9,2,8.0,10.0
16585596,0723,78.4,80.9,81.2,57.6,47.7,47.3,873.0,894.3,888.3,10.0,13.0,11.6,8.1,7.4,7.5,31.1,17.1,17.9,99.0,96.1,96.3,66.9,65.4,65.7,0.03,0.0,0.0,999.9,999.9,999.9,0,7.9,10.1
16585596,0723,88.1,80.9,81.2,39.9,47.7,47.9,873.0,894.3,888.4,9.9,12.9,11.6,6.2,7.4,7.5,18.1,17.2,18.1,90.0,96.1,96.3,62.1,65.4,65.9,0.0,0.0,0.0,999.9,999.9,999.9,0,7.8,10.1
16585596,0723,79.9,81.0,81.5,44.1,47.6,47.4,873.6,893.6,888.5,9.8,12.9,11.6,10.1,7.4,7.5,19.0,17.2,18.2,99.0,96.0,96.1,75.0,65.4,65.9,0.0,0.0,0.0,999.9,999.9,999.9,0,7.7,9.5
16585596,0723,69.7,80.9,81.7,47.1,47.6,47.7,873.6,893.6,888.7,10.0,12.9,11.6,8.2,7.4,7.5,19.0,17.1,18.4,79.0,96.1,96.5,73.0,65.4,66.3,0.0,0.0,0.0,999.9,999.9,999.9,0,7.6,9.5
16585596,0723,87.8,80.9,81.7,33.1,47.7,47.5,871.5,893.6,884.5,9.8,12.9,11.6,4.9,7.4,7.4,15.9,17.1,18.7,88.7,96.0,95.8,54.0,65.4,66.5,0.0,0.0,0.0,999.9,999.9,999.9,18,7.6,9.5
16585596,0723,81.1,80.9,82.0,44.1,47.6,47.0,873.6,893.6,884.4,10.0,12.9,11.6,5.6,7.4,7.3,15.9,17.1,18.2,93.9,95.9,95.6,62.1,65.3,66.1,0.0,0.0,0.0,999.9,999.9,999.9,2,7.7,10.1
16585596,0723,81.1,80.9,81.9,52.0,47.6,46.9,999.9,893.6,884.5,9.7,12.9,11.6,10.1,7.4,7.3,18.1,17.1,17.6,90.0,95.9,95.4,66.9,65.3,65.8,0.0,0.0,0.0,999.9,999.9,999.9,0,7.7,10.1
16585596,0723,81.1,81.0,81.9,57.6,47.6,47.3,999.9,894.3,888.8,10.0,12.9,11.6,5.3,7.4,7.3,10.1,17.1,17.9,95.0,95.9,95.4,66.9,65.3,65.6,0.0,0.0,0.0,999.9,999.9,999.9,18,7.6,10.1
16585596,0723,76.7,81.0,81.9,52.0,47.6,48.0,873.0,894.3,888.8,10.0,12.9,11.6,4.9,7.4,7.2,26.0,17.0,17.2,93.9,95.9,95.4,68.0,65.2,65.4,0.17,0.0,0.0,999.9,999.9,999.9,0,7.7,10.1
16585596,0723,80.7,81.0,81.5,41.4,47.6,48.2,869.6,894.4,888.9,9.9,12.9,11.6,7.8,7.4,7.1,19.0,17.0,17.4,98.1,96.0,95.4,66.0,65.2,65.6,0.01,0.0,0.0,999.9,999.9,999.9,18,7.7,9.5
16585596,0723,85.2,80.9,81.4,52.0,47.6,47.8,871.0,894.4,888.8,10.0,12.9,11.6,8.7,7.4,7.2,17.1,17.0,17.6,93.9,96.0,95.5,75.9,65.2,65.3,0.0,0.0,0.0,999.9,999.9,999.9,2,7.8,9.5
16585596,0723,82.7,80.9,81.9,48.9,47.6,47.6,999.9,893.6,888.8,9.8,12.8,11.6,6.3,7.4,7.3,12.0,17.0,17.6,99.0,95.9,95.4,66.0,65.3,65.3,0.0,0.0,0.0,999.9,999.9,999.9,18,7.8,9.0
16585596,0723,78.4,80.9,82.1,34.9,47.7,47.4,870.4,894.3,893.2,39.8,12.8,11.6,10.1,7.4,7.3,20.0,16.9,17.4,99.0,96.0,95.7,71.1,65.3,65.5,0.0,0.0,0.0,999.9,999.9,999.9,18,7.9,9.0
16585596,0723,80.9,80.9,81.9,44.6,47.7,46.9,866.4,894.4,893.2,9.9,13.0,12.6,6.6,7.4,7.3,11.1,16.9,17.0,99.0,96.1,95.8,62.1,65.3,65.6,0.33,0.0,0.0,999.9,999.9,999.9,0,8.0,9.6
16585596,0723,86.8,80.9,81.8,54.1,47.7,47.0,999.9,893.6,892.9,39.8,13.0,12.6,5.1,7.4,7.4,34.0,16.8,17.0,98.1,96.2,95.8,75.0,65.3,65.8,0.17,0.0,0.0,999.9,999.9,999.9,0,8.0,9.6
16585596,0723,82.7,81.0,81.8,54.5,47.7,47.2,869.7,894.3,897.2,10.0,13.1,13.5,3.7,7.4,7.4,12.0,17.0,17.8,93.9,96.2,96.0,75.0,65.3,65.9,0.0,0.0,0.0,999.9,999.9,999.9,18,8.0,9.1
16585596,0723,88.1,81.0,81.8,55.9,47.7,47.7,873.6,894.3,897.2,9.8,13.1,13.4,6.2,7.4,7.4,18.1,17.0,17.8,93.9,96.1,96.1,64.9,65.4,66.0,0.02,0.0,0.0,999.9,999.9,999.9,0,8.1,9.1
16585596,0723,86.8,81.0,82.2,54.1,47.8,47.9,870.4,893.6,897.5,30.7,13.1,13.0,5.1,7.4,7.4,31.1,17.0,17.9,104.0,96.1,96.1,71.1,65.4,66.1,0.14,0.0,0.0,999.9,999.9,999.9,0,8.0,9.1
16585596,0723,78.3,81.0,82.5,44.1,47.8,47.9,870.5,893.6,897.5,22.3,13.1,13.7,6.3,7.3,7.4,13.0,17.1,18.4,90.0,96.1,96.2,63.0,65.5,66.4,0.0,0.0,0.0,999.9,999.9,999.9,0,7.9,8.5
16585596,0723,79.9,81.0,82.6,49.3,47.8,47.8,999.9,893.6,897.5,10.0,13.2,14.1,8.7,7.3,7.3,12.0,17.0,18.2,88.7,96.1,96.1,71.1,65.5,66.4,0.0,0.0,0.0,999.9,999.9,999.9,0,7.9,8.5
16585596,0723,85.2,81.0,82.5,47.1,47.9,48.3,870.5,894.3,901.7,9.7,13.2,14.1,9.5,7.4,7.2,34.0,17.0,17.8,91.9,96.0,95.9,62.2,65.6,66.6,0.14,0.0,0.0,999.9,999.9,999.9,0,7.9,8.5
16585596,0723,82.7,81.1,82.4,49.3,48.0,48.1,871.4,894.3,901.7,9.9,13.2,14.1,6.9,7.4,7.3,26.0,17.1,18.4,88.7,96.0,95.8,75.9,65.5,66.5,0.0,0.0,0.0,999.9,999.9,999.9,0,7.8,7.9
16585596,0723,76.8,81.0,82.5,45.2,47.9,48.5,872.9,894.3,901.7,10.0,13.2,14.1,9.6,7.4,7.4,13.0,17.2,18.9,93.9,95.9,95.5,64.9,65.6,66.9,0.14,0.0,0.0,999.9,999.9,999.9,0,7.7,7.8
16585596,0723,77.5,81.1,82.4,47.1,47.9,48.3,866.4,894.3,897.5,22.2,13.2,14.1,10.2,7.4,7.5,24.3,17.2,18.6,89.1,95.9,95.2,64.9,65.6,67.1,0.11,0.0,0.0,999.9,999.9,999.9,16,7.7,7.2
16585596,0723,76.8,81.0,82.4,55.9,47.9,48.4,870.4,894.3,897.2,9.8,13.2,14.5,9.8,7.4,7.5,13.0,17.2,19.0,93.9,95.9,95.0,57.9,65.6,67.2,0.0,0.0,0.0,999.9,999.9,999.9,0,7.7,7.7
16585596,0723,77.1,81.0,82.2,49.2,48.0,48.5,870.5,894.2,897.3,13.5,13.2,14.5,7.8,7.4,7.5,13.0,17.2,18.9,104.0,95.9,94.6,71.1,65.5,67.1,0.0,0.0,0.0,999.9,999.9,999.9,0,7.7,7.1
16585596,0723,83.0,81.0,82.0,45.2,48.0,48.5,875.8,894.2,897.1,9.9,13.2,13.5,10.2,7.4,7.6,15.0,17.2,18.8,91.9,96.0,94.7,54.0,65.6,67.3,0.33,0.0,0.0,999.9,999.9,999.9,0,7.7,7.1
16585596,0723,82.7,81.0,81.9,41.2,48.0,48.1,872.9,894.3,897.2,22.2,13.2,13.5,6.2,7.4,7.7,18.1,17.2,18.6,102.0,95.9,94.6,75.9,65.5,67.1,0.0,0.0,0.1,999.9,999.9,999.9,0,7.7,6.5
16585596,0723,79.9,81.0,81.7,58.4,47.9,47.6,999.9,893.5,897.2,9.9,13.3,13.9,6.5,7.4,7.6,11.1,17.1,18.9,88.7,96.0,94.6,64.9,65.6,67.4,0.02,0.0,0.1,999.9,999.9,999.9,18,7.7,4.9
16585596,0723,79.3,80.9,81.5,37.5,48.0,48.1,871.5,893.5,897.2,9.9,13.3,13.9,4.9,7.4,7.4,15.0,17.1,18.6,102.0,96.0,94.4,66.9,65.6,67.3,0.0,0.0,0.1,999.9,999.9,999.9,0,7.8,4.9
16585596,0723,89.2,80.9,81.2,58.4,47.9,47.9,872.7,892.8,897.2,9.9,13.3,13.9,6.4,7.4,7.3,10.1,17.0,18.5,99.0,96.0,94.4,63.0,65.6,67.2,0.0,0.0,0.1,999.9,999.9,999.9,0,7.8,4.9
16585596,0723,80.3,81.0,81.5,41.4,48.0,47.9,870.5,892.1,897.1,10.0,13.3,13.9,10.6,7.4,7.3,19.0,17.0,17.8,87.1,96.0,94.4,59.0,65.5,67.0,0.02,0.0,0.1,999.9,999.9,999.9,18,7.8,4.9
16585596,0723,85.2,81.0,81.3,45.2,47.9,48.0,999.9,892.1,897.1,9.8,13.3,13.9,8.2,7.4,7.4,15.9,17.0,17.8,88.7,96.0,94.3,66.0,65.5,66.9,0.11,0.0,0.1,999.9,999.9,999.9,0,7.8,5.5
16585596,0723,79.9,81.0,81.5,55.9,47.8,48.0,873.1,892.8,901.3,9.9,13.3,13.9,6.2,7.4,7.3,15.9,17.0,17.7,88.7,95.9,94.0,70.0,65.5,66.6,0.0,0.0,0.1,999.9,999.9,999.9,2,7.7,5.5
16585596,0723,89.6,81.0,81.8,45.2,47.8,48.3,870.0,892.8,901.3,41.0,13.3,13.9,7.8,7.4,7.3,24.1,17.1,17.6,99.0,95.9,94.3,75.0,65.5,66.5,0.01,0.0,0.1,999.9,999.9,999.9,18,7.6,5.5
16585596,0723,87.8,81.0,81.9,46.5,47.9,48.7,873.0,892.1,901.2,9.9,13.4,15.0,10.2,7.4,7.4,24.1,17.1,17.9,88.7,95.9,94.6,66.0,65.6,67.2,0.0,0.0,0.1,999.9,999.9,999.9,0,7.6,5.5
16585596,0723,80.7,81.0,82.1,44.6,47.9,48.8,873.1,892.1,901.2,10.0,13.4,15.0,10.6,7.4,7.5,8.9,17.1,18.2,87.1,95.8,94.5,61.0,65.6,67.4,0.11,0.0,0.1,999.9,999.9,999.9,0,7.6,5.5
16585596,0723,89.6,81.0,82.1,44.1,47.9,48.6,872.7,892.1,897.0,9.8,13.4,15.0,5.3,7.4,7.5,12.0,17.1,17.9,99.0,95.8,94.4,71.1,65.6,67.2,0.0,0.0,0.1,999.9,999.9,999.9,0,7.5,5.5
16585596,0723,88.1,81.0,82.3,47.1,47.9,48.1,870.0,891.4,892.7,9.8,13.4,15.0,6.6,7.4,7.5,17.1,17.0,17.9,98.1,95.8,94.5,75.9,65.7,67.3,0.0,0.0,0.1,999.9,999.9,999.9,0,7.4,4.9
16585596,0723,76.4,81.2,82.7,37.5,47.8,47.9,870.0,891.4,892.6,10.0,13.4,15.0,5.3,7.4,7.6,22.0,17.1,17.6,102.9,95.8,94.6,62.1,65.8,67.6,0.0,0.0,0.1,999.9,999.9,999.9,18,7.3,4.9
16585596,0723,81.8,81.1,82.6,39.9,47.8,47.8,866.4,891.4,892.6,10.0,13.4,15.0,8.7,7.4,7.5,12.0,17.1,17.7,88.7,95.8,94.8,62.1,65.7,67.4,0.0,0.0,0.1,999.9,999.9,999.9,2,7.3,4.9
16585596,0723,88.8,81.1,82.5,57.6,47.8,47.4,873.0,891.4,892.5,22.2,13.4,15.0,5.3,7.4,7.5,13.0,17.1,17.6,102.0,95.8,94.6,59.0,65.7,67.0,0.0,0.0,0.1,999.9,999.9,999.9,0,7.3,4.9
16585596,0723,89.6,81.1,82.7,34.9,47.9,47.7,875.8,891.4,888.2,9.9,13.5,15.4,6.2,7.4,7.5,10.1,17.1,17.6,95.0,95.8,94.7,73.9,65.7,66.7,0.0,0.0,0.1,999.9,999.9,999.9,0,7.2,4.3
16585596,0723,78.3,81.2,83.1,49.2,47.8,47.7,873.6,891.4,888.4,9.9,13.5,14.4,10.4,7.4,7.4,15.9,17.1,17.3,93.9,95.7,94.6,73.9,65.8,66.8,0.0,0.0,0.1,999.9,999.9,999.9,0,7.1,3.7
16585596,0723,69.7,81.2,83.0,58.4,47.8,47.9,866.4,891.4,888.7,10.0,13.5,14.4,9.8,7.4,7.5,18.1,17.2,17.4,93.9,95.7,94.4,61.0,65.8,67.2,0.0,0.0,0.0,999.9,999.9,999.9,0,7.1,3.7
16585596,0723,89.2,81.1,82.4,39.9,47.9,48.0,872.4,891.4,884.2,9.9,13.5,13.4,8.8,7.4,7.6,13.0,17.2,16.9,99.0,95.7,94.3,75.9,65.7,66.8,0.0,0.0,0.0,999.9,999.9,999.9,18,7.1,3.7
16585596,0723,77.1,81.1,82.6,41.4,47.8,47.5,871.5,891.4,884.3,10.0,13.5,13.4,8.8,7.4,7.8,19.0,17.1,16.9,79.0,95.7,94.5,73.9,65.8,66.8,0.0,0.0,0.0,999.9,999.9,999.9,18,7.2,3.7
16585596,0723,62.0,81.1,82.2,45.2,47.7,47.0,873.1,891.4,884.2,39.8,13.5,13.4,10.2,7.4,7.9,18.1,17.2,17.0,98.1,95.5,94.0,71.1,65.8,67.1,0.0,0.0,0.0,999.9,999.9,999.9,0,7.2,4.3
16585596,0723,86.6,81.0,81.4,57.6,47.6,46.7,869.7,891.4,884.3,10.0,13.7,13.7,9.8,7.4,8.1,15.0,17.2,16.5,99.0,95.6,93.8,66.0,65.8,67.1,0.0,0.0,0.0,999.9,999.9,999.9,0,7.2,4.3
16585596,0723,80.9,81.0,81.7,45.2,47.7,47.2,871.0,890.7,884.3,39.8,13.5,13.3,9.3,7.5,8.2,15.9,17.2,16.6,102.0,95.5,94.1,75.9,65.8,67.2,0.0,0.0,0.0,999.9,999.9,999.9,18,7.2,4.3
16585596,0723,85.4,81.0,81.7,33.1,47.7,47.0,999.9,890.7,880.0,41.0,13.6,14.3,5.1,7.5,8.2,26.0,17.1,16.7,90.0,95.5,94.5,64.9,65.8,67.3,0.03,0.0,0.0,999.9,999.9,999.9,18,7.2,4.9
16585596,0723,85.4,81.0,81.7,44.1,47.6,46.6,872.4,891.4,884.3,10.0,13.8,15.3,3.7,7.5,8.1,34.0,17.2,16.5,99.0,95.6,94.4,66.9,65.8,67.4,0.03,0.0,0.0,999.9,999.9,999.9,0,7.3,5.5
16585596,0723,81.1,81.0,81.8,50.2,47.5,46.4,869.6,891.4,884.4,9.7,13.8,15.3,5.6,7.5,8.0,15.9,17.3,16.7,90.0,95.6,94.8,71.1,65.8,67.1,0.0,0.0,0.0,999.9,999.9,999.9,0,7.3,5.5
16585596,0723,76.8,81.0,82.0,41.2,47.6,46.6,999.9,891.3,884.2,9.9,13.8,15.3,6.2,7.4,7.8,11.1,17.2,16.8,93.0,95.6,94.7,66.0,65.9,67.3,0.0,0.0,0.0,999.9,999.9,999.9,0,7.2,5.5
16585596,0723,78.4,81.0,81.9,57.2,47.5,46.4,869.5,892.0,888.7,14.9,13.7,14.9,4.9,7.5,7.7,14.0,17.2,16.4,93.9,95.6,94.8,68.0,65.9,67.4,0.0,0.0,0.0,999.9,999.9,999.9,18,7.2,4.9
16585596,0723,87.8,80.9,82.0,54.5,47.5,46.4,866.4,892.0,888.7,20.3,13.6,15.1,6.4,7.4,7.5,8.9,17.2,16.4,102.9,95.6,94.8,54.0,65.9,67.7,0.0,0.0,0.0,999.9,999.9,999.9,18,7.3,5.5
16585596,0723,83.0,81.0,82.4,49.2,47.5,46.6,869.6,892.0,888.5,10.0,13.6,15.3,6.2,7.4,7.5,24.3,17.1,16.3,93.9,95.6,94.7,73.9,65.9,67.1,0.0,0.0,0.0,999.9,999.9,999.9,18,7.4,6.1
16585596,0723,62.0,80.9,82.4,44.6,47.5,46.7,873.0,892.0,888.3,9.9,13.6,15.3,10.2,7.4,7.3,18.1,17.1,16.6,93.9,95.5,94.8,64.9,65.9,67.8,0.0,0.0,0.0,999.9,999.9,999.9,18,7.5,6.7
16585596,0723,80.3,80.9,81.7,54.5,47.5,46.8,873.6,892.0,888.3,9.7,13.5,14.9,10.4,7.4,7.5,18.1,17.1,16.6,95.0,95.5,94.5,59.0,65.9,67.4,0.0,0.0,0.0,999.9,999.9,999.9,0,7.6,7.3
16585596,0723,80.7,80.9,81.7,37.5,47.5,46.7,870.4,892.0,884.1,9.9,13.5,14.9,6.2,7.5,7.6,19.0,17.1,16.8,95.0,95.5,94.8,64.9,65.9,67.2,0.0,0.0,0.0,999.9,999.9,999.9,18,7.6,6.7
16585596,0723,85.2,80.9,81.7,57.5,47.5,46.7,872.7,892.0,884.1,10.0,13.5,14.9,6.9,7.4,7.6,26.0,17.2,17.0,104.0,95.5,94.5,73.9,66.0,67.2,0.15,0.0,0.0,999.9,999.9,999.9,0,7.7,7.3
16585596,0723,81.1,80.9,81.6,52.0,47.6,46.7,999.9,892.0,884.1,13.5,13.4,14.9,10.4,7.4,7.7,19.0,17.2,17.5,100.0,95.6,94.7,73.9,66.0,67.5,0.0,0.0,0.0,999.9,999.9,999.9,0,7.6,7.3
16585596,0723,85.2,80.9,81.6,41.4,47.7,47.0,870.5,892.0,888.4,9.9,13.4,15.0,10.2,7.4,7.7,18.1,17.2,17.5,90.0,95.7,95.1,70.0,66.0,68.0,0.03,0.0,0.0,999.9,999.9,999.9,18,7.6,6.7
16585596,0723,79.9,81.0,81.6,55.6,47.6,46.9,872.4,891.3,884.1,10.0,13.4,15.0,6.9,7.5,7.7,19.0,17.2,17.6,99.0,95.6,95.2,66.2,66.1,68.2,0.0,0.0,0.0,999.9,999.9,999.9,48,7.7,7.3
16585596,0723,74.2,81.0,81.6,39.9,47.7,46.9,870.5,891.3,884.1,20.3,13.4,15.0,11.6,7.5,7.7,15.0,17.3,17.7,93.0,95.6,95.5,73.9,66.1,68.0,0.0,0.0,0.0,999.9,999.9,999.9,0,7.9,8.9
16585596,0723,82.8,80.9,81.1,55.9,47.6,46.7,875.8,891.3,884.1,30.7,13.5,14.3,9.5,7.5,7.9,13.0,17.3,17.4,104.0,95.7,95.3,66.9,66.1,68.0,0.0,0.0,0.0,999.9,999.9,999.9,18,7.9,8.3
16585596,0723,89.2,80.9,80.9,50.9,47.6,47.0,872.9,891.3,884.2,10.0,13.6,15.0,9.8,7.5,7.8,18.1,17.3,17.0,99.0,95.7,95.8,66.9,66.1,68.0,0.0,0.0,0.0,999.9,999.9,999.9,0,7.9,8.9
16585596,0723,89.2,80.9,81.2,41.6,47.6,47.2,869.0,890.6,884.2,9.8,13.6,15.0,5.3,7.5,7.8,14.0,17.2,17.3,87.1,95.8,96.2,66.0,66.1,68.2,0.0,0.0,0.0,999.9,999.9,999.9,0,7.9,8.9
16585596,0723,76.8,81.0,81.2,33.1,47.6,47.2,869.0,890.6,884.0,10.0,13.6,15.0,9.3,7.5,7.8,14.0,17.3,17.4,95.0,95.7,95.8,73.9,66.1,68.1,0.15,0.0,0.0,999.9,999.9,999.9,0,7.9,8.9
16585596,0723,80.3,81.0,80.8,40.5,47.5,46.7,871.5,890.6,884.0,30.7,13.6,15.0,9.3,7.4,7.9,19.0,17.2,17.3,88.7,95.7,95.7,66.0,66.2,68.0,0.0,0.0,0.0,999.9,999.9,999.9,0,7.8,8.9
16585596,0723,85.4,80.9,81.0,44.6,47.6,46.8,872.7,889.8,884.0,9.9,13.7,15.7,6.6,7.5,8.0,14.0,17.2,17.2,79.0,95.7,95.2,71.1,66.2,68.1,0.0,0.0,0.0,999.9,999.9,999.9,18,7.7,8.3
16585596,0723,80.3,81.0,81.1,49.2,47.6,47.0,999.9,889.9,884.3,10.0,13.7,15.7,6.9,7.5,8.0,15.9,17.2,17.2,93.0,95.6,94.9,75.9,66.3,68.4,0.0,0.0,0.0,999.9,999.9,999.9,0,7.8,8.8
16585596,0723,81.8,81.0,80.8,55.6,47.6,46.7,869.6,890.6,888.5,9.9,13.7,15.3,6.2,7.5,8.0,15.9,17.2,17.3,95.0,95.5,94.6,59.0,66.3,69.0,0.17,0.0,0.0,999.9,999.9,999.9,18,7.8,8.8
16585596,0723,85.4,81.0,80.5,41.6,47.7,47.4,873.1,890.6,888.3,20.3,13.7,15.3,10.1,7.5,8.0,19.0,17.2,17.5,99.0,95.5,94.6,68.0,66.2,68.5,0.0,0.0,0.0,999.9,999.9,999.9,18,7.9,9.4
16585596,0723,62.0,81.0,80.8,57.5,47.6,47.1,873.1,890.6,888.3,10.0,13.8,15.7,8.7,7.5,8.0,13.0,17.2,17.6,95.0,95.6,94.8,70.0,66.2,68.3,0.0,0.0,0.0,999.9,999.9,999.9,16,8.0,10.0
16585596,0723,76.7,80.9,80.5,44.6,47.7,47.1,868.1,890.6,888.5,9.9,13.8,15.7,6.5,7.5,8.0,13.0,17.3,17.4,99.0,95.5,94.8,66.0,66.3,68.6,0.0,0.0,0.0,999.9,999.9,999.9,18,8.1,10.5
16585596,0723,81.1,80.9,80.1,54.6,47.6,47.2,868.1,889.9,888.3,10.0,13.8,15.7,8.8,7.5,7.9,15.0,17.2,17.4,93.9,95.5,94.8,71.1,66.4,68.3,0.0,0.0,0.0,999.9,999.9,999.9,0,8.1,10.5
16585596,0723,79.3,80.9,80.2,37.5,47.6,47.7,866.4,889.8,888.2,9.9,13.8,15.7,11.6,7.5,7.9,34.0,17.3,17.3,99.0,95.6,95.3,66.9,66.5,68.2,0.02,0.0,0.0,999.9,999.9,999.9,18,8.0,9.9
16585596,0723,89.2,80.9,80.8,54.5,47.6,47.4,869.5,889.8,888.0,10.0,13.8,14.7,4.7,7.5,8.0,18.1,17.4,17.8,93.0,95.5,95.3,59.0,66.4,68.0,0.0,0.0,0.0,999.9,999.9,999.9,0,8.1,10.5
16585596,0723,82.8,81.0,80.9,36.2,47.6,47.3,873.0,889.8,888.0,30.7,13.7,14.7,6.5,7.5,7.8,14.0,17.3,17.9,93.9,95.5,95.1,73.9,66.4,67.8,0.15,0.0,0.0,999.9,999.9,999.9,0,8.1,10.5
16585596,0723,86.6,81.0,81.0,49.2,47.5,47.0,869.5,889.8,888.1,9.9,13.8,14.4,10.6,7.5,7.7,34.0,17.3,17.9,95.0,95.4,94.9,66.0,66.5,67.7,0.0,0.0,0.0,999.9,999.9,999.9,0,8.0,9.9
16585596,0723,80.9,81.0,81.0,47.1,47.6,47.5,872.4,889.8,883.7,9.8,13.8,13.3,6.6,7.5,7.9,18.1,17.4,18.1,104.0,95.4,95.0,64.9,66.5,67.8,0.0,0.0,0.0,999.9,999.9,999.9,0,7.9,9.3
16585596,0723,76.8,81.0,80.8,45.2,47.6,47.6,999.9,889.8,883.7,9.7,13.8,13.3,10.6,7.5,8.0,31.1,17.4,17.6,93.9,95.5,95.2,63.0,66.5,67.7,0.11,0.0,0.0,999.9,999.9,999.9,0,7.7,9.3
16585596,0723,88.1,80.9,80.7,47.1,47.6,47.5,872.9,890.5,888.1,10.0,13.8,13.3,10.2,7.5,8.1,13.0,17.5,18.1,79.0,95.5,95.3,66.2,66.4,67.4,0.0,0.0,0.0,999.9,999.9,999.9,48,7.6,9.3
16585596,0723,79.9,81.0,81.1,41.4,47.6,47.7,872.4,889.8,883.8,9.9,13.6,13.3,5.3,7.5,8.3,24.1,17.5,18.2,100.0,95.4,94.9,71.1,66.5,67.4,0.33,0.0,0.0,999.9,999.9,999.9,0,7.7,10.9
16585596,0723,85.2,81.0,81.1,45.2,47.5,47.2,872.4,889.1,883.9,9.8,13.5,13.2,5.6,7.5,8.3,17.1,17.6,18.5,98.1,95.4,95.1,66.2,66.5,67.5,0.0,0.0,0.0,999.9,999.9,999.9,2,7.7,10.3
16585596,0723,80.3,81.0,81.0,55.9,47.4,46.8,866.4,889.1,884.1,10.0,13.5,12.8,8.7,7.5,8.3,19.0,17.6,18.8,102.9,95.4,94.9,66.0,66.6,68.0,0.0,0.0,0.0,999.9,999.9,999.9,0,7.7,9.8
16585596,0723,89.2,80.9,81.0,49.3,47.4,47.1,868.1,889.1,884.0,10.0,13.5,12.8,5.1,7.5,8.3,10.1,17.6,18.6,102.9,95.4,95.2,66.9,66.6,67.7,0.14,0.0,0.0,999.9,999.9,999.9,0,7.7,9.2
16585596,0723,85.2,81.1,81.9,41.6,47.4,47.2,871.4,889.0,883.9,10.0,13.5,12.8,6.6,7.5,8.2,11.1,17.5,18.4,89.1,95.4,95.5,68.0,66.6,67.8,0.15,0.0,0.0,999.9,999.9,999.9,18,7.7,8.6
16585596,0723,81.1,81.1,82.0,44.6,47.4,46.8,872.4,889.0,883.8,9.9,13.5,12.8,10.2,7.5,8.0,11.1,17.5,18.1,89.1,95.4,95.3,62.1,66.6,68.1,0.0,0.0,0.0,999.9,999.9,999.9,18,7.8,9.2
16585596,0723,85.2,81.1,82.0,48.9,47.3,47.0,871.5,889.0,883.9,9.8,13.5,12.8,8.2,7.6,8.2,13.0,17.5,17.9,93.0,95.3,95.1,59.0,66.6,68.0,0.0,0.0,0.0,999.9,999.9,999.9,0,7.9,9.2
16585596,0723,82.8,81.1,82.0,47.1,47.3,46.7,999.9,889.0,883.8,10.0,13.5,12.8,5.6,7.6,8.2,10.1,17.5,17.4,93.9,95.3,94.8,71.1,66.6,67.5,0.0,0.0,0.0,999.9,999.9,999.9,18,7.8,9.2
16585596,0723,79.3,81.1,82.1,54.6,47.3,46.6,873.0,889.7,883.8,9.8,13.5,12.7,6.5,7.6,8.1,15.0,17.5,17.1,104.0,95.3,94.6,64.9,66.6,67.4,0.0,0.0,0.0,999.9,999.9,999.9,0,7.9,9.8
16585596,0723,77.1,81.1,81.9,46.5,47.4,47.0,871.0,889.0,883.9,41.0,13.5,12.7,10.6,7.6,7.9,13.0,17.5,17.0,102.0,95.4,95.0,66.9,66.5,67.2,0.15,0.0,0.0,999.9,999.9,999.9,0,7.8,9.2
16585596,0723,82.7,81.1,81.8,41.2,47.5,46.7,999.9,889.0,883.8,10.0,13.7,13.7,8.2,7.6,8.1,26.0,17.5,16.8,93.9,95.5,95.1,73.0,66.6,67.2,0.0,0.0,0.0,999.9,999.9,999.9,18,7.8,7.6
16585596,0723,69.7,81.1,82.1,48.9,47.4,46.8,873.6,889.8,888.2,9.7,13.5,13.4,9.6,7.6,7.9,15.9,17.5,17.2,99.0,95.5,95.1,70.0,66.7,67.2,0.0,0.0,0.0,999.9,999.9,999.9,0,7.9,8.2
16585596,0723,78.3,81.1,81.7,57.5,47.3,46.5,871.4,889.8,888.1,30.7,13.5,12.7,7.8,7.6,7.9,11.1,17.5,17.3,102.0,95.5,95.0,73.9,66.7,67.3,0.0,0.0,0.0,999.9,999.9,999.9,18,7.8,7.6
16585596,0723,78.4,81.0,81.3,47.2,47.4,46.7,872.4,889.8,888.0,10.0,13.6,13.4,8.7,7.6,7.9,11.1,17.5,17.1,93.0,95.6,95.1,61.0,66.8,67.5,0.0,0.0,0.0,999.9,999.9,999.9,0,7.9,8.2
16585596,0723,88.1,81.0,80.9,41.2,47.5,46.9,873.5,889.8,888.2,10.0,13.6,13.4,5.6,7.6,8.0,15.0,17.5,17.0,95.0,95.5,95.3,66.0,66.8,67.4,0.0,0.0,0.0,999.9,999.9,999.9,0,7.9,8.2
16585596,0723,79.9,81.1,81.3,40.5,47.5,47.2,999.9,889.8,888.3,30.7,13.6,13.4,7.8,7.6,7.9,19.0,17.5,17.0,99.0,95.5,95.3,75.9,66.7,67.1,0.0,0.0,0.0,999.9,999.9,999.9,0,7.9,8.2
16585596,0723,81.8,81.1,81.3,50.2,47.4,47.2,873.6,890.5,892.6,10.0,13.7,13.4,5.6,7.6,7.8,11.1,17.5,17.0,99.0,95.5,95.6,71.1,66.7,67.4,0.0,0.0,0.0,999.9,999.9,999.9,0,7.7,8.2
16585596,0723,82.8,81.0,81.2,54.6,47.4,47.4,872.4,890.5,892.6,9.9,13.7,13.4,6.5,7.6,7.8,24.3,17.5,16.9,79.0,95.6,96.3,73.9,66.7,67.4,0.0,0.0,0.0,999.9,999.9,999.9,48,7.7,7.6
16585596,0723,76.8,81.1,81.3,50.2,47.4,47.6,871.0,890.5,888.4,9.9,13.7,13.4,6.2,7.6,7.8,18.1,17.5,17.2,93.0,95.5,95.8,75.0,66.8,67.4,0.0,0.0,0.0,999.9,999.9,999.9,0,7.9,9.2
16585596,0723,81.1,81.0,81.1,54.1,47.5,47.4,869.6,889.8,888.4,30.7,13.7,13.4,10.2,7.6,7.8,24.3,17.6,17.3,95.0,95.4,95.8,70.0,66.8,67.9,0.0,0.0,0.0,999.9,999.9,999.9,0,7.8,8.6
16585596,0723,89.2,81.0,80.9,44.6,47.5,47.8,871.4,889.8,888.3,10.0,13.8,13.7,8.2,7.6,7.8,17.1,17.6,17.4,95.0,95.4,95.6,75.0,66.8,68.0,0.0,0.0,0.0,999.9,999.9,999.9,0,7.7,8.0
16585596,0723,76.4,81.0,81.9,47.1,47.4,47.4,869.5,889.8,888.2,9.9,13.8,13.7,6.9,7.6,7.8,13.0,17.5,17.6,102.9,95.5,95.6,62.1,66.9,68.1,0.11,0.0,0.0,999.9,999.9,999.9,0,7.6,7.5
16585596,0723,86.6,81.0,81.8,39.9,47.5,47.5,872.9,889.8,888.3,9.9,13.8,13.7,5.6,7.6,7.8,31.1,17.6,17.6,79.0,95.5,95.8,57.0,66.9,68.0,0.0,0.0,0.0,999.9,999.9,999.9,0,7.4,6.9
16585596,0723,81.1,81.2,82.0,36.2,47.6,47.0,869.5,889.8,888.4,41.0,13.8,13.7,3.7,7.6,7.7,11.1,17.6,18.1,90.0,95.4,95.3,62.1,66.8,67.5,0.15,0.0,0.0,999.9,999.9,999.9,18,7.4,6.9
16585596,0723,87.8,81.2,82.1,47.1,47.5,46.9,869.6,889.8,888.5,9.8,14.0,14.8,10.2,7.5,7.4,13.0,17.6,17.3,99.0,95.4,95.0,68.0,66.9,67.4,0.0,0.0,0.0,999.9,999.9,999.9,18,7.5,6.9
16585596,0723,81.8,81.2,82.0,37.5,47.6,46.7,999.9,889.8,888.5,10.0,14.0,14.7,5.3,7.5,7.6,12.0,17.6,17.2,87.1,95.4,95.2,66.2,66.9,67.7,0.0,0.0,0.0,999.9,999.9,999.9,0,7.5,7.5
16585596,0723,80.3,81.2,82.0,50.2,47.5,46.7,873.6,890.5,892.8,10.0,14.0,14.1,10.2,7.5,7.5,20.0,17.5,17.1,99.0,95.3,94.9,73.0,66.8,67.4,0.0,0.0,0.0,999.9,999.9,999.9,0,7.4,7.5
16585596,0723,83.0,81.2,81.8,48.9,47.5,46.8,868.1,890.5,892.9,9.8,14.0,14.1,9.6,7.5,7.5,17.1,17.6,16.6,104.0,95.3,95.1,66.9,66.9,67.7,0.15,0.0,0.0,999.9,999.9,999.9,0,7.4,7.5
16585596,0723,74.2,81.2,81.9,58.4,47.5,46.8,869.7,890.5,892.8,9.9,14.0,14.1,5.3,7.5,7.6,20.0,17.5,16.6,93.0,95.3,95.1,66.9,66.8,67.7,0.33,0.0,0.0,999.9,999.9,999.9,18,7.4,7.5
16585596,0723,76.8,81.2,81.8,36.2,47.6,47.3,872.4,890.5,888.4,9.8,14.0,14.1,6.9,7.5,7.5,15.9,17.5,16.2,104.0,95.3,95.0,62.1,66.8,67.8,0.02,0.0,0.1,999.9,999.9,999.9,0,7.4,8.1
16585596,0723,82.7,81.2,81.4,45.2,47.5,46.9,872.9,890.5,888.4,22.2,14.0,14.1,5.1,7.5,7.3,12.0,17.5,16.3,95.0,95.4,95.9,59.0,66.8,67.7,0.33,0.0,0.1,999.9,999.9,999.9,0,7.4,6.5
16585596,0723,85.4,81.2,81.5,44.1,47.5,47.0,873.0,890.5,888.4,9.9,14.0,14.5,8.8,7.5,7.3,17.1,17.5,15.9,93.0,95.3,95.7,62.1,66.8,67.3,0.11,0.0,0.1,999.9,999.9,999.9,0,7.3,6.5
16585596,0723,76.4,81.2,81.5,33.1,47.5,47.0,873.1,890.5,888.5,9.9,14.0,14.5,8.8,7.6,7.4,19.0,17.5,15.9,88.7,95.3,95.5,70.0,66.8,67.2,0.0,0.0,0.1,999.9,999.9,999.9,18,7.3,6.4
16585596,0723,76.7,81.2,81.4,40.5,47.4,46.2,869.5,889.8,888.7,10.0,14.0,14.5,10.4,7.6,7.5,24.1,17.5,15.9,87.1,95.3,95.1,66.0,66.8,67.3,0.0,0.0,0.1,999.9,999.9,999.9,0,7.4,7.0
16585596,0723,85.2,81.1,81.0,44.1,47.3,45.9,999.9,889.8,888.7,9.7,14.0,14.5,4.9,7.6,7.6,15.0,17.5,16.4,98.1,95.2,94.5,66.0,66.8,67.3,0.0,0.0,0.1,999.9,999.9,999.9,18,7.4,7.0
16585596,0723,81.8,81.2,81.0,36.2,47.3,46.0,999.9,890.5,893.0,10.0,13.9,14.5,8.7,7.6,7.6,11.1,17.6,16.5,93.9,95.2,94.8,73.9,66.8,67.2,0.0,0.0,0.0,999.9,999.9,999.9,0,7.5,7.0
16585596,0723,86.6,81.2,81.0,54.6,47.2,45.7,999.9,891.2,897.3,10.0,13.9,14.5,6.2,7.6,7.5,15.9,17.5,16.5,91.9,95.2,95.0,57.0,66.9,67.6,0.0,0.0,0.0,999.9,999.9,999.9,0,7.4,6.4
16585596,0723,80.3,81.2,81.0,45.2,47.2,45.9,870.4,891.2,901.5,9.8,13.9,14.5,6.2,7.6,7.5,18.1,17.5,16.6,102.9,95.2,95.0,62.1,66.8,67.5,0.11,0.0,0.0,999.9,999.9,999.9,0,7.4,6.4
16585596,0723,78.4,81.2,80.9,37.5,47.2,45.9,869.0,891.2,897.2,10.0,13.9,14.5,7.8,7.6,7.5,18.1,17.5,16.9,89.1,95.2,95.2,72.0,66.8,67.2,0.0,0.0,0.0,999.9,999.9,999.9,0,7.3,5.8
16585596,0723,76.4,81.1,80.9,49.3,47.1,45.3,870.4,890.5,897.1,20.3,13.9,14.5,6.9,7.6,7.5,15.9,17.6,17.0,91.9,95.1,94.8,66.0,66.8,67.5,0.0,0.0,0.0,999.9,999.9,999.9,0,7.2,5.8
16585596,0723,81.1,81.1,80.9,58.4,47.1,45.4,873.6,889.8,897.1,10.0,14.0,13.8,8.1,7.6,7.4,22.0,17.6,17.1,102.0,95.1,94.4,66.0,66.8,67.4,0.15,0.0,0.0,999.9,999.9,999.9,0,7.2,5.8
16585596,0723,89.2,81.0,80.8,41.4,47.1,46.0,869.5,889.8,892.9,10.0,13.8,13.8,6.5,7.6,7.4,19.0,17.5,17.0,93.0,95.0,94.7,62.1,66.9,67.2,0.02,0.0,0.0,999.9,999.9,999.9,18,7.2,5.2
16585596,0723,77.1,81.1,81.5,36.2,47.1,45.7,869.7,889.8,892.7,10.0,13.8,13.8,4.7,7.6,7.3,12.0,17.6,17.1,99.0,95.1,94.5,64.9,66.9,66.9,0.0,0.0,0.0,999.9,999.9,999.9,18,7.2,5.8
16585596,0723,81.1,81.1,81.4,54.1,47.1,45.0,870.0,889.8,892.7,9.9,13.8,13.1,6.2,7.6,7.2,19.0,17.6,17.1,104.0,95.0,94.4,63.0,66.9,66.6,0.0,0.0,0.0,999.9,999.9,999.9,18,7.3,5.8
16585596,0723,78.3,81.1,81.5,44.6,47.2,45.2,999.9,889.8,892.6,10.0,13.8,13.1,8.7,7.6,7.1,22.0,17.6,17.3,99.0,95.1,94.8,59.0,66.8,66.7,0.14,0.0,0.0,999.9,999.9,999.9,0,7.4,6.4
16585596,0723,79.9,81.1,81.2,55.9,47.2,45.3,870.5,890.5,896.8,9.9,13.8,13.1,5.6,7.6,7.2,10.1,17.6,17.6,87.1,95.2,94.9,71.1,66.8,66.5,0.02,0.0,0.1,999.9,999.9,999.9,18,7.4,6.4
16585596,0723,89.6,81.1,81.2,34.9,47.2,45.9,871.4,890.5,892.5,9.9,13.8,12.4,3.7,7.6,7.1,15.9,17.5,17.3,102.0,95.2,94.5,57.0,66.8,66.3,0.0,0.0,0.1,999.9,999.9,999.9,0,7.5,7.0
16585596,0723,89.2,81.1,81.5,44.1,47.2,45.3,999.9,890.5,892.4,14.9,13.8,12.4,6.4,7.6,7.1,19.0,17.5,17.4,93.0,95.2,94.6,66.0,66.7,65.8,0.0,0.0,0.1,999.9,999.9,999.9,0,7.2,7.0
16585596,0723,86.6,81.2,81.7,46.5,47.1,45.0,870.5,891.3,896.7,10.0,13.6,12.6,9.9,7.6,7.1,15.9,17.5,17.3,93.9,95.2,95.1,71.1,66.7,65.6,0.14,0.0,0.1,999.9,999.9,999.9,0,7.2,5.4
16585596,0723,83.0,81.3,82.0,54.1,47.1,44.9,871.0,891.2,896.6,13.5,13.6,12.6,9.3,7.6,7.2,18.1,17.5,17.2,95.0,95.1,95.1,73.9,66.7,65.5,0.0,0.0,0.1,999.9,999.9,999.9,16,7.2,5.4
16585596,0723,85.2,81.3,82.1,45.2,47.1,44.9,873.1,891.2,896.7,10.0,13.7,12.0,8.2,7.6,7.2,13.0,17.5,17.0,99.0,95.1,95.1,71.1,66.8,65.6,0.11,0.0,0.1,999.9,999.9,999.9,48,7.2,5.9
16585596,0723,81.8,81.4,81.9,41.2,47.1,44.9,870.0,891.2,896.7,41.0,13.7,12.0,6.9,7.6,7.2,14.0,17.5,16.9,93.9,95.2,95.2,71.1,66.8,65.5,0.0,0.0,0.1,999.9,999.9,999.9,0,7.5,7.5
16585596,0723,81.8,81.3,82.1,45.2,47.1,44.7,873.1,891.3,896.8,10.0,13.8,13.0,6.3,7.6,7.2,15.9,17.5,16.9,95.0,95.2,94.9,57.0,66.8,65.8,0.02,0.0,0.1,999.9,999.9,999.9,48,7.5,7.5
16585596,0723,79.3,81.4,82.0,45.0,47.1,44.9,872.9,890.6,896.8,9.9,13.7,13.0,8.8,7.6,7.2,13.0,17.5,16.4,90.0,95.2,95.5,62.1,66.8,65.8,0.0,0.0,0.1,999.9,999.9,999.9,18,7.6,9.1
16585596,0723,76.4,81.4,81.9,54.6,47.1,45.2,872.7,890.6,896.9,10.0,13.5,12.0,11.6,7.6,7.4,14.0,17.4,16.4,88.7,95.2,95.5,62.2,66.8,65.8,0.11,0.0,0.1,999.9,999.9,999.9,0,7.7,9.1
16585596,0723,74.2,81.3,81.5,57.2,47.1,45.4,869.7,890.6,897.0,10.0,13.5,12.0,8.8,7.6,7.4,22.0,17.4,16.5,102.9,95.2,95.1,75.9,66.7,65.6,0.0,0.0,0.1,999.9,999.9,999.9,18,7.6,8.5
16585596,0723,82.3,81.3,81.3,52.0,47.2,46.1,869.7,890.6,892.6,10.0,13.5,12.0,4.7,7.6,7.5,12.0,17.5,16.8,98.1,95.2,95.6,66.2,66.7,65.9,0.11,0.0,0.1,999.9,999.9,999.9,18,7.6,9.1
16585596,0723,82.3,81.3,81.3,54.1,47.2,46.1,869.5,890.6,892.5,9.8,13.3,12.0,6.9,7.6,7.3,10.1,17.4,16.5,99.0,95.2,95.6,66.9,66.8,65.7,0.0,0.0,0.1,999.9,999.9,999.9,0,7.7,9.7
16585596,0723,88.8,81.4,81.3,41.2,47.2,46.3,999.9,890.6,892.6,10.0,13.3,12.0,9.8,7.6,7.2,18.1,17.4,16.3,91.9,95.2,95.4,66.0,66.8,65.7,0.0,0.0,0.1,999.9,999.9,999.9,0,7.6,9.7
16585596,0723,85.2,81.5,81.8,49.3,47.1,45.7,875.8,890.6,896.9,10.0,13.3,12.0,5.3,7.6,7.4,14.0,17.4,16.2,102.0,95.2,95.4,71.1,66.8,65.6,0.0,0.0,0.0,999.9,999.9,999.9,18,7.6,9.1
16585596,0723,86.6,81.5,82.1,37.5,47.2,46.2,873.6,890.6,897.0,10.0,13.3,12.0,5.3,7.6,7.3,31.1,17.3,16.2,95.0,95.3,95.3,75.0,66.8,65.9,0.02,0.0,0.0,999.9,999.9,999.9,18,7.7,9.7
16585596,0723,62.0,81.5,82.2,40.5,47.1,45.9,999.9,890.6,897.0,10.0,13.2,11.6,7.8,7.6,7.3,10.1,17.4,16.8,93.0,95.3,95.3,73.9,66.9,66.5,0.02,0.0,0.0,999.9,999.9,999.9,0,7.8,10.3
16585596,0723,81.8,81.4,81.4,50.2,47.1,45.8,872.7,891.3,901.3,41.0,13.2,11.6,10.4,7.5,7.3,19.0,17.3,16.6,99.0,95.3,95.3,72.0,67.0,66.9,0.15,0.0,0.0,999.9,999.9,999.9,0,7.8,10.3
16585596,0723,81.1,81.4,81.6,58.4,47.1,46.4,870.4,891.3,901.3,10.0,13.4,12.7,8.1,7.6,7.4,22.0,17.4,16.6,87.1,95.3,95.7,57.9,67.0,66.9,0.0,0.0,0.0,999.9,999.9,999.9,18,7.8,9.7
16585596,0723,89.6,81.4,81.8,55.6,47.1,47.0,873.6,891.3,901.3,41.0,13.4,12.7,6.9,7.6,7.3,12.0,17.4,16.5,102.9,95.2,95.7,66.0,67.0,66.7,0.0,0.0,0.0,999.9,999.9,999.9,0,7.9,10.3
16585596,0723,79.3,81.5,81.9,55.6,47.1,47.3,873.6,891.3,897.1,20.3,13.6,13.7,10.1,7.6,7.4,11.1,17.4,16.4,93.9,95.2,95.8,66.2,67.0,66.7,0.03,0.0,0.0,999.9,999.9,999.9,0,7.9,9.7
16585596,0723,79.9,81.5,81.8,37.5,47.1,48.0,999.9,890.6,892.9,10.0,13.6,14.0,6.9,7.6,7.4,18.1,17.4,16.4,102.0,95.2,95.8,70.0,67.0,66.4,0.11,0.0,0.0,999.9,999.9,999.9,0,7.9,9.7
16585596,0723,81.1,81.5,81.6,46.5,47.1,47.4,999.9,891.3,892.9,13.5,13.6,14.0,8.7,7.6,7.4,10.1,17.3,16.5,102.0,95.2,96.2,72.0,67.0,66.8,0.0,0.0,0.0,999.9,999.9,999.9,0,7.9,9.7
16585596,0723,62.0,81.5,81.6,52.0,47.0,47.5,871.0,892.0,897.2,9.8,13.7,14.2,10.4,7.6,7.5,15.0,17.3,16.2,98.1,95.2,96.1,73.9,67.1,67.2,0.0,0.0,0.0,999.9,999.9,999.9,18,7.8,9.7
16585596,0723,78.4,81.4,81.1,46.5,47.2,47.9,872.4,892.0,897.2,9.9,13.7,14.2,9.8,7.6,7.6,15.9,17.3,16.1,95.0,95.3,96.4,71.1,67.2,67.2,0.17,0.0,0.0,999.9,999.9,999.9,18,7.9,10.3
16585596,0723,76.7,81.5,81.1,52.0,47.1,47.9,870.5,891.3,897.3,10.0,13.7,13.8,10.4,7.6,7.7,13.0,17.3,16.1,99.0,95.3,96.5,75.0,67.2,67.4,0.0,0.0,0.0,999.9,999.9,999.9,18,8.0,10.9
16585596,0723,81.1,81.5,81.0,44.1,47.1,47.6,873.0,891.3,897.2,9.8,13.7,13.8,11.6,7.6,7.8,15.0,17.2,15.8,98.1,95.3,96.5,71.1,67.2,67.7,0.03,0.0,0.0,999.9,999.9,999.9,0,8.1,11.5
16585596,0723,82.7,81.5,80.7,41.4,47.1,47.7,869.7,891.3,897.3,30.7,13.7,13.8,8.8,7.6,7.9,13.0,17.1,15.7,98.1,95.3,96.6,62.1,67.2,68.0,0.0,0.0,0.0,999.9,999.9,999.9,18,8.1,10.9
16585596,0723,76.7,81.5,80.9,46.5,47.1,47.9,999.9,891.3,897.3,20.3,13.8,14.5,10.4,7.6,8.1,11.1,17.1,15.7,93.0,95.3,96.6,70.0,67.2,67.9,0.0,0.0,0.0,999.9,999.9,999.9,16,8.2,10.9
16585596,0723,80.9,81.4,80.8,36.2,47.2,47.6,999.9,891.3,901.7,14.9,13.8,14.8,6.5,7.6,8.2,13.0,17.0,15.5,90.0,95.3,96.2,66.0,67.2,68.1,0.17,0.0,0.0,999.9,999.9,999.9,18,8.2,10.9
16585596,0723,89.2,81.4,80.8,55.6,47.1,47.4,870.5,892.1,901.7,10.0,13.9,15.0,10.4,7.6,8.1,19.0,17.0,15.2,91.9,95.3,95.9,71.1,67.2,68.4,0.0,0.0,0.0,999.9,999.9,999.9,0,8.2,11.5
16585596,0723,82.7,81.4,81.2,57.6,47.1,47.4,871.5,892.0,901.7,10.0,13.9,15.0,10.2,7.7,8.3,10.1,17.0,15.5,89.1,95.3,96.1,75.0,67.2,68.4,0.01,0.0,0.0,999.9,999.9,999.9,0,8.1,10.9
16585596,0723,81.1,81.5,80.9,54.1,47.1,48.1,871.0,892.0,901.7,10.0,13.9,15.0,9.8,7.7,8.5,12.0,17.0,15.3,102.9,95.2,95.7,66.9,67.2,69.0,0.02,0.0,0.0,999.9,999.9,999.9,0,8.0,10.9
16585596,0723,74.2,81.5,80.7,54.5,47.1,48.4,873.0,892.0,897.4,9.8,13.9,14.8,6.9,7.7,8.6,15.0,17.0,15.0,98.1,95.3,96.0,73.9,67.2,69.0,0.0,0.0,0.0,999.9,999.9,999.9,2,7.9,10.9
16585596,0723,81.1,81.5,80.2,40.5,47.2,48.7,872.4,892.1,897.4,10.0,13.9,14.8,8.1,7.7,8.5,11.1,16.9,15.0,99.0,95.3,96.1,61.0,67.2,69.1,0.15,0.0,0.0,999.9,999.9,999.9,18,7.9,10.9
16585596,0723,82.7,81.5,80.2,36.2,47.2,48.3,873.6,892.0,897.5,14.9,13.9,14.7,10.2,7.7,8.5,15.0,16.9,14.8,100.0,95.3,96.3,66.0,67.2,68.7,0.0,0.0,0.0,999.9,999.9,999.9,0,8.0,11.0
16585596,0723,81.8,81.4,80.1,57.6,47.1,48.0,872.4,892.1,897.5,10.0,13.9,14.9,5.3,7.7,8.6,26.0,16.9,14.8,99.0,95.4,96.3,62.1,67.2,68.5,0.0,0.0,0.0,999.9,999.9,999.9,18,7.9,9.4
16585596,0723,62.0,81.4,80.1,46.5,47.2,48.5,873.5,892.1,897.6,9.8,13.8,13.9,6.4,7.8,8.5,10.1,17.0,15.2,102.9,95.4,96.5,62.1,67.2,68.2,0.33,0.0,0.0,999.9,999.9,999.9,18,7.9,10.0
16585596,0723,78.4,81.4,79.4,52.0,47.2,48.5,870.4,892.1,897.6,13.5,13.8,13.8,4.9,7.8,8.5,22.0,17.0,15.0,98.1,95.5,96.7,62.2,67.2,68.4,0.0,0.0,0.0,999.9,999.9,999.9,0,8.0,9.0
16585596,0723,77.5,81.4,79.4,45.0,47.1,48.8,873.6,892.1,897.5,9.7,13.8,14.0,5.3,7.8,8.4,14.0,17.0,15.3,91.9,95.5,97.0,66.9,67.2,68.4,0.0,0.0,0.0,999.9,999.9,999.9,0,7.9,8.4
16585596,0723,85.2,81.4,79.4,34.9,47.1,48.5,873.6,892.1,897.6,30.7,13.8,14.0,8.8,7.7,8.2,15.0,16.9,15.3,95.0,95.4,97.1,75.9,67.2,68.5,0.0,0.0,0.0,999.9,999.9,999.9,0,7.9,8.4
16585596,0723,77.5,81.4,79.8,50.2,47.1,47.7,999.9,892.1,897.7,20.3,13.9,14.6,3.7,7.7,8.2,15.0,16.9,15.1,99.0,95.4,96.8,71.1,67.2,68.5,0.0,0.0,0.0,999.9,999.9,999.9,0,7.9,7.8
16585596,0723,82.8,81.3,79.7,37.5,47.1,47.7,872.7,892.9,902.0,10.0,14.0,15.0,6.9,7.7,8.1,10.1,16.9,15.2,99.0,95.5,96.9,71.1,67.3,68.7,0.0,0.0,0.0,999.9,999.9,999.9,18,7.8,7.2
16585596,0723,78.4,81.3,79.7,47.1,47.1,47.1,872.9,892.9,902.1,20.3,14.0,15.0,9.8,7.7,8.1,34.0,16.9,15.2,104.0,95.5,96.9,62.1,67.3,68.8,0.02,0.0,0.0,999.9,999.9,999.9,16,7.9,7.8
16585596,0723,82.3,81.3,79.3,55.9,47.1,47.3,869.5,892.2,897.9,10.0,14.0,15.3,6.6,7.7,8.1,12.0,17.0,15.7,93.0,95.5,97.3,70.0,67.3,68.7,0.01,0.0,0.0,999.9,999.9,999.9,18,7.9,8.3
16585596,0723,76.8,81.3,79.2,49.3,47.2,47.5,872.4,892.1,897.7,14.9,14.0,15.3,8.1,7.7,8.2,19.0,17.0,15.7,102.9,95.5,97.0,66.9,67.4,68.7,0.0,0.0,0.0,999.9,999.9,999.9,0,8.0,8.3
16585596,0723,89.2,81.3,78.9,45.2,47.2,47.9,869.5,892.2,897.6,13.5,14.0,15.5,10.2,7.7,8.3,15.0,17.0,15.3,79.0,95.5,97.2,57.9,67.4,68.4,0.33,0.0,0.0,999.9,999.9,999.9,18,7.9,7.7
16585596,0723,76.8,81.4,79.8,57.6,47.1,48.1,869.5,892.1,893.3,10.0,13.9,15.6,6.2,7.7,8.4,11.1,17.0,15.4,102.0,95.3,96.8,71.1,67.4,67.9,0.0,0.0,0.1,999.9,999.9,999.9,18,8.0,8.3
16585596,0723,85.2,81.3,79.6,45.2,47.1,48.3,870.4,892.1,893.2,10.0,13.9,14.6,11.6,7.7,8.2,34.0,16.9,15.2,93.0,95.4,96.9,62.1,67.4,67.8,0.01,0.0,0.0,999.9,999.9,999.9,16,8.0,8.9
16585596,0723,76.7,81.3,79.8,54.5,47.1,47.9,869.0,892.1,893.2,9.9,13.9,14.6,9.3,7.7,8.3,18.1,17.0,15.6,99.0,95.3,97.1,70.0,67.4,68.0,0.0,0.0,0.0,999.9,999.9,999.9,0,7.8,8.9
16585596,0723,69.7,81.2,79.3,47.1,47.1,47.8,999.9,891.4,893.0,20.3,13.9,13.6,6.3,7.7,8.4,34.0,17.0,15.8,98.1,95.4,96.9,66.2,67.4,68.1,0.0,0.0,0.0,999.9,999.9,999.9,0,7.7,8.9
16585596,0723,89.6,81.1,79.0,41.6,47.2,47.6,999.9,892.1,897.2,14.9,14.0,13.6,9.6,7.7,8.3,11.1,17.1,16.5,95.0,95.3,97.1,62.1,67.4,68.1,0.0,0.0,0.0,999.9,999.9,999.9,0,7.7,8.9
16585596,0723,80.7,81.2,79.3,45.2,47.1,47.7,872.4,892.8,897.2,9.9,14.0,13.7,6.2,7.7,8.4,18.1,17.0,16.3,100.0,95.3,96.8,61.0,67.4,67.8,0.0,0.0,0.0,999.9,999.9,999.9,0,7.7,8.9
16585596,0723,83.0,81.1,79.3,55.6,47.1,47.7,873.0,892.8,893.0,9.7,14.0,13.6,5.3,7.7,8.3,8.9,17.0,16.6,102.9,95.4,96.8,61.0,67.4,67.5,0.33,0.0,0.0,999.9,999.9,999.9,0,7.7,8.9
16585596,0723,76.8,81.2,80.0,50.2,47.2,47.8,872.4,892.8,893.1,10.0,14.0,13.6,6.2,7.7,8.1,26.0,17.0,16.4,100.0,95.4,96.9,62.1,67.3,67.0,0.0,0.0,0.1,999.9,999.9,999.9,18,7.7,8.3
16585596,0723,78.4,81.2,80.0,41.2,47.2,47.9,869.5,892.8,893.1,20.3,14.0,13.6,5.1,7.7,8.0,24.1,17.0,16.7,99.0,95.5,97.1,61.0,67.2,66.7,0.11,0.0,0.0,999.9,999.9,999.9,18,7.8,8.3
16585596,0723,89.6,81.2,80.0,47.2,47.2,47.5,869.5,892.8,893.0,10.0,14.0,13.9,6.5,7.7,7.8,19.0,17.0,17.1,102.9,95.6,97.1,61.0,67.3,66.3,0.15,0.0,0.1,999.9,999.9,999.9,18,7.8,8.3
16585596,0723,77.5,81.2,80.3,54.6,47.2,47.6,999.9,892.7,892.9,13.5,14.0,13.9,10.2,7.7,7.7,8.9,17.1,17.2,102.0,95.6,97.3,62.1,67.3,65.9,0.0,0.0,0.1,999.9,999.9,999.9,0,7.9,8.9
16585596,0723,79.3,81.2,80.2,45.2,47.3,48.1,869.0,892.7,897.3,10.0,14.1,13.4,8.1,7.7,7.7,18.1,17.0,17.1,89.1,95.7,97.4,72.0,67.2,65.9,0.02,0.0,0.1,999.9,999.9,999.9,0,7.9,8.3
16585596,0723,88.1,81.2,80.2,58.4,47.2,48.0,872.4,892.0,892.9,10.0,14.1,13.0,6.6,7.7,7.6,11.1,17.1,17.3,99.0,95.6,97.3,75.0,67.3,66.0,0.17,0.0,0.1,999.9,999.9,999.9,0,7.8,7.7
16585596,0723,82.3,81.2,80.5,49.3,47.2,48.8,871.5,892.0,888.6,10.0,14.1,12.9,9.8,7.7,7.6,10.1,17.0,17.2,93.0,95.7,97.6,75.9,67.3,66.3,0.02,0.0,0.1,999.9,999.9,999.9,18,7.8,7.1
16585596,0723,87.8,81.2,80.2,41.2,47.3,48.6,872.7,892.0,888.7,13.5,14.1,12.9,4.9,7.7,7.6,24.3,16.9,16.9,93.0,95.6,97.6,66.0,67.4,66.5,0.11,0.0,0.1,999.9,999.9,999.9,18,7.8,7.7
16585596,0723,88.8,81.3,80.4,54.6,47.2,48.0,873.0,892.0,888.7,9.9,14.1,13.0,5.6,7.7,7.4,17.1,17.0,17.4,99.0,95.6,97.7,75.9,67.3,66.2,0.0,0.0,0.1,999.9,999.9,999.9,0,7.9,8.3
16585596,0723,76.7,81.3,80.7,41.4,47.2,48.0,872.9,891.3,888.8,9.8,14.1,13.0,3.7,7.7,7.3,10.1,17.0,17.6,87.1,95.6,97.6,66.0,67.4,66.5,0.0,0.0,0.1,999.9,999.9,999.9,18,7.8,8.3
16585596,0723,79.9,81.3,80.8,54.1,47.3,47.6,872.4,891.3,888.8,10.0,13.9,13.0,3.7,7.7,7.2,11.1,16.9,17.4,102.0,95.6,97.2,57.0,67.3,66.2,0.0,0.0,0.1,999.9,999.9,999.9,18,7.8,8.9
16585596,0723,79.3,81.3,80.7,48.9,47.3,48.1,873.6,891.4,888.8,30.7,13.9,13.0,6.2,7.7,7.0,10.1,16.9,17.4,95.0,95.6,97.3,59.0,67.3,66.1,0.17,0.0,0.1,999.9,999.9,999.9,0,7.9,8.9
16585596,0723,76.4,81.2,80.6,48.9,47.3,48.5,999.9,890.7,888.8,9.9,13.9,13.5,6.3,7.7,6.9,24.1,16.8,17.3,99.0,95.6,97.2,57.0,67.2,65.8,0.0,0.0,0.1,999.9,999.9,999.9,0,7.9,8.9
16585596,0723,80.3,81.2,80.4,52.0,47.3,48.2,872.4,891.4,893.0,9.8,13.9,13.5,9.8,7.7,6.9,15.9,16.9,17.2,104.0,95.6,97.2,73.0,67.1,65.7,0.0,0.0,0.1,999.9,999.9,999.9,18,7.8,8.3
16585596,0723,62.0,81.2,81.0,47.1,47.2,48.4,872.4,891.4,893.0,10.0,13.9,13.5,6.2,7.7,7.0,12.0,16.9,17.4,99.0,95.6,97.2,64.9,67.2,66.0,0.0,0.0,0.0,999.9,999.9,999.9,0,7.9,8.3
16585596,0723,82.8,81.0,80.5,37.5,47.2,48.2,999.9,891.4,893.1,41.0,13.7,13.4,6.9,7.7,7.1,19.0,16.8,17.0,102.9,95.6,97.2,70.0,67.1,66.1,0.0,0.0,0.0,999.9,999.9,999.9,2,7.9,8.3
16585596,0723,83.0,81.0,80.7,54.5,47.2,48.0,870.5,892.1,897.3,10.0,13.9,14.4,6.3,7.7,7.1,18.1,16.8,17.2,102.9,95.7,97.6,57.0,67.2,66.2,0.0,0.0,0.0,999.9,999.9,999.9,16,7.9,8.3
16585596,0723,76.8,81.1,80.6,52.0,47.2,48.6,999.9,891.4,897.2,9.9,13.9,13.7,6.6,7.7,7.1,11.1,16.8,17.3,93.9,95.8,97.9,68.0,67.1,65.6,0.0,0.0,0.0,999.9,999.9,999.9,16,8.0,8.9
16585596,0723,62.0,81.0,80.6,58.4,47.2,48.7,870.5,892.1,897.2,10.0,13.9,13.4,5.3,7.7,7.2,15.0,16.7,17.2,93.9,95.8,97.7,73.9,67.1,65.5,0.0,0.0,0.0,999.9,999.9,999.9,18,8.1,9.4
16585596,0723,80.9,80.9,79.9,57.2,47.3,49.4,873.6,892.1,897.1,10.0,13.9,13.4,10.4,7.7,7.1,15.9,16.6,17.4,102.0,95.8,97.5,62.1,67.1,65.6,0.0,0.0,0.0,999.9,999.9,999.9,0,8.2,9.4
16585596,0723,89.2,80.9,80.0,37.5,47.3,49.7,873.1,892.1,897.1,22.2,13.9,13.0,10.2,7.7,7.1,11.1,16.6,16.7,99.0,95.9,97.5,73.9,67.1,65.6,0.17,0.0,0.0,999.9,999.9,999.9,0,8.2,8.9
16585596,0723,77.1,81.0,80.2,54.1,47.3,49.1,870.5,892.1,897.2,22.2,13.9,13.5,10.6,7.7,7.2,18.1,16.6,16.7,91.9,95.9,97.7,66.0,67.1,65.7,0.15,0.0,0.1,999.9,999.9,999.9,0,8.1,8.3
16585596,0723,82.3,81.0,80.2,34.9,47.3,49.2,870.4,892.1,897.2,9.9,13.9,13.7,6.9,7.7,7.3,22.0,16.6,16.7,93.0,95.9,97.3,71.1,67.2,65.7,0.0,0.0,0.1,999.9,999.9,999.9,0,8.1,8.3
16585596,0723,89.6,81.0,80.0,55.6,47.2,48.9,999.9,892.1,897.2,9.7,13.9,13.6,6.5,7.7,7.2,22.0,16.7,16.9,93.9,95.8,97.8,70.0,67.2,66.1,0.33,0.0,0.0,999.9,999.9,999.9,18,8.1,7.7
16585596,0723,88.8,81.1,80.4,50.9,47.3,48.8,869.5,892.8,901.5,9.9,13.9,13.6,9.9,7.7,7.2,22.0,16.7,17.3,90.0,95.9,97.5,64.9,67.3,66.1,0.33,0.0,0.1,999.9,999.9,999.9,18,8.2,7.7
16585596,0723,86.6,81.1,80.5,41.6,47.3,49.0,999.9,892.8,901.5,22.2,13.8,13.6,5.3,7.7,7.2,15.9,16.7,16.9,102.0,95.8,97.4,61.0,67.2,66.2,0.0,0.0,0.1,999.9,999.9,999.9,18,8.3,7.7
16585596,0723,79.9,81.1,80.8,52.0,47.2,48.6,999.9,892.8,905.9,9.7,13.9,14.0,6.2,7.7,7.0,31.1,16.7,16.8,91.9,95.9,97.5,61.0,67.2,65.9,0.02,0.0,0.1,999.9,999.9,999.9,48,8.3,8.3
16585596,0723,80.3,81.1,81.2,57.5,47.3,48.8,870.5,893.5,905.9,9.9,13.9,13.6,9.8,7.7,7.0,12.0,16.8,16.7,95.0,95.8,97.3,59.0,67.2,65.7,0.0,0.0,0.1,999.9,999.9,999.9,0,8.6,9.9
16585596,0723,86.8,81.1,80.9,33.1,47.3,49.3,866.4,893.5,901.6,10.0,13.9,13.5,4.9,7.7,7.0,31.1,16.8,16.7,98.1,95.8,97.3,61.0,67.1,65.6,0.14,0.0,0.1,999.9,999.9,999.9,18,8.6,9.9
16585596,0723,82.8,81.1,81.1,33.1,47.2,48.9,999.9,893.5,901.4,22.2,13.9,13.5,8.8,7.7,7.0,19.0,16.9,17.2,104.0,95.8,97.2,73.9,67.1,65.6,0.11,0.0,0.1,999.9,999.9,999.9,0,8.6,10.5
16585596,0723,82.8,81.1,81.1,45.2,47.2,48.1,870.5,893.5,905.6,9.8,14.0,13.9,10.2,7.7,7.1,15.9,16.9,17.5,93.9,95.9,97.3,66.0,67.2,66.0,0.03,0.0,0.1,999.9,999.9,999.9,0,8.6,10.5
16585596,0723,88.8,81.1,81.3,46.5,47.1,48.0,873.5,893.5,905.5,9.9,14.0,13.9,3.7,7.7,7.2,13.0,16.9,17.2,87.1,96.0,97.0,71.1,67.2,66.2,0.0,0.0,0.1,999.9,999.9,999.9,0,8.6,9.9
16585596,0723,86.8,81.1,81.6,37.5,47.1,48.1,869.6,893.5,905.7,10.0,13.8,13.5,6.9,7.7,7.2,14.0,16.9,16.8,102.9,95.9,96.7,64.9,67.1,66.5,0.0,0.0,0.1,999.9,999.9,999.9,0,8.5,9.3
16585596,0723,81.1,81.1,81.5,57.2,47.1,47.8,869.6,893.5,905.7,9.9,13.8,13.5,9.5,7.7,7.2,11.1,16.8,16.6,99.0,96.0,96.7,73.0,67.1,66.6,0.03,0.0,0.1,999.9,999.9,999.9,0,8.5,8.7
16585596,0723,78.4,81.1,81.6,57.6,47.1,47.9,869.5,893.5,901.3,9.9,13.8,13.4,9.5,7.6,7.2,18.1,16.8,16.7,95.0,96.0,96.6,73.9,67.2,67.0,0.03,0.0,0.1,999.9,999.9,999.9,0,8.5,8.7
16585596,0723,76.8,81.0,81.6,48.9,47.2,48.3,869.5,893.4,901.3,10.0,13.8,13.4,10.6,7.7,7.2,15.0,16.9,16.7,90.0,96.0,96.7,64.9,67.2,67.0,0.0,0.0,0.1,999.9,999.9,999.9,18,8.5,8.7
16585596,0723,86.8,81.0,81.2,49.3,47.2,48.0,869.7,893.4,901.2,9.9,13.8,13.4,6.4,7.7,7.4,13.0,16.8,16.8,95.0,96.0,96.4,71.1,67.2,66.7,0.0,0.0,0.1,999.9,999.9,999.9,0,8.6,9.3
16585596,0723,77.5,81.0,81.4,50.2,47.3,48.0,873.0,893.4,901.2,9.9,13.8,13.4,9.6,7.7,7.3,18.1,16.8,16.9,102.9,95.9,96.5,59.0,67.2,66.6,0.0,0.0,0.1,999.9,999.9,999.9,0,8.5,8.7
16585596,0723,74.2,81.0,81.0,55.6,47.4,48.3,999.9,893.5,901.2,39.8,13.8,13.3,10.6,7.7,7.4,15.9,16.8,16.7,90.0,96.0,96.8,73.9,67.2,66.3,0.0,0.0,0.1,999.9,999.9,999.9,18,8.5,8.1
16585596,0723,82.8,80.9,80.6,47.1,47.3,48.3,873.6,894.2,905.4,10.0,13.9,14.3,10.2,7.7,7.6,19.0,16.8,16.7,87.1,95.9,96.5,66.2,67.3,66.3,0.17,0.0,0.1,999.9,999.9,999.9,18,8.6,8.7
16585596,0723,85.2,80.9,80.8,57.5,47.4,48.5,873.5,894.2,905.5,9.8,13.9,14.3,9.6,7.8,7.8,31.1,16.9,17.0,102.0,95.9,96.5,66.0,67.2,66.3,0.0,0.0,0.1,999.9,999.9,999.9,18,8.7,8.7
16585596,0723,89.6,80.9,80.9,45.2,47.5,48.6,999.9,894.2,905.5,9.8,13.9,14.3,10.2,7.7,8.0,18.1,17.0,17.7,99.0,95.9,96.5,72.0,67.2,66.6,0.0,0.0,0.1,999.9,999.9,999.9,0,8.8,8.7
16585596,0723,81.8,81.0,81.3,45.0,47.4,48.5,871.4,894.9,909.7,9.8,13.9,13.6,6.2,7.7,8.1,15.9,17.0,17.9,79.0,96.0,96.7,73.9,67.2,67.0,0.33,0.0,0.1,999.9,999.9,999.9,18,8.8,8.7
16585596,0723,78.3,81.0,81.5,57.2,47.4,48.4,869.5,894.9,905.4,9.9,13.9,13.6,6.9,7.7,8.1,14.0,17.0,17.6,90.0,95.9,96.0,57.9,67.2,67.6,0.0,0.0,0.1,999.9,999.9,999.9,2,8.8,9.3
16585596,0723,78.4,81.0,81.4,46.5,47.5,48.6,871.4,894.9,905.3,9.9,13.9,13.6,9.6,7.7,8.0,24.3,17.0,17.6,102.0,95.9,95.5,57.0,67.1,67.1,0.15,0.0,0.1,999.9,999.9,999.9,0,8.7,8.8
16585596,0723,79.9,81.1,81.9,47.1,47.5,48.5,868.1,894.9,905.3,9.9,13.7,13.6,10.1,7.7,8.1,15.0,17.0,18.0,95.0,95.9,95.6,66.0,67.1,66.8,0.0,0.0,0.1,999.9,999.9,999.9,0,8.7,8.8
16585596,0723,76.7,81.1,81.8,47.2,47.4,48.9,871.0,894.9,900.9,9.9,13.7,12.5,4.9,7.7,8.2,17.1,17.0,17.9,99.0,95.9,95.4,61.0,67.1,66.7,0.0,0.0,0.1,999.9,999.9,999.9,0,8.7,8.7
16585596,0723,88.1,81.0,81.6,55.9,47.5,48.6,873.6,894.9,900.9,9.9,13.6,12.5,4.7,7.7,8.2,13.0,17.0,17.8,87.1,95.9,95.2,57.9,67.0,66.8,0.0,0.0,0.1,999.9,999.9,999.9,0,8.6,8.2
16585596,0723,86.8,81.1,82.0,37.5,47.6,48.8,872.4,894.2,896.7,9.9,13.4,12.5,5.1,7.7,8.1,17.1,16.9,17.9,102.9,95.9,95.0,61.0,66.9,66.5,0.0,0.0,0.1,999.9,999.9,999.9,0,8.5,7.7
16585596,0723,79.9,81.1,82.8,44.6,47.6,48.1,873.5,894.2,896.8,10.0,13.4,12.5,5.3,7.7,8.1,12.0,16.8,18.0,99.0,95.9,95.3,62.1,66.9,66.0,0.0,0.0,0.1,999.9,999.9,999.9,0,8.5,7.1
16585596,0723,86.8,81.1,82.8,45.2,47.5,47.6,871.4,894.2,896.8,9.9,13.4,12.5,5.3,7.7,8.0,15.0,16.8,17.8,93.9,96.0,95.2,71.1,66.9,66.0,0.02,0.0,0.1,999.9,999.9,999.9,18,8.5,7.1
16585596,0723,87.8,81.1,82.7,41.4,47.5,47.9,872.9,893.5,896.7,10.0,13.4,12.1,10.2,7.7,7.8,11.1,16.8,18.0,93.9,96.0,95.1,71.1,66.9,65.9,0.0,0.0,0.1,999.9,999.9,999.9,0,8.6,7.7
16585596,0723,80.3,81.2,83.1,55.6,47.5,47.5,870.5,893.5,896.8,10.0,13.4,11.7,5.1,7.7,7.8,18.1,16.8,17.7,93.0,96.0,95.1,62.1,66.9,66.1,0.0,0.0,0.1,999.9,999.9,999.9,18,8.5,7.7
16585596,0723,62.0,81.1,83.0,46.5,47.5,48.2,870.4,893.5,896.8,10.0,13.3,11.7,8.2,7.7,7.7,10.1,16.9,17.6,102.0,95.9,95.1,73.9,67.0,65.8,0.0,0.0,0.1,999.9,999.9,999.9,0,8.5,8.3
16585596,0723,69.7,81.0,82.1,45.2,47.4,47.9,999.9,893.5,892.5,20.3,13.3,11.7,5.3,7.7,7.8,18.1,16.8,17.2,95.0,95.9,95.4,70.0,67.0,65.9,0.15,0.0,0.0,999.9,999.9,999.9,0,8.4,7.7
16585596,0723,82.7,81.1,81.5,39.9,47.4,47.7,870.5,894.2,896.8,10.0,13.4,12.1,10.2,7.7,7.6,18.1,16.8,17.1,93.9,96.0,95.6,71.1,67.0,66.1,0.0,0.0,0.0,999.9,999.9,999.9,0,8.3,7.1
16585596,0723,80.3,81.1,81.3,47.2,47.4,47.6,873.0,894.2,892.5,9.9,13.4,11.7,8.2,7.7,7.8,11.1,16.8,17.1,99.0,95.9,95.3,70.0,67.1,66.4,0.17,0.0,0.0,999.9,999.9,999.9,0,8.3,6.5
16585596,0723,82.3,81.1,81.3,49.3,47.4,47.5,873.5,894.2,888.3,22.3,13.4,11.7,6.9,7.7,7.9,24.1,16.8,16.5,93.9,96.0,95.5,73.0,67.1,66.7,0.0,0.0,0.0,999.9,999.9,999.9,18,8.2,4.9
16585596,0723,79.3,81.0,81.4,58.4,47.4,47.2,869.7,894.2,888.4,10.0,13.4,12.1,6.9,7.7,7.8,12.0,16.7,16.9,93.0,95.9,95.5,61.0,67.1,67.2,0.0,0.0,0.0,999.9,999.9,999.9,18,8.3,5.5
16585596,0723,81.1,81.0,81.2,45.2,47.4,48.0,872.4,893.5,888.5,10.0,13.4,12.1,5.1,7.7,7.8,10.1,16.7,16.2,95.0,95.9,95.3,62.1,67.0,67.2,0.0,0.0,0.0,999.9,999.9,999.9,18,8.4,5.5
16585596,0723,89.2,81.0,81.1,54.6,47.4,48.4,869.5,893.5,884.2,9.8,13.4,11.7,5.6,7.7,7.7,19.0,16.7,16.0,91.9,95.9,95.0,66.0,67.0,66.8,0.0,0.0,0.0,999.9,999.9,999.9,0,8.4,6.1
16585596,0723,80.3,81.1,81.3,57.6,47.4,48.7,870.0,893.5,884.2,10.0,13.4,11.7,10.4,7.7,7.6,18.1,16.7,16.1,95.0,95.9,95.0,59.0,67.0,66.8,0.0,0.0,0.0,999.9,999.9,999.9,0,8.1,6.1
16585596,0723,80.9,81.1,81.0,54.6,47.5,49.1,869.6,893.5,884.1,10.0,13.4,11.7,6.2,7.7,7.8,8.9,16.7,16.2,93.9,95.9,95.2,54.0,66.9,66.4,0.14,0.0,0.0,999.9,999.9,999.9,48,8.1,6.1
16585596,0723,76.7,81.1,80.8,47.1,47.5,49.7,873.0,893.5,884.1,22.2,13.2,11.7,8.7,7.6,7.8,14.0,16.7,16.1,102.0,95.8,94.9,54.0,66.8,66.0,0.0,0.0,0.0,999.9,999.9,999.9,18,8.3,7.7
16585596,0723,79.3,81.0,80.7,57.6,47.5,49.3,999.9,893.5,884.2,9.7,13.3,12.1,6.6,7.6,7.7,18.1,16.6,16.2,102.0,95.8,95.0,66.9,66.7,65.4,0.0,0.0,0.0,999.9,999.9,999.9,0,8.4,8.3
16585596,0723,85.2,81.0,80.7,45.0,47.6,49.3,873.6,894.2,888.5,10.0,13.3,12.1,10.4,7.6,7.6,18.1,16.7,16.2,90.0,95.9,95.2,64.9,66.7,65.2,0.33,0.0,0.0,999.9,999.9,999.9,0,8.4,8.3
16585596,0723,76.8,81.0,81.0,47.1,47.7,49.2,869.6,894.2,888.7,10.0,13.3,12.1,7.8,7.6,7.6,19.0,16.7,16.3,98.1,95.9,95.2,71.1,66.7,65.2,0.0,0.0,0.0,999.9,999.9,999.9,18,8.4,7.7
16585596,0723,69.7,81.0,80.7,52.0,47.7,49.1,999.9,894.2,888.7,14.9,13.2,12.1,5.6,7.6,7.7,15.0,16.7,16.5,98.1,95.9,95.4,70.0,66.7,65.2,0.02,0.0,0.0,999.9,999.9,999.9,0,8.5,8.3
16585596,0723,76.4,80.9,80.4,54.5,47.7,49.2,872.4,894.9,892.9,22.2,13.2,12.3,5.3,7.6,7.5,34.0,16.7,16.4,99.0,96.0,95.2,66.0,66.7,65.5,0.0,0.0,0.0,999.9,999.9,999.9,0,8.4,8.3
16585596,0723,78.3,80.9,80.5,41.4,47.8,49.2,872.4,894.2,888.7,9.9,13.3,11.7,11.6,7.6,7.4,11.1,16.8,17.0,99.0,96.1,95.5,66.2,66.7,65.3,0.0,0.0,0.0,999.9,999.9,999.9,18,8.4,7.7
16585596,0723,78.3,80.9,80.3,52.0,47.7,49.0,999.9,894.2,888.6,9.8,13.3,11.7,6.5,7.6,7.4,11.1,16.8,16.7,99.0,96.1,95.9,66.2,66.7,65.3,0.0,0.0,0.0,999.9,999.9,999.9,0,8.4,7.7
16585596,0723,89.2,80.8,80.1,57.6,47.7,48.8,871.5,894.9,892.8,10.0,13.2,11.7,8.8,7.6,7.3,24.1,16.7,16.0,90.0,96.1,95.8,57.0,66.7,65.3,0.0,0.0,0.0,999.9,999.9,999.9,18,8.3,7.1
16585596,0723,69.7,81.0,80.1,57.6,47.7,49.2,870.4,894.9,888.5,10.0,13.2,11.7,5.6,7.6,7.3,18.1,16.8,16.2,102.9,96.1,95.5,57.9,66.6,64.8,0.01,0.0,0.0,999.9,999.9,999.9,0,8.3,7.7
16585596,0723,76.8,80.9,79.7,39.9,47.8,49.6,869.5,894.9,888.5,9.7,13.2,11.7,8.7,7.6,7.2,13.0,16.8,16.3,90.0,96.1,96.3,71.1,66.6,64.3,0.03,0.0,0.0,999.9,999.9,999.9,18,8.2,7.1
16585596,0723,88.1,80.9,79.6,55.6,47.7,49.0,872.9,894.9,888.5,10.0,13.2,11.7,10.4,7.6,7.3,19.0,16.8,16.3,102.9,96.1,96.3,75.9,66.6,64.7,0.01,0.0,0.0,999.9,999.9,999.9,18,8.3,7.6
16585596,0723,88.1,81.0,80.0,44.1,47.8,49.3,870.5,895.0,888.6,10.0,13.2,11.7,9.9,7.6,7.3,14.0,16.7,16.1,99.0,96.1,96.3,72.0,66.6,65.3,0.0,0.0,0.0,999.9,999.9,999.9,18,8.3,8.2
16585596,0723,82.3,81.0,80.2,47.1,47.8,49.2,869.5,895.0,888.6,41.0,13.2,11.7,4.7,7.6,7.3,17.1,16.7,16.1,89.1,96.1,96.4,61.0,66.7,65.5,0.0,0.0,0.0,999.9,999.9,999.9,0,8.4,8.8
16585596,0723,79.9,81.0,80.4,55.9,47.8,49.2,872.4,895.0,888.6,9.7,13.3,12.7,8.2,7.6,7.3,24.3,16.7,16.1,93.0,96.1,96.1,71.1,66.6,65.5,0.0,0.0,0.0,999.9,999.9,999.9,18,8.4,8.8
16585596,0723,80.7,80.9,80.1,54.5,47.9,49.2,866.4,895.0,888.6,10.0,13.3,12.7,11.6,7.6,7.4,13.0,16.6,16.4,89.1,96.1,96.3,71.1,66.6,66.0,0.0,0.0,0.0,999.9,999.9,999.9,0,8.5,9.4
16585596,0723,69.7,80.9,79.9,39.9,47.9,49.8,870.4,894.9,888.4,10.0,13.3,12.7,4.7,7.6,7.6,8.9,16.6,16.3,95.0,96.0,95.9,54.0,66.7,66.3,0.0,0.0,0.0,999.9,999.9,999.9,0,8.5,9.4
16585596,0723,80.9,80.9,79.6,36.2,47.9,49.7,873.6,894.2,888.3,10.0,13.3,12.7,5.6,7.6,7.6,19.0,16.5,16.2,87.1,96.0,95.7,70.0,66.6,66.0,0.14,0.0,0.0,999.9,999.9,999.9,18,8.5,9.4
16585596,0723,80.9,80.8,79.4,39.9,47.8,49.4,999.9,894.2,888.3,9.9,13.3,12.7,9.5,7.6,7.6,12.0,16.5,16.3,95.0,96.1,95.5,66.0,66.7,66.0,0.0,0.0,0.0,999.9,999.9,999.9,0,8.3,9.4
16585596,0723,86.6,80.8,79.2,41.4,47.8,49.3,999.9,894.9,892.6,10.0,13.3,12.7,5.6,7.6,7.6,12.0,16.5,16.4,98.1,96.0,95.5,71.1,66.6,65.8,0.0,0.0,0.0,999.9,999.9,999.9,18,8.3,9.4
16585596,0723,88.8,80.8,79.4,57.6,47.8,48.8,873.6,895.6,896.9,10.0,13.3,12.7,6.3,7.6,7.6,20.0,16.4,16.2,104.0,96.0,95.7,62.1,66.7,66.1,0.0,0.0,0.0,999.9,999.9,999.9,18,8.4,9.4
16585596,0723,78.3,80.9,80.3,45.0,47.8,49.2,999.9,895.7,897.0,22.2,13.3,12.7,8.1,7.6,7.6,15.9,16.4,16.5,88.7,96.0,95.8,64.9,66.6,65.7,0.03,0.0,0.0,999.9,999.9,999.9,0,8.5,10.0
16585596,0723,85.2,80.8,80.6,57.2,47.8,49.2,868.1,896.4,897.0,9.9,13.4,12.8,5.1,7.6,7.7,11.1,16.5,16.4,99.0,96.0,95.6,62.1,66.6,65.6,0.11,0.0,0.0,999.9,999.9,999.9,0,8.5,10.0
16585596,0723,87.8,80.8,80.6,58.4,47.9,49.8,870.0,896.4,896.9,10.0,13.4,12.8,6.2,7.6,7.5,19.0,16.5,16.2,98.1,96.0,95.7,70.0,66.6,65.3,0.0,0.0,0.0,999.9,999.9,999.9,2,8.4,10.0
16585596,0723,82.3,80.9,80.9,44.1,47.9,50.1,999.9,896.4,896.8,22.2,13.4,12.8,9.8,7.6,7.4,11.1,16.5,16.4,90.0,96.1,95.7,75.0,66.6,65.3,0.0,0.0,0.0,999.9,999.9,999.9,0,8.3,10.1
16585596,0723,81.8,80.9,80.9,57.2,47.9,50.0,872.4,897.1,901.0,10.0,13.4,12.8,6.9,7.6,7.5,11.1,16.5,16.0,91.9,96.0,95.6,71.1,66.7,65.3,0.0,0.0,0.0,999.9,999.9,999.9,0,8.3,9.5
16585596,0723,76.4,80.9,81.0,39.9,48.0,49.9,868.1,896.4,901.1,10.0,13.4,12.8,6.3,7.6,7.5,19.0,16.5,16.0,102.0,96.0,95.5,64.9,66.7,65.7,0.0,0.0,0.0,999.9,999.9,999.9,0,8.2,8.9
16585596,0723,83.0,80.8,80.8,54.5,47.9,49.8,870.4,896.4,901.0,10.0,13.4,12.8,5.6,7.6,7.6,14.0,16.5,16.3,95.0,96.0,95.8,71.1,66.7,65.8,0.33,0.0,0.0,999.9,999.9,999.9,0,8.2,8.3
16585596,0723,81.8,80.9,80.6,47.2,47.9,49.8,869.5,896.4,901.0,39.8,13.3,12.8,6.5,7.6,7.6,34.0,16.5,16.1,93.9,96.0,95.9,64.9,66.7,65.9,0.0,0.0,0.0,999.9,999.9,999.9,0,8.2,8.3
16585596,0723,79.9,80.9,80.7,46.5,48.0,49.4,866.4,895.6,901.0,10.0,13.4,13.8,8.1,7.6,7.4,15.9,16.6,16.6,98.1,96.0,95.8,70.0,66.7,66.1,0.0,0.0,0.0,999.9,999.9,999.9,18,8.1,8.3
16585596,0723,69.7,80.9,80.6,40.5,48.0,49.1,871.4,895.6,900.9,9.7,13.4,13.8,10.2,7.6,7.5,15.9,16.6,16.9,88.7,96.0,96.0,75.9,66.7,66.7,0.01,0.0,0.0,999.9,999.9,999.9,0,8.2,7.3
16585596,0723,89.6,80.9,80.4,49.2,47.9,48.9,999.9,895.6,900.8,10.0,13.3,13.4,6.2,7.6,7.5,13.0,16.6,16.9,93.0,95.9,95.5,75.0,66.7,67.4,0.0,0.0,0.0,999.9,999.9,999.9,0,8.1,6.7
16585596,0723,79.9,80.9,80.7,39.9,47.9,48.6,873.6,896.3,900.8,10.0,13.3,13.4,3.7,7.6,7.5,13.0,16.6,16.8,88.7,95.9,95.2,57.0,66.8,67.7,0.0,0.0,0.0,999.9,999.9,999.9,18,8.1,6.7
16585596,0723,86.6,80.9,80.6,45.2,47.9,48.5,871.0,896.3,900.8,22.3,13.3,13.4,8.8,7.5,7.3,11.1,16.6,16.6,104.0,95.9,95.2,62.2,66.7,67.4,0.11,0.0,0.0,999.9,999.9,999.9,0,8.2,7.3
16585596,0723,80.9,80.9,80.9,41.4,47.9,48.4,999.9,895.6,900.9,10.0,13.3,13.8,11.6,7.6,7.3,15.9,16.6,16.3,102.9,95.9,95.4,75.0,66.7,67.1,0.0,0.0,0.0,999.9,999.9,999.9,18,8.2,6.7
16585596,0723,85.4,80.9,81.3,47.1,47.8,48.0,999.9,896.3,900.9,13.5,13.3,13.6,5.6,7.6,7.5,20.0,16.6,16.4,89.1,95.9,95.5,73.9,66.7,67.3,0.0,0.0,0.0,999.9,999.9,999.9,0,8.3,7.3
16585596,0723,81.8,80.9,81.6,50.9,47.8,47.8,872.9,897.0,905.1,10.0,13.3,13.3,6.2,7.6,7.5,15.9,16.6,15.9,90.0,96.0,95.2,71.1,66.7,67.5,0.0,0.0,0.0,999.9,999.9,999.9,0,8.0,7.3
16585596,0723,77.1,81.0,81.7,46.5,47.8,48.1,866.4,897.0,905.1,10.0,13.3,13.3,4.9,7.6,7.4,13.0,16.6,16.1,95.0,96.0,94.9,61.0,66.7,67.7,0.0,0.0,0.0,999.9,999.9,999.9,18,8.0,6.7
16585596,0723,85.4,80.9,81.6,34.9,47.8,47.9,868.1,897.0,900.7,9.8,13.2,13.3,6.2,7.6,7.3,14.0,16.5,16.1,98.1,96.0,94.8,70.0,66.6,67.5,0.17,0.0,0.0,999.9,999.9,999.9,18,8.1,7.3
16585596,0723,89.2,80.9,81.5,48.9,47.7,47.2,873.6,897.0,900.6,10.0,13.2,13.3,9.5,7.5,7.2,8.9,16.5,15.8,102.0,96.0,95.0,62.2,66.6,67.9,0.0,0.0,0.0,999.9,999.9,999.9,18,8.2,7.3
16585596,0723,77.5,81.0,82.2,45.2,47.7,46.9,869.5,897.0,900.7,14.9,13.2,13.3,7.8,7.6,7.4,22.0,16.5,15.5,102.9,96.0,95.0,66.9,66.6,68.1,0.0,0.0,0.0,999.9,999.9,999.9,0,8.3,7.9
16585596,0723,79.3,80.9,82.2,33.1,47.7,47.1,870.0,897.0,900.7,10.0,13.2,13.5,5.3,7.6,7.3,19.0,16.4,15.8,93.9,96.1,95.4,71.1,66.6,68.0,0.11,0.0,0.0,999.9,999.9,999.9,0,8.3,7.3
16585596,0723,79.3,80.9,81.9,54.6,47.7,46.3,869.7,897.0,900.6,10.0,13.0,13.5,9.6,7.6,7.2,10.1,16.4,15.8,104.0,96.1,95.1,75.9,66.7,67.8,0.0,0.0,0.0,999.9,999.9,999.9,18,8.2,6.7
16585596,0723,76.8,80.9,81.6,49.2,47.8,46.7,871.0,897.0,900.5,9.7,13.0,13.5,5.3,7.6,7.1,10.1,16.4,15.6,99.0,96.2,95.3,73.0,66.7,67.9,0.0,0.0,0.0,999.9,999.9,999.9,18,8.2,6.7
16585596,0723,79.9,80.9,81.4,44.1,47.8,46.7,873.1,896.3,900.6,10.0,13.0,12.5,10.2,7.6,7.2,18.1,16.4,15.4,90.0,96.2,95.6,66.0,66.8,68.3,0.0,0.0,0.0,999.9,999.9,999.9,0,8.3,7.3
16585596,0723,81.1,80.9,81.4,33.1,47.8,46.3,872.7,896.3,900.6,9.8,13.0,12.5,9.3,7.6,7.2,19.0,16.4,15.2,95.0,96.2,95.5,54.0,66.7,68.2,0.0,0.0,0.0,999.9,999.9,999.9,18,8.3,6.7
16585596,0723,76.4,80.8,81.4,57.6,47.7,45.6,999.9,896.3,900.8,10.0,13.0,12.5,9.3,7.6,7.2,12.0,16.4,15.4,100.0,96.1,95.7,72.0,66.7,67.6,0.0,0.0,0.0,999.9,999.9,999.9,0,8.4,7.3
16585596,0723,78.4,80.9,81.7,49.3,47.7,46.2,873.1,897.0,905.1,10.0,13.0,12.5,11.6,7.6,7.3,19.0,16.4,15.5,95.0,96.2,95.9,70.0,66.7,68.2,0.0,0.0,0.0,999.9,999.9,999.9,0,8.3,7.3
16585596,0723,87.8,80.9,81.6,37.5,47.8,46.7,873.0,897.0,905.1,9.9,13.0,12.5,6.9,7.6,7.5,12.0,16.4,15.5,95.0,96.1,96.2,61.0,66.7,68.2,0.0,0.0,0.0,999.9,999.9,999.9,18,8.3,6.7
16585596,0723,89.2,80.9,81.8,45.2,47.7,46.6,873.0,897.0,900.9,9.9,12.9,12.5,8.1,7.6,7.4,24.1,16.4,15.5,95.0,96.1,96.2,61.0,66.7,68.0,0.33,0.0,0.0,999.9,999.9,999.9,18,8.4,7.3
16585596,0723,89.6,80.9,81.9,41.4,47.7,46.7,872.4,897.0,896.7,10.0,12.9,12.5,3.7,7.6,7.5,13.0,16.4,15.9,90.0,96.1,96.1,73.9,66.7,67.7,0.0,0.0,0.0,999.9,999.9,999.9,18,8.5,7.3
16585596,0723,78.4,81.0,81.9,44.1,47.8,46.2,999.9,897.0,896.6,10.0,12.9,12.5,6.6,7.6,7.4,15.0,16.4,15.7,93.0,96.1,95.6,62.1,66.8,68.1,0.01,0.0,0.0,999.9,999.9,999.9,0,8.5,7.3
16585596,0723,79.3,81.0,81.9,45.2,47.8,46.1,869.6,897.7,896.6,10.0,12.9,12.0,8.7,7.6,7.4,12.0,16.3,15.6,104.0,96.2,95.7,66.2,66.7,68.0,0.0,0.0,0.0,999.9,999.9,999.9,48,8.5,7.3
16585596,0723,89.6,81.0,81.7,41.2,47.8,45.7,999.9,897.0,896.7,10.0,13.0,12.1,9.9,7.6,7.5,20.0,16.3,15.7,91.9,96.2,95.9,71.1,66.7,68.1,0.0,0.0,0.0,999.9,999.9,999.9,0,8.7,8.9
16585596,0723,83.0,81.0,81.8,45.0,47.8,45.2,870.4,897.0,901.0,9.9,13.0,12.1,6.9,7.6,7.6,14.0,16.4,15.7,99.0,96.2,95.7,64.9,66.7,68.2,0.15,0.0,0.0,999.9,999.9,999.9,0,8.7,8.8
16585596,0723,89.6,81.0,81.8,39.9,47.8,45.2,869.5,896.3,896.7,10.0,13.0,11.6,10.1,7.6,7.5,15.9,16.4,15.8,88.7,96.2,96.0,66.2,66.8,67.8,0.0,0.0,0.0,999.9,999.9,999.9,18,8.7,8.8
16585596,0723,79.9,81.0,82.1,55.9,47.8,44.6,873.0,896.3,896.6,9.9,13.0,11.6,10.6,7.6,7.6,8.9,16.4,16.0,93.0,96.1,95.9,73.0,66.8,67.7,0.02,0.0,0.0,999.9,999.9,999.9,0,8.8,9.4
16585596,0723,62.0,81.0,82.2,54.5,47.9,45.1,871.0,896.3,896.8,10.0,13.0,11.6,9.5,7.6,7.8,8.9,16.3,15.6,93.0,96.2,95.6,63.0,66.8,67.9,0.0,0.0,0.0,999.9,999.9,999.9,0,8.8,9.4
16585596,0723,80.9,81.0,81.5,45.2,47.9,45.1,873.5,896.3,896.8,22.2,12.9,11.6,6.6,7.7,7.9,24.1,16.3,15.5,90.0,96.2,95.5,54.0,66.8,67.7,0.0,0.0,0.0,999.9,999.9,999.9,0,8.8,9.4
16585596,0723,78.3,81.0,81.5,48.9,47.8,45.1,999.9,896.3,896.9,9.8,13.0,11.0,6.2,7.6,7.9,19.0,16.3,15.1,79.0,96.1,95.4,57.9,66.7,67.3,0.0,0.0,0.0,999.9,999.9,999.9,0,8.8,9.4
16585596,0723,82.7,80.9,81.4,58.4,47.9,45.2,872.4,897.0,901.4,10.0,13.0,11.0,10.4,7.6,7.8,17.1,16.3,15.2,102.9,96.0,94.8,64.9,66.7,66.9,0.02,0.0,0.0,999.9,999.9,999.9,0,8.7,8.8
16585596,0723,85.4,80.9,81.8,46.5,48.0,45.8,869.5,897.1,901.4,9.9,13.0,11.1,10.4,7.7,7.8,10.1,16.3,15.3,102.0,96.1,95.2,54.0,66.7,66.5,0.0,0.0,0.0,999.9,999.9,999.9,18,8.6,8.8
16585596,0723,77.5,81.0,81.7,49.2,47.9,45.7,875.8,897.0,897.0,10.0,13.0,11.1,6.2,7.7,8.0,12.0,16.3,15.2,100.0,96.0,95.5,62.1,66.6,65.8,0.0,0.0,0.0,999.9,999.9,999.9,0,8.6,9.4
16585596,0723,87.8,81.0,81.6,52.0,48.0,46.0,873.0,896.4,897.1,10.0,13.0,11.1,9.8,7.7,8.1,12.0,16.2,15.1,102.0,96.0,95.9,62.1,66.7,66.0,0.0,0.0,0.0,999.9,999.9,999.9,0,8.6,8.8
16585596,0723,81.8,81.0,81.7,44.1,47.9,46.2,999.9,896.4,897.2,9.9,13.0,10.6,10.1,7.7,8.1,15.9,16.2,15.2,99.0,96.1,95.8,66.0,66.6,66.0,0.0,0.0,0.0,999.9,999.9,999.9,18,8.5,8.8
16585596,0723,80.7,81.0,81.7,46.5,48.0,46.3,872.4,897.1,897.2,10.0,13.0,10.6,5.6,7.7,8.0,10.1,16.2,15.2,99.0,96.1,95.7,66.2,66.7,65.7,0.02,0.0,0.0,999.9,999.9,999.9,48,8.6,8.8
16585596,0723,89.2,80.9,81.5,57.6,48.0,46.3,873.6,896.4,892.9,10.0,12.9,10.5,6.9,7.7,8.0,13.0,16.2,14.8,90.0,96.1,96.0,59.0,66.7,65.4,0.01,0.0,0.0,999.9,999.9,999.9,18,8.9,10.4
16585596,0723,76.4,80.9,81.8,39.9,48.1,46.5,869.0,896.4,893.0,9.7,12.9,10.5,8.8,7.7,8.1,15.0,16.1,14.7,95.0,96.1,96.0,66.0,66.6,65.0,0.0,0.0,0.0,999.9,999.9,999.9,0,9.0,11.0
16585596,0723,88.8,80.9,81.7,44.6,48.0,46.3,999.9,896.4,893.0,9.8,12.9,10.5,9.5,7.7,8.2,11.1,16.1,14.8,93.9,96.1,96.0,71.1,66.5,65.2,0.0,0.0,0.0,999.9,999.9,999.9,18,8.9,10.4
16585596,0723,80.7,80.9,81.9,54.1,48.0,46.6,871.0,897.1,897.4,22.3,12.9,10.5,10.2,7.7,8.3,19.0,16.1,14.7,95.0,96.1,95.9,64.9,66.5,65.2,0.03,0.0,0.0,999.9,999.9,999.9,0,8.7,10.4
16585596,0723,62.0,80.9,81.6,47.2,48.1,46.8,869.5,897.1,897.4,14.9,12.8,10.9,6.3,7.8,8.3,20.0,16.1,15.1,79.0,96.1,95.7,75.0,66.5,65.3,0.0,0.0,0.0,999.9,999.9,999.9,18,8.7,9.8
16585596,0723,81.8,80.8,81.1,37.5,48.1,46.8,999.9,897.1,897.4,9.8,12.8,10.9,9.9,7.8,8.3,14.0,16.2,15.0,99.0,96.0,94.9,61.0,66.6,65.6,0.01,0.0,0.0,999.9,999.9,999.9,0,8.6,10.4
16585596,0723,81.8,80.8,81.1,41.6,48.0,47.0,868.1,897.8,901.7,13.5,12.8,10.9,4.9,7.8,8.4,12.0,16.2,14.8,102.9,96.1,95.0,61.0,66.6,65.3,0.14,0.0,0.0,999.9,999.9,999.9,18,8.5,10.4
16585596,0723,86.8,80.8,81.2,54.6,48.0,46.5,871.5,897.8,901.6,14.9,12.9,11.0,9.5,7.7,8.3,18.1,16.2,14.9,95.0,96.1,95.0,62.1,66.6,64.8,0.0,0.0,0.0,999.9,999.9,999.9,0,8.6,10.4
16585596,0723,77.5,80.9,81.6,44.6,47.9,46.7,872.4,897.8,901.6,10.0,12.9,11.2,6.2,7.7,8.4,22.0,16.1,15.1,99.0,96.1,94.9,66.9,66.5,64.4,0.0,0.0,0.0,999.9,999.9,999.9,0,8.5,9.8
16585596,0723,79.9,80.9,81.5,47.1,47.9,46.7,871.0,897.8,901.6,10.0,12.9,11.2,6.2,7.7,8.3,20.0,16.2,15.3,95.0,96.1,95.2,71.1,66.5,64.4,0.17,0.0,0.0,999.9,999.9,999.9,0,8.4,9.8
16585596,0723,81.1,80.9,81.4,50.2,47.9,47.2,873.1,897.8,901.6,20.3,12.9,11.2,9.5,7.7,8.2,11.1,16.3,15.3,102.0,96.1,95.2,73.9,66.5,65.0,0.0,0.0,0.0,999.9,999.9,999.9,0,8.4,9.2
16585596,0723,79.9,80.8,81.6,54.5,47.9,47.0,869.5,897.1,897.3,39.8,12.9,11.6,6.3,7.7,8.2,19.0,16.2,15.3,104.0,96.1,95.2,75.9,66.6,65.1,0.0,0.0,0.0,999.9,999.9,999.9,18,8.4,9.2
16585596,0723,79.9,80.8,81.6,55.9,47.9,47.1,871.5,897.0,897.2,9.8,13.1,12.5,8.7,7.7,8.0,26.0,16.2,15.3,93.9,96.1,95.5,73.9,66.6,65.3,0.0,0.0,0.0,999.9,999.9,999.9,18,8.4,9.8
16585596,0723,69.7,80.8,81.4,47.2,48.0,47.8,873.6,897.0,897.2,10.0,13.1,12.5,6.2,7.8,8.1,18.1,16.2,15.7,102.9,96.1,95.5,71.1,66.6,65.7,0.03,0.0,0.0,999.9,999.9,999.9,18,8.4,9.8
16585596,0723,89.2,80.8,80.7,54.6,48.1,47.8,999.9,896.3,897.2,9.9,13.1,12.5,6.4,7.7,8.0,22.0,16.3,15.5,88.7,96.2,95.8,73.0,66.6,66.0,0.11,0.0,0.0,999.9,999.9,999.9,0,8.5,9.8
16585596,0723,79.3,80.8,80.7,47.1,48.1,48.3,869.7,897.0,901.4,10.0,12.9,12.5,8.7,7.7,8.1,10.1,16.3,15.8,95.0,96.1,95.7,57.0,66.6,66.0,0.0,0.0,0.0,999.9,999.9,999.9,0,8.5,9.2
16585596,0723,81.8,80.8,80.8,50.9,48.0,48.4,871.0,897.0,897.1,9.9,12.9,12.5,3.7,7.7,8.2,11.1,16.2,15.7,99.0,96.2,95.8,68.0,66.6,65.8,0.01,0.0,0.0,999.9,999.9,999.9,2,8.4,9.2
16585596,0723,77.1,80.8,80.8,58.4,48.0,48.5,866.4,897.0,897.1,14.9,12.8,12.5,3.7,7.7,8.0,19.0,16.2,15.7,79.0,96.2,95.6,66.0,66.6,65.9,0.0,0.0,0.0,999.9,999.9,999.9,18,8.4,7.7
16585596,0723,86.6,80.8,80.4,49.2,48.0,49.1,999.9,897.0,892.7,10.0,12.7,12.7,6.2,7.7,7.8,10.1,16.2,15.6,93.0,96.1,95.2,61.0,66.6,65.7,0.11,0.0,0.0,999.9,999.9,999.9,18,8.5,8.3
16585596,0723,86.8,80.8,80.5,50.2,48.1,49.3,875.8,897.0,897.0,10.0,12.7,12.7,6.9,7.7,7.8,34.0,16.2,15.5,98.1,96.0,95.0,57.9,66.6,65.6,0.02,0.0,0.0,999.9,999.9,999.9,48,8.6,8.9
16585596,0723,85.4,80.8,80.4,49.2,48.1,49.6,869.5,896.3,897.2,9.8,12.7,12.7,3.7,7.7,7.7,18.1,16.3,16.1,93.0,96.0,95.3,73.0,66.5,65.3,0.02,0.0,0.0,999.9,999.9,999.9,0,8.8,9.9
16585596,0723,79.3,81.0,80.6,39.9,48.1,49.4,869.5,896.3,897.1,10.0,12.7,12.7,8.7,7.6,7.4,15.0,16.4,16.4,93.0,96.0,95.3,71.1,66.5,65.3,0.0,0.0,0.0,999.9,999.9,999.9,48,8.7,9.9
16585596,0723,69.7,81.0,81.2,50.2,48.1,48.9,869.5,896.3,897.1,10.0,12.7,12.7,5.3,7.6,7.4,15.0,16.3,16.6,99.0,96.0,95.3,71.1,66.5,65.6,0.0,0.0,0.0,999.9,999.9,999.9,18,8.9,11.5
16585596,0723,77.1,80.9,80.8,49.2,48.1,49.1,873.5,896.3,896.9,10.0,12.7,12.3,3.7,7.6,7.4,14.0,16.4,16.3,93.9,96.0,95.6,61.0,66.5,66.1,0.0,0.0,0.0,999.9,999.9,999.9,0,8.9,12.1
16585596,0723,80.7,80.9,80.8,34.9,48.1,49.1,872.4,896.3,892.7,10.0,12.7,12.3,6.4,7.5,7.3,14.0,16.4,16.1,90.0,95.9,96.1,63.0,66.4,66.2,0.0,0.0,0.0,999.9,999.9,999.9,48,8.9,12.1
16585596,0723,74.2,80.9,80.7,47.1,48.0,48.3,871.4,896.3,892.7,9.9,12.6,12.3,8.7,7.5,7.2,11.1,16.4,16.0,90.0,95.9,95.7,62.2,66.4,66.2,0.33,0.0,0.0,999.9,999.9,999.9,0,9.1,13.7
16585596,0723,62.0,80.9,80.3,57.5,48.1,48.3,872.4,895.6,892.8,9.9,12.5,12.3,9.3,7.5,7.1,15.9,16.4,16.1,93.9,95.9,95.3,66.0,66.4,66.5,0.33,0.0,0.0,999.9,999.9,999.9,16,9.0,13.1
16585596,0723,62.0,80.8,79.8,47.2,48.2,48.6,872.4,894.9,892.7,10.0,12.5,12.3,4.9,7.5,7.2,17.1,16.4,16.2,102.0,95.9,95.1,71.1,66.4,66.6,0.0,0.0,0.0,999.9,999.9,999.9,0,9.0,13.6
16585596,0723,88.1,80.6,79.0,50.9,48.1,48.4,866.4,894.9,892.6,9.7,12.5,12.3,7.8,7.5,7.0,13.0,16.4,16.4,102.0,96.0,95.1,62.1,66.4,66.9,0.15,0.0,0.0,999.9,999.9,999.9,0,9.0,13.6
16585596,0723,82.7,80.7,79.2,47.1,48.1,48.7,999.9,894.8,888.2,30.7,12.5,12.3,9.8,7.5,7.0,24.1,16.4,16.3,93.9,96.0,95.2,64.9,66.3,66.8,0.17,0.0,0.0,999.9,999.9,999.9,18,9.0,13.0
16585596,0723,78.3,80.7,79.2,57.2,48.0,48.7,869.0,895.6,892.4,39.8,12.6,13.0,6.9,7.5,7.1,11.1,16.4,16.7,93.0,96.0,95.0,57.0,66.3,66.7,0.0,0.0,0.1,999.9,999.9,999.9,18,9.1,12.0
16585596,0723,85.4,80.7,78.9,34.9,48.1,48.7,999.9,895.5,892.3,10.0,12.8,14.0,4.9,7.5,7.1,11.1,16.4,16.7,93.0,96.0,95.1,66.9,66.2,66.6,0.01,0.0,0.1,999.9,999.9,999.9,18,9.2,12.0
16585596,0723,88.8,80.7,79.2,40.5,48.0,48.5,873.6,896.2,896.7,9.7,12.8,14.0,7.8,7.5,7.0,11.1,16.4,16.5,87.1,95.9,95.0,59.0,66.2,66.7,0.17,0.0,0.1,999.9,999.9,999.9,0,9.2,12.6
16585596,0723,81.8,80.8,79.2,52.0,48.1,48.4,999.9,896.2,892.4,10.0,12.8,14.0,7.8,7.5,6.9,24.1,16.4,16.5,93.0,95.8,94.8,66.0,66.2,66.3,0.15,0.0,0.1,999.9,999.9,999.9,18,9.2,12.0
16585596,0723,79.3,80.8,79.2,50.2,48.0,48.3,872.7,897.0,896.7,9.9,12.8,13.6,9.5,7.5,6.8,22.0,16.4,16.7,95.0,95.8,94.7,73.9,66.2,66.3,0.0,0.0,0.1,999.9,999.9,999.9,0,9.2,12.6
16585596,0723,82.7,80.9,79.8,55.9,48.0,48.4,999.9,896.9,896.8,14.9,12.8,13.4,5.1,7.5,6.9,11.1,16.5,16.8,90.0,95.8,95.3,57.9,66.3,66.3,0.0,0.0,0.1,999.9,999.9,999.9,0,9.1,12.0
16585596,0723,76.7,80.9,79.8,55.9,48.1,49.0,869.5,897.7,896.8,30.7,12.8,13.6,8.8,7.5,6.8,15.0,16.4,16.7,98.1,95.7,95.0,73.9,66.2,66.2,0.0,0.0,0.1,999.9,999.9,999.9,0,9.1,12.0
16585596,0723,80.7,80.9,79.7,57.5,48.1,49.5,872.4,897.6,896.9,14.9,12.9,14.1,4.9,7.5,6.9,15.0,16.4,16.8,90.0,95.8,94.8,66.0,66.3,66.6,0.0,0.0,0.1,999.9,999.9,999.9,0,9.1,11.4
16585596,0723,76.7,80.8,79.5,49.3,48.3,49.6,872.7,897.6,896.9,10.0,12.8,14.1,6.2,7.5,6.8,12.0,16.4,16.7,99.0,95.7,94.7,63.0,66.2,66.7,0.0,0.0,0.1,999.9,999.9,999.9,0,9.1,11.4
16585596,0723,80.3,80.8,79.4,50.9,48.2,49.7,873.1,896.9,896.9,10.0,12.7,14.1,8.2,7.5,6.8,13.0,16.4,16.3,91.9,95.7,94.7,62.1,66.2,66.6,0.0,0.0,0.1,999.9,999.9,999.9,18,9.1,11.4
16585596,0723,79.9,80.8,79.4,41.4,48.3,49.9,871.4,896.9,897.0,30.7,12.7,14.1,9.5,7.5,6.8,8.9,16.4,16.1,102.9,95.7,94.5,66.9,66.1,66.3,0.0,0.0,0.1,999.9,999.9,999.9,18,9.1,12.0
16585596,0723,78.4,80.8,79.4,39.9,48.3,49.6,873.1,896.9,896.9,9.9,12.8,14.5,9.5,7.5,6.8,19.0,16.3,16.0,102.9,95.7,94.6,73.0,66.2,66.1,0.0,0.0,0.1,999.9,999.9,999.9,0,9.1,12.6
16585596,0723,82.7,80.8,79.4,55.9,48.2,49.1,999.9,896.9,897.1,10.0,12.8,13.5,7.8,7.5,6.9,15.9,16.3,16.0,100.0,95.7,94.5,64.9,66.2,66.0,0.0,0.0,0.1,999.9,999.9,999.9,0,9.0,12.0
16585596,0723,74.2,80.8,79.4,49.2,48.2,49.1,873.0,897.7,901.3,10.0,12.8,13.5,6.9,7.5,6.9,13.0,16.3,15.7,90.0,95.7,94.7,71.1,66.2,65.7,0.0,0.0,0.1,999.9,999.9,999.9,18,9.0,11.4
16585596,0723,85.4,80.8,79.6,41.6,48.3,49.1,872.4,897.7,901.3,22.3,12.8,13.5,5.3,7.5,6.9,14.0,16.3,15.5,93.9,95.8,94.3,70.0,66.2,65.7,0.0,0.0,0.1,999.9,999.9,999.9,18,9.0,11.4
16585596,0723,77.1,80.8,79.5,50.9,48.2,48.7,873.0,897.7,897.1,10.0,12.8,13.9,9.9,7.5,6.9,10.1,16.3,15.3,104.0,95.7,94.5,70.0,66.2,65.6,0.01,0.0,0.0,999.9,999.9,999.9,0,9.0,12.0
16585596,0723,77.5,80.8,79.4,49.2,48.2,48.8,871.5,897.7,897.2,10.0,12.8,13.9,9.9,7.5,6.9,12.0,16.2,15.3,95.0,95.8,94.8,66.0,66.3,66.0,0.33,0.0,0.0,999.9,999.9,999.9,0,8.9,12.0
16585596,0723,81.8,80.8,79.3,55.9,48.2,48.8,866.4,897.7,897.2,10.0,12.8,13.9,3.7,7.5,7.1,15.0,16.1,15.3,93.0,95.8,94.7,66.0,66.2,65.9,0.0,0.0,0.1,999.9,999.9,999.9,0,8.9,11.9
16585596,0723,62.0,80.8,79.4,52.0,48.2,48.7,872.4,897.0,897.2,39.8,12.8,13.8,6.2,7.5,7.1,26.0,16.0,15.2,91.9,95.8,95.1,66.0,66.2,65.9,0.0,0.0,0.1,999.9,999.9,999.9,0,8.9,11.3
16585596,0723,76.4,80.7,78.6,40.5,48.3,48.8,869.5,896.3,893.0,13.5,12.9,14.8,11.6,7.5,7.1,19.0,16.1,15.7,95.0,95.7,95.1,63.0,66.3,66.1,0.17,0.0,0.1,999.9,999.9,999.9,18,8.9,10.7
16585596,0723,81.1,80.7,78.2,45.2,48.3,48.5,869.5,896.3,892.7,10.0,12.9,14.9,6.2,7.5,7.3,18.1,16.1,15.2,89.1,95.7,95.0,61.0,66.3,66.3,0.15,0.0,0.1,999.9,999.9,999.9,0,9.0,9.7
16585596,0723,76.7,80.6,78.1,46.5,48.2,48.3,871.0,896.2,892.7,13.5,12.9,14.9,8.2,7.5,7.4,15.0,16.2,15.2,104.0,95.6,94.8,66.2,66.3,65.9,0.0,0.0,0.1,999.9,999.9,999.9,18,9.0,9.7
16585596,0723,86.6,80.6,78.0,50.9,48.2,48.6,999.9,896.2,892.8,9.9,12.9,15.0,9.9,7.5,7.4,31.1,16.1,15.2,95.0,95.7,95.2,62.1,66.3,65.7,0.0,0.0,0.1,999.9,999.9,999.9,0,9.0,8.7
16585596,0723,79.9,80.7,78.6,39.9,48.2,48.6,872.7,896.9,897.1,10.0,12.9,15.0,9.5,7.5,7.5,14.0,16.1,15.7,102.9,95.6,95.1,71.1,66.3,65.4,0.0,0.0,0.1,999.9,999.9,999.9,0,8.9,8.1
16585596,0723,82.3,80.6,78.7,33.1,48.2,48.3,999.9,897.0,897.1,9.7,12.9,15.0,5.1,7.5,7.7,10.1,16.1,15.7,104.0,95.6,95.4,72.0,66.4,65.7,0.0,0.0,0.1,999.9,999.9,999.9,0,8.8,8.1
16585596,0723,82.7,80.7,78.7,50.2,48.1,48.2,999.9,897.0,901.4,41.0,12.9,15.0,6.6,7.5,7.7,13.0,16.1,15.6,102.0,95.6,95.9,71.1,66.4,66.0,0.0,0.0,0.1,999.9,999.9,999.9,0,8.8,6.5
16585596,0723,79.9,80.7,79.0,45.2,48.1,48.3,999.9,897.7,905.6,9.7,13.0,16.0,5.3,7.5,7.6,20.0,16.1,15.7,99.0,95.7,96.3,66.9,66.4,66.3,0.0,0.0,0.1,999.9,999.9,999.9,18,8.8,6.5
16585596,0723,76.4,80.6,79.6,50.2,48.0,47.9,871.5,898.4,909.9,10.0,13.0,16.0,10.1,7.5,7.5,19.0,16.1,15.8,102.0,95.7,96.4,61.0,66.4,66.4,0.0,0.0,0.0,999.9,999.9,999.9,0,8.9,6.6
16585596,0723,86.8,80.6,80.1,44.6,48.0,48.0,870.5,898.4,909.9,14.9,13.0,16.0,10.1,7.5,7.6,18.1,16.2,15.9,99.0,95.8,96.4,71.1,66.3,66.0,0.0,0.0,0.0,999.9,999.9,999.9,0,8.8,6.6
16585596,0723,62.0,80.6,80.0,47.2,48.0,47.8,875.8,898.4,910.0,22.3,13.0,16.2,5.1,7.5,7.7,8.9,16.2,16.0,79.0,95.8,96.3,70.0,66.3,66.3,0.0,0.0,0.0,999.9,999.9,999.9,0,8.7,6.6
16585596,0723,82.7,80.5,79.4,55.9,48.0,47.8,999.9,898.4,905.9,10.0,13.1,15.9,10.4,7.5,7.5,15.9,16.1,15.5,98.1,95.7,95.8,62.1,66.3,66.5,0.0,0.0,0.0,999.9,999.9,999.9,0,8.7,6.0
16585596,0723,82.3,80.5,79.5,54.6,48.1,47.8,999.9,899.1,910.2,10.0,13.1,14.9,3.7,7.6,7.7,34.0,16.1,15.7,104.0,95.7,96.0,54.0,66.3,66.7,0.0,0.0,0.0,999.9,999.9,999.9,16,8.6,5.4
16585596,0723,86.6,80.5,79.4,41.2,48.1,48.4,873.0,899.8,910.2,10.0,13.1,14.9,8.7,7.6,7.6,24.3,16.3,16.4,99.0,95.8,96.4,66.9,66.2,66.2,0.15,0.0,0.0,999.9,999.9,999.9,0,8.6,5.3
16585596,0723,62.0,80.5,79.3,45.2,48.0,48.4,869.5,899.8,910.2,30.7,13.0,14.9,6.3,7.6,7.7,10.1,16.3,16.9,95.0,95.8,96.8,71.1,66.3,66.5,0.0,0.0,0.0,999.9,999.9,999.9,0,8.6,5.3
16585596,0723,88.1,80.5,78.7,41.2,48.0,48.2,873.1,899.1,905.9,22.3,13.1,15.6,5.3,7.6,7.6,15.0,16.3,16.4,98.1,95.8,96.8,66.0,66.4,66.7,0.0,0.0,0.0,999.9,999.9,999.9,18,8.6,4.7
16585596,0723,62.0,80.5,79.0,36.2,48.0,47.9,999.9,899.1,905.9,10.0,13.2,16.0,10.6,7.6,7.5,18.1,16.3,16.2,89.1,95.7,96.9,62.1,66.3,66.4,0.15,0.0,0.0,999.9,999.9,999.9,0,8.6,5.3
16585596,0723,88.1,80.5,78.3,54.5,47.9,47.2,870.4,899.8,905.9,39.8,13.2,15.9,5.3,7.6,7.7,24.3,16.3,16.4,79.0,95.7,96.9,71.1,66.3,66.6,0.0,0.0,0.0,999.9,999.9,999.9,16,8.6,5.3
16585596,0723,82.7,80.5,78.6,45.2,48.0,47.2,872.7,899.1,905.9,9.9,13.2,16.2,8.7,7.6,7.5,10.1,16.3,16.7,99.0,95.5,96.3,61.0,66.3,66.5,0.0,0.0,0.0,999.9,999.9,999.9,0,8.6,5.9
16585596,0723,69.7,80.5,78.7,33.1,47.9,46.8,871.0,899.1,905.9,9.7,13.2,16.0,6.2,7.6,7.7,22.0,16.3,16.6,93.0,95.5,96.6,70.0,66.3,66.3,0.0,0.0,0.0,999.9,999.9,999.9,0,8.6,5.9
16585596,0723,82.7,80.5,78.5,55.9,47.8,46.3,873.0,898.4,905.9,9.9,13.2,16.0,10.6,7.6,7.7,8.9,16.3,16.9,100.0,95.5,96.4,73.0,66.4,66.5,0.14,0.0,0.0,999.9,999.9,999.9,18,8.5,5.9
16585596,0723,62.0,80.6,78.6,41.2,47.8,46.4,870.4,898.4,905.9,10.0,13.2,16.0,6.6,7.6,7.7,11.1,16.3,16.8,93.9,95.5,96.6,63.0,66.3,66.9,0.02,0.0,0.0,999.9,999.9,999.9,18,8.5,5.9
16585596,0723,76.7,80.5,78.0,54.1,47.7,46.4,999.9,898.4,905.8,10.0,13.2,15.3,5.1,7.6,7.6,13.0,16.3,16.8,102.0,95.5,96.3,71.1,66.4,66.8,0.02,0.0,0.0,999.9,999.9,999.9,18,8.6,5.9
16585596,0723,87.8,80.4,77.9,49.3,47.8,46.9,871.4,899.1,910.0,10.0,13.1,15.3,9.3,7.6,7.5,8.9,16.3,16.6,102.9,95.5,96.3,71.1,66.3,66.7,0.0,0.0,0.0,999.9,999.9,999.9,0,8.7,6.5
16585596,0723,77.5,80.5,78.1,54.6,47.8,46.7,873.5,899.1,905.8,10.0,13.0,15.3,10.4,7.6,7.5,14.0,16.2,16.4,91.9,95.6,96.4,61.0,66.4,66.9,0.0,0.0,0.0,999.9,999.9,999.9,0,8.7,6.5
16585596,0723,69.7,80.5,78.2,55.6,47.9,46.8,873.6,899.1,905.8,10.0,13.0,15.3,5.6,7.6,7.7,11.1,16.2,16.4,90.0,95.6,96.5,63.0,66.3,66.6,0.11,0.0,0.0,999.9,999.9,999.9,0,8.7,5.9
16585596,0723,77.5,80.4,77.7,57.2,47.9,47.3,869.5,898.4,905.8,39.8,13.0,14.9,6.9,7.6,7.7,18.1,16.1,16.3,98.1,95.6,96.3,62.1,66.3,66.3,0.02,0.0,0.0,999.9,999.9,999.9,0,8.6,5.3
16585596,0723,85.2,80.3,77.7,48.9,48.0,47.5,866.4,898.4,905.7,10.0,13.2,15.9,5.3,7.6,7.6,20.0,16.1,16.6,99.0,95.6,96.1,70.0,66.3,66.1,0.03,0.0,0.0,999.9,999.9,999.9,18,8.5,5.3
16585596,0723,79.3,80.3,77.9,41.6,48.0,47.5,869.5,897.7,905.5,9.9,13.1,15.9,9.9,7.6,7.4,17.1,16.1,16.9,104.0,95.6,96.3,71.1,66.3,66.2,0.0,0.0,0.0,999.9,999.9,999.9,18,8.5,5.9
16585596,0723,88.8,80.3,77.8,40.5,47.9,47.0,872.4,896.9,905.6,20.3,13.1,15.9,6.5,7.6,7.6,14.0,16.1,16.9,95.0,95.6,96.6,71.1,66.4,66.4,0.0,0.0,0.0,999.9,999.9,999.9,0,8.3,6.5
16585596,0723,82.7,80.3,78.7,50.9,47.8,46.6,873.0,896.9,905.6,9.7,13.2,15.2,10.2,7.6,7.6,12.0,16.1,16.5,102.9,95.6,96.7,54.0,66.4,66.5,0.0,0.0,0.0,999.9,999.9,999.9,0,8.3,6.5
16585596,0723,82.8,80.3,79.0,54.1,47.9,47.0,873.0,897.0,905.8,10.0,13.2,15.1,9.6,7.6,7.6,11.1,16.0,16.3,102.9,95.7,97.0,68.0,66.4,66.2,0.14,0.0,0.0,999.9,999.9,999.9,0,8.2,5.9
16585596,0723,78.4,80.3,79.0,54.6,48.1,47.3,869.7,896.3,905.9,22.3,13.1,15.1,10.4,7.6,7.7,12.0,15.9,16.1,93.0,95.7,97.5,62.2,66.4,66.5,0.0,0.0,0.0,999.9,999.9,999.9,18,8.2,5.9
16585596,0723,79.3,80.3,79.1,54.6,48.1,47.6,871.5,896.3,905.8,30.7,13.2,15.4,8.7,7.6,7.8,24.3,15.9,16.0,102.0,95.7,97.1,66.0,66.3,66.3,0.0,0.0,0.0,999.9,999.9,999.9,2,8.3,5.9
16585596,0723,86.8,80.2,78.8,40.5,48.2,47.7,999.9,896.3,901.5,22.2,13.3,16.1,6.9,7.6,7.7,14.0,16.0,15.8,98.1,95.7,97.3,75.0,66.3,66.5,0.0,0.0,0.0,999.9,999.9,999.9,16,8.3,5.9
16585596,0723,81.1,80.2,79.1,45.2,48.2,47.7,869.5,897.0,905.8,14.9,13.4,16.5,9.8,7.6,7.7,8.9,16.0,15.8,95.0,95.7,97.2,75.9,66.4,66.6,0.0,0.0,0.0,999.9,999.9,999.9,0,8.4,6.5
16585596,0723,87.8,80.2,79.0,48.9,48.1,48.1,873.1,897.0,901.4,10.0,13.4,16.7,6.5,7.6,7.8,15.0,15.9,15.7,99.0,95.7,96.9,71.1,66.4,66.7,0.0,0.0,0.0,999.9,999.9,999.9,18,8.4,6.5
16585596,0723,76.4,80.3,79.2,45.2,48.1,48.1,872.9,897.0,897.2,10.0,13.4,15.6,9.8,7.6,7.8,34.0,15.9,15.8,102.0,95.7,96.8,66.9,66.4,66.7,0.0,0.0,0.0,999.9,999.9,999.9,0,8.5,7.1
16585596,0723,82.7,80.3,79.1,45.0,48.0,48.1,872.7,897.0,893.0,10.0,13.4,15.6,6.2,7.6,8.0,22.0,16.0,16.2,102.0,95.8,96.9,62.1,66.4,66.7,0.11,0.0,0.0,999.9,999.9,999.9,18,8.4,6.5
16585596,0723,85.2,80.3,79.3,37.5,48.0,47.9,999.9,897.0,893.0,10.0,13.4,15.6,5.6,7.6,7.8,10.1,16.1,16.3,102.9,95.8,96.9,66.9,66.3,66.8,0.0,0.0,0.0,999.9,999.9,999.9,18,8.5,7.1
16585596,0723,82.8,80.3,79.2,54.6,47.9,47.7,872.9,897.7,897.3,14.9,13.4,15.5,10.4,7.6,7.7,13.0,16.0,16.1,99.0,95.8,97.0,70.0,66.4,66.6,0.17,0.0,0.0,999.9,999.9,999.9,0,8.6,7.7
16585596,0723,86.8,80.3,79.9,39.9,47.9,47.9,875.8,897.0,897.2,9.9,13.3,15.2,9.3,7.6,7.8,10.1,16.0,16.2,93.0,95.9,97.7,71.1,66.3,66.6,0.15,0.0,0.0,999.9,999.9,999.9,18,8.5,7.7
16585596,0723,79.9,80.4,80.0,49.2,47.9,47.4,873.0,897.1,893.1,20.3,13.3,15.2,3.7,7.6,7.8,11.1,16.0,16.0,95.0,95.9,97.5,54.0,66.4,66.9,0.0,0.0,0.0,999.9,999.9,999.9,0,8.5,8.3
16585596,0723,78.4,80.3,80.0,39.9,47.8,47.2,871.5,897.0,888.9,10.0,13.3,15.6,4.9,7.5,7.8,18.1,15.9,15.3,99.0,95.9,97.2,70.0,66.3,66.9,0.0,0.0,0.0,999.9,999.9,999.9,18,8.4,7.7
16585596,0723,81.1,80.3,79.7,45.2,47.8,47.1,873.6,896.3,888.8,10.0,13.3,15.6,10.1,7.5,7.7,14.0,15.9,15.1,88.7,95.9,97.2,71.1,66.3,67.0,0.14,0.0,0.0,999.9,999.9,999.9,18,8.5,8.3
16585596,0723,88.8,80.3,80.3,50.2,47.8,47.1,870.4,896.3,889.0,10.0,13.3,14.9,9.3,7.5,7.8,22.0,15.9,15.2,99.0,95.9,97.0,66.9,66.3,67.0,0.0,0.0,0.0,999.9,999.9,999.9,0,8.5,8.9
16585596,0723,81.8,80.3,80.4,47.1,47.8,47.4,873.0,896.4,888.9,10.0,13.3,14.5,9.6,7.5,7.9,13.0,15.9,15.4,93.9,96.0,97.0,66.0,66.3,67.1,0.15,0.0,0.0,999.9,999.9,999.9,0,8.5,8.3
16585596,0723,79.3,80.3,81.0,45.2,47.8,47.8,869.5,896.4,884.6,9.8,13.3,14.5,8.2,7.5,7.9,13.0,15.8,15.2,90.0,95.9,97.2,71.1,66.4,67.2,0.0,0.0,0.0,999.9,999.9,999.9,18,8.5,8.3
16585596,0723,79.9,80.3,80.7,54.6,47.8,47.5,869.7,896.4,884.6,10.0,13.3,13.5,6.4,7.5,8.0,18.1,15.8,14.9,99.0,95.9,97.5,62.1,66.4,67.2,0.0,0.0,0.0,999.9,999.9,999.9,18,8.6,8.4
16585596,0723,80.7,80.4,80.6,44.6,47.8,47.8,872.9,896.4,884.5,10.0,13.3,13.5,10.1,7.5,7.9,11.1,15.8,15.1,95.0,95.9,97.5,57.9,66.4,67.2,0.33,0.0,0.0,999.9,999.9,999.9,18,8.7,9.0
16585596,0723,82.7,80.3,81.0,47.1,47.8,48.2,999.9,896.4,884.6,10.0,13.3,13.5,5.1,7.6,8.1,15.0,15.8,14.8,102.9,95.9,97.6,54.0,66.4,66.8,0.17,0.0,0.1,999.9,999.9,999.9,0,8.8,9.6
16585596,0723,76.8,80.3,81.0,36.2,47.8,47.9,873.0,897.1,888.8,9.9,13.3,13.5,9.5,7.6,7.9,13.0,15.8,15.0,102.9,95.9,97.7,68.0,66.4,66.2,0.15,0.0,0.1,999.9,999.9,999.9,18,8.8,9.0
16585596,0723,79.9,80.3,81.5,44.6,47.8,47.7,869.5,897.1,888.9,39.8,13.3,13.5,5.1,7.6,8.0,13.0,15.8,15.0,90.0,96.0,98.0,66.2,66.4,66.4,0.0,0.0,0.1,999.9,999.9,999.9,18,8.9,9.0
16585596,0723,80.3,80.2,81.6,49.3,47.8,47.4,870.4,897.1,884.5,10.0,13.5,14.5,4.9,7.6,8.0,31.1,15.8,15.0,93.0,95.9,97.6,71.1,66.4,66.2,0.33,0.0,0.1,999.9,999.9,999.9,18,8.9,9.0
16585596,0723,76.8,80.2,81.3,55.6,47.8,47.4,869.5,897.0,884.5,10.0,13.5,14.5,10.1,7.6,7.8,19.0,15.9,15.8,99.0,95.9,97.3,66.2,66.4,66.2,0.0,0.0,0.1,999.9,999.9,999.9,0,9.0,9.6
16585596,0723,81.8,80.2,81.3,46.5,47.8,47.5,870.4,897.0,884.4,10.0,13.5,14.5,10.1,7.6,7.8,15.9,15.9,15.9,79.0,96.0,97.5,73.9,66.4,66.4,0.0,0.0,0.1,999.9,999.9,999.9,18,8.9,9.6
16585596,0723,79.3,80.3,81.7,46.5,47.8,47.1,873.6,897.0,884.3,22.3,13.5,14.5,8.7,7.6,8.0,10.1,16.0,16.1,91.9,95.8,97.1,66.9,66.4,66.7,0.14,0.0,0.1,999.9,999.9,999.9,48,9.0,10.2
16585596,0723,74.2,80.3,81.8,46.5,47.8,46.8,869.6,896.3,884.4,10.0,13.5,13.9,9.5,7.6,8.0,15.9,15.9,15.8,102.9,95.8,96.9,62.1,66.4,66.9,0.11,0.0,0.1,999.9,999.9,999.9,48,9.3,11.8
16585596,0723,82.8,80.3,81.4,41.2,47.8,46.7,999.9,896.3,884.5,9.8,13.5,13.9,9.9,7.6,8.2,19.0,15.9,15.7,93.9,95.9,97.1,66.0,66.3,66.6,0.0,0.0,0.1,999.9,999.9,999.9,0,9.5,12.8
16585596,0723,85.4,80.3,81.5,37.5,47.8,46.7,872.4,897.0,888.9,10.0,13.5,13.9,8.8,7.6,8.2,20.0,15.9,15.8,98.1,95.8,96.7,68.0,66.3,66.5,0.0,0.0,0.1,999.9,999.9,999.9,48,9.5,12.2
16585596,0723,87.8,80.3,81.4,49.2,47.7,46.6,999.9,897.0,888.9,9.8,13.4,13.6,3.7,7.6,8.2,11.1,15.9,16.0,88.7,95.9,96.8,72.0,66.3,66.4,0.0,0.0,0.1,999.9,999.9,999.9,0,9.7,13.8
16585596,0723,78.4,80.4,81.6,41.6,47.7,46.5,869.5,897.7,893.1,9.8,13.4,13.6,8.2,7.6,8.0,22.0,15.9,15.9,89.1,95.8,96.4,61.0,66.3,67.0,0.01,0.0,0.1,999.9,999.9,999.9,0,9.6,13.8
16585596,0723,79.3,80.4,81.4,55.6,47.7,46.1,872.4,897.7,893.0,10.0,13.4,13.5,8.1,7.6,8.0,11.1,16.0,16.3,99.0,95.8,95.9,63.0,66.3,66.7,0.0,0.0,0.1,999.9,999.9,999.9,0,9.5,13.8
16585596,0723,85.4,80.3,81.5,55.6,47.7,46.2,870.5,897.7,893.1,10.0,13.4,13.1,9.6,7.7,7.9,15.0,15.9,16.3,90.0,95.9,96.1,57.0,66.3,66.8,0.11,0.0,0.1,999.9,999.9,999.9,2,9.5,13.2
16585596,0723,79.9,80.3,81.7,41.6,47.7,46.2,869.7,897.8,893.0,9.9,13.4,12.4,10.2,7.6,7.9,8.9,15.9,16.0,93.0,95.8,95.7,66.0,66.3,66.5,0.0,0.0,0.1,999.9,999.9,999.9,0,9.5,13.2
16585596,0723,62.0,80.3,81.5,48.9,47.6,46.2,873.6,897.8,888.7,10.0,13.4,12.0,10.4,7.7,8.0,19.0,15.9,15.8,102.0,95.8,95.5,66.2,66.4,66.2,0.15,0.0,0.1,999.9,999.9,999.9,0,9.2,12.7
16585596,0723,86.8,80.2,80.8,34.9,47.6,46.4,870.4,897.8,888.8,10.0,13.4,11.9,11.6,7.7,8.1,11.1,15.9,16.1,89.1,95.8,95.8,66.9,66.4,65.8,0.0,0.0,0.1,999.9,999.9,999.9,18,9.1,12.7
16585596,0723,80.3,80.3,80.8,54.5,47.5,45.9,872.4,897.0,888.7,9.9,13.4,11.9,7.8,7.7,8.2,24.3,15.9,16.0,93.9,95.7,95.4,73.9,66.4,65.7,0.0,0.0,0.1,999.9,999.9,999.9,18,9.2,12.7
16585596,0723,76.8,80.3,80.9,34.9,47.5,46.2,871.5,897.0,888.7,10.0,13.4,11.9,10.6,7.7,8.2,34.0,15.9,15.7,87.1,95.8,95.2,71.1,66.5,65.9,0.0,0.0,0.1,999.9,999.9,999.9,0,9.3,13.3
16585596,0723,77.5,80.3,80.7,45.0,47.5,45.9,871.4,897.0,888.7,9.8,13.4,11.9,8.7,7.7,8.3,24.3,16.0,16.1,99.0,95.7,94.7,54.0,66.5,66.2,0.0,0.0,0.1,999.9,999.9,999.9,0,9.2,12.7
16585596,0723,76.7,80.3,80.5,49.3,47.4,46.1,999.9,896.3,884.4,10.0,13.3,11.9,6.6,7.7,8.4,12.0,16.1,16.5,102.0,95.7,94.5,66.0,66.4,65.8,0.0,0.0,0.1,999.9,999.9,999.9,2,9.2,12.1
16585596,0723,74.2,80.3,80.3,54.6,47.4,45.9,869.7,897.0,888.6,41.0,13.3,11.7,5.3,7.7,8.3,11.1,16.0,16.5,87.1,95.7,94.6,62.1,66.4,65.7,0.0,0.0,0.1,999.9,999.9,999.9,18,9.2,12.1
16585596,0723,86.6,80.3,79.8,46.5,47.5,46.4,871.0,897.0,888.4,9.9,13.4,12.7,8.1,7.7,8.2,10.1,16.0,16.5,102.9,95.7,94.4,61.0,66.4,65.4,0.0,0.0,0.1,999.9,999.9,999.9,2,9.2,12.1
16585596,0723,87.8,80.3,80.1,49.3,47.4,46.3,869.5,896.3,888.4,9.9,13.5,12.4,4.9,7.7,8.3,15.9,15.9,16.5,102.0,95.7,94.7,54.0,66.4,65.6,0.0,0.0,0.1,999.9,999.9,999.9,18,9.3,12.2
16585596,0723,81.8,80.3,80.4,57.5,47.4,46.6,866.4,896.3,888.3,10.0,13.4,12.4,5.6,7.7,8.3,19.0,15.9,16.4,100.0,95.8,94.8,64.9,66.3,65.1,0.0,0.0,0.1,999.9,999.9,999.9,18,9.3,12.2
16585596,0723,76.7,80.4,80.4,47.1,47.4,47.1,871.0,896.3,888.1,10.0,13.4,12.4,6.9,7.7,8.2,15.0,15.9,16.6,93.0,95.7,95.2,62.1,66.4,64.9,0.0,0.0,0.1,999.9,999.9,999.9,0,9.4,12.2
16585596,0723,82.8,80.4,80.0,57.2,47.4,47.0,999.9,896.3,888.1,22.2,13.5,12.4,3.7,7.7,8.1,12.0,15.9,16.4,93.0,95.8,95.0,57.9,66.3,64.7,0.0,0.0,0.1,999.9,999.9,999.9,0,9.3,12.2
16585596,0723,81.1,80.4,80.0,37.5,47.4,47.3,999.9,897.0,892.3,30.7,13.5,12.8,4.9,7.6,7.9,26.0,15.9,16.3,102.9,95.7,95.0,70.0,66.2,64.4,0.11,0.0,0.1,999.9,999.9,999.9,18,9.2,12.2
16585596,0723,85.4,80.3,80.1,34.9,47.4,47.0,999.9,897.7,896.6,10.0,13.6,13.5,5.6,7.6,7.8,8.9,15.9,16.8,102.0,95.7,95.4,62.1,66.2,64.4,0.0,0.0,0.1,999.9,999.9,999.9,18,9.2,12.2
16585596,0723,76.7,80.3,80.3,57.6,47.3,46.4,872.4,898.4,901.0,10.0,13.5,13.5,4.7,7.6,7.7,14.0,15.9,16.5,93.9,95.8,95.5,57.9,66.2,64.4,0.0,0.0,0.1,999.9,999.9,999.9,0,9.3,12.2
16585596,0723,80.9,80.3,80.1,55.6,47.3,46.8,873.1,898.4,901.0,9.9,13.5,13.5,9.8,7.6,7.6,18.1,15.8,16.6,99.0,95.8,95.4,61.0,66.2,64.4,0.0,0.0,0.0,999.9,999.9,999.9,0,9.2,11.6
16585596,0723,89.6,80.3,80.1,54.5,47.4,47.1,873.0,898.5,896.7,9.9,13.5,13.5,6.3,7.6,7.7,12.0,15.9,16.7,79.0,95.9,95.3,62.1,66.1,64.6,0.0,0.0,0.0,999.9,999.9,999.9,18,9.2,11.6
16585596,0723,85.2,80.4,80.5,44.6,47.4,47.7,999.9,898.5,896.7,10.0,13.5,13.5,5.3,7.6,7.6,11.1,15.9,16.6,99.0,95.8,94.5,75.9,66.1,64.4,0.02,0.0,0.0,999.9,999.9,999.9,18,9.3,11.6
16585596,0723,85.4,80.5,80.7,45.0,47.5,47.7,868.1,899.2,901.1,10.0,13.5,12.5,6.5,7.6,7.6,24.1,15.8,16.6,90.0,95.8,94.8,57.9,66.2,64.7,0.0,0.0,0.0,999.9,999.9,999.9,18,9.3,11.6
16585596,0723,85.4,80.5,80.8,41.4,47.5,47.6,999.9,898.4,901.0,10.0,13.5,12.5,10.1,7.6,7.7,12.0,15.9,16.3,98.1,95.8,94.7,68.0,66.1,64.3,0.02,0.0,0.0,999.9,999.9,999.9,18,9.4,11.6
16585596,0723,83.0,80.5,81.1,52.0,47.5,47.1,866.4,898.4,905.4,9.9,13.5,12.5,9.9,7.6,7.7,18.1,15.9,16.1,102.0,95.8,94.7,64.9,66.1,64.4,0.11,0.0,0.0,999.9,999.9,999.9,18,9.4,12.2
16585596,0723,87.8,80.4,81.2,54.1,47.5,47.3,870.4,898.4,905.2,20.3,13.5,12.5,5.3,7.6,7.7,19.0,15.9,16.2,87.1,95.8,95.5,66.0,66.1,64.1,0.0,0.0,0.0,999.9,999.9,999.9,18,9.4,12.2
16585596,0723,77.1,80.5,81.5,45.2,47.5,47.5,873.5,897.7,905.1,30.7,13.5,12.4,10.2,7.6,7.6,14.0,15.9,16.5,102.0,95.8,95.3,61.0,66.1,64.0,0.0,0.0,0.0,999.9,999.9,999.9,0,9.5,11.2
16585596,0723,88.8,80.5,81.6,37.5,47.5,47.5,870.0,897.7,905.3,30.7,13.6,13.1,6.2,7.6,7.6,11.1,15.9,16.4,100.0,95.8,95.3,66.0,66.1,64.0,0.0,0.0,0.0,999.9,999.9,999.9,18,9.5,9.6
16585596,0723,69.7,80.5,81.8,57.2,47.3,47.4,871.5,897.7,900.9,10.0,13.7,13.8,6.6,7.6,7.5,12.0,15.9,16.1,93.9,95.8,95.5,62.2,66.1,64.0,0.0,0.0,0.0,999.9,999.9,999.9,18,9.5,10.2
16585596,0723,79.3,80.4,81.2,52.0,47.4,48.0,875.8,897.0,900.9,9.9,13.6,13.8,8.2,7.6,7.4,15.9,15.9,15.9,102.0,95.8,95.3,63.0,66.0,63.8,0.0,0.0,0.0,999.9,999.9,999.9,16,9.6,9.2
16585596,0723,82.7,80.4,80.9,33.1,47.4,48.1,999.9,897.0,896.8,10.0,13.6,13.8,8.2,7.6,7.5,15.9,15.9,16.0,102.9,95.9,95.8,59.0,66.0,63.5,0.0,0.0,0.0,999.9,999.9,999.9,0,9.7,9.7
16585596,0723,77.5,80.4,81.1,57.6,47.4,47.8,999.9,897.8,901.1,9.9,13.6,13.8,10.4,7.6,7.5,26.0,15.9,15.8,89.1,95.9,96.2,66.9,66.0,63.4,0.03,0.0,0.0,999.9,999.9,999.9,16,9.7,9.7
16585596,0723,79.9,80.4,81.0,49.2,47.4,47.9,866.4,898.5,905.4,14.9,13.6,13.8,10.2,7.7,7.6,24.3,16.0,16.3,79.0,95.9,95.9,73.9,65.9,63.6,0.0,0.0,0.0,999.9,999.9,999.9,0,9.8,10.3
16585596,0723,79.9,80.4,80.8,45.2,47.4,47.7,869.5,898.5,905.2,10.0,13.5,14.0,5.3,7.7,7.6,31.1,15.9,16.6,99.0,95.8,95.5,62.2,66.0,64.1,0.0,0.0,0.0,999.9,999.9,999.9,0,9.8,10.2
16585596,0723,77.5,80.4,80.8,57.2,47.4,47.8,875.8,898.5,905.2,22.3,13.5,14.0,6.9,7.7,7.5,31.1,16.0,17.4,91.9,95.8,95.7,61.0,65.9,64.0,0.0,0.0,0.0,999.9,999.9,999.9,0,9.7,10.2
16585596,0723,89.6,80.4,81.4,45.2,47.5,48.1,999.9,898.5,905.3,10.0,13.5,14.4,6.4,7.6,7.3,13.0,16.1,17.8,93.0,95.8,95.4,66.0,65.9,63.8,0.11,0.0,0.0,999.9,999.9,999.9,18,9.7,10.2
16585596,0723,86.6,80.4,81.5,57.5,47.4,48.4,873.6,898.5,909.6,10.0,13.5,14.4,8.7,7.6,7.2,24.3,16.1,17.8,93.9,95.8,95.5,71.1,65.8,63.8,0.15,0.0,0.0,999.9,999.9,999.9,0,9.8,10.2
16585596,0723,79.9,80.4,81.7,57.5,47.5,48.5,869.6,898.5,909.6,10.0,13.5,14.4,10.2,7.7,7.2,13.0,16.1,17.8,99.0,95.8,95.5,71.1,65.9,63.7,0.0,0.0,0.0,999.9,999.9,999.9,48,9.7,9.6
16585596,0723,86.8,80.4,81.8,44.1,47.6,49.3,999.9,898.5,909.6,10.0,13.5,14.4,6.2,7.7,7.2,12.0,16.2,17.1,100.0,95.8,95.9,66.9,65.9,63.7,0.0,0.0,0.0,999.9,999.9,999.9,0,10.0,11.2
16585596,0723,88.1,80.4,82.1,34.9,47.6,49.2,999.9,898.5,913.9,10.0,13.5,14.4,7.8,7.7,7.1,18.1,16.1,16.7,93.0,95.8,96.0,72.0,65.9,64.1,0.15,0.0,0.0,999.9,999.9,999.9,0,9.9,11.2
16585596,0723,69.7,80.5,82.5,45.2,47.6,48.8,868.1,898.5,913.9,22.3,13.5,14.4,5.3,7.7,7.1,13.0,16.1,16.9,95.0,95.8,95.7,62.1,65.9,64.3,0.0,0.0,0.0,999.9,999.9,999.9,0,9.9,11.1
16585596,0723,80.9,80.4,82.3,44.6,47.5,48.4,869.0,898.5,913.8,10.0,13.5,13.8,6.3,7.7,7.1,18.1,16.1,17.0,89.1,95.8,95.9,64.9,65.8,64.3,0.0,0.0,0.0,999.9,999.9,999.9,0,9.9,10.5
16585596,0723,76.8,80.4,82.1,34.9,47.5,48.4,869.7,898.5,913.7,9.8,13.5,13.8,10.6,7.7,7.1,24.3,16.1,17.3,99.0,95.8,95.5,75.9,65.8,64.5,0.0,0.0,0.0,999.9,999.9,999.9,18,9.8,10.5
16585596,0723,86.6,80.4,81.8,54.5,47.5,47.9,871.0,898.5,913.7,10.0,13.5,13.8,10.2,7.7,7.3,24.3,16.2,17.6,93.0,95.8,95.4,68.0,65.9,65.2,0.0,0.0,0.0,999.9,999.9,999.9,18,9.8,10.5
16585596,0723,76.7,80.3,81.9,48.9,47.5,47.8,875.8,898.5,913.9,10.0,13.5,13.8,6.2,7.7,7.4,18.1,16.3,17.7,93.9,95.8,95.1,57.9,65.9,65.3,0.0,0.0,0.0,999.9,999.9,999.9,18,9.8,10.5
16585596,0723,78.4,80.3,81.9,47.2,47.6,47.9,870.5,898.5,914.1,10.0,13.5,13.8,4.7,7.7,7.4,22.0,16.3,17.8,102.0,95.7,95.2,70.0,65.9,65.2,0.03,0.0,0.0,999.9,999.9,999.9,0,9.9,11.1
16585596,0723,86.8,80.3,81.8,54.5,47.6,47.5,873.1,898.5,909.7,10.0,13.5,13.4,7.8,7.7,7.4,19.0,16.3,18.2,102.0,95.7,95.5,59.0,65.9,65.6,0.0,0.0,0.0,999.9,999.9,999.9,0,9.9,11.1
16585596,0723,79.9,80.4,82.0,34.9,47.6,48.1,871.4,898.5,905.5,10.0,13.5,12.7,6.9,7.7,7.5,14.0,16.3,17.9,90.0,95.7,95.4,75.9,65.8,65.2,0.15,0.0,0.0,999.9,999.9,999.9,0,9.8,10.5
16585596,0723,86.6,80.4,81.8,44.1,47.6,48.1,873.6,898.5,901.2,22.3,13.5,12.7,9.9,7.7,7.6,13.0,16.3,18.1,99.0,95.7,95.0,75.0,65.8,65.7,0.0,0.0,0.0,999.9,999.9,999.9,18,9.7,9.9
16585596,0723,89.2,80.4,82.1,49.2,47.6,47.6,868.1,898.5,901.3,10.0,13.6,13.1,10.4,7.7,7.8,13.0,16.3,18.1,95.0,95.7,95.2,62.2,65.8,66.2,0.0,0.0,0.0,999.9,999.9,999.9,0,9.8,10.5
16585596,0723,87.8,80.5,82.4,39.9,47.7,47.4,870.4,898.5,901.1,39.8,13.6,13.1,3.7,7.7,7.8,26.0,16.3,17.9,90.0,95.7,95.1,75.9,65.9,66.3,0.15,0.0,0.0,999.9,999.9,999.9,18,9.7,10.5
16585596,0723,69.7,80.5,82.3,50.9,47.6,46.9,875.8,897.8,901.0,10.0,13.7,14.1,4.7,7.7,7.7,15.0,16.4,18.4,102.0,95.7,95.4,70.0,65.9,66.7,0.0,0.0,0.0,999.9,999.9,999.9,48,9.8,10.5
16585596,0723,82.7,80.5,81.8,40.5,47.6,47.2,999.9,897.8,896.9,10.0,13.7,14.1,8.7,7.6,7.7,34.0,16.3,18.5,90.0,95.7,95.5,62.1,65.9,66.5,0.0,0.0,0.0,999.9,999.9,999.9,16,10.1,11.5
16585596,0723,79.9,80.5,81.7,48.9,47.6,47.0,999.9,898.5,901.3,10.0,13.7,14.1,6.9,7.6,7.7,11.1,16.5,18.8,98.1,95.7,95.5,62.1,65.9,66.7,0.33,0.0,0.0,999.9,999.9,999.9,0,10.0,11.4
16585596,0723,82.3,80.4,81.5,34.9,47.6,47.3,999.9,899.2,901.3,10.0,13.7,14.1,6.9,7.6,7.6,12.0,16.4,18.8,95.0,95.7,95.5,62.1,65.9,66.5,0.0,0.0,0.0,999.9,999.9,999.9,0,9.9,10.8
16585596,0723,76.4,80.4,81.5,44.1,47.6,46.7,868.1,899.9,905.7,10.0,13.7,14.1,5.1,7.6,7.5,10.1,16.4,18.6,95.0,95.7,95.3,62.2,65.8,66.4,0.0,0.0,0.0,999.9,999.9,999.9,0,9.8,10.2
16585596,0723,83.0,80.4,81.1,49.3,47.6,46.4,871.4,899.2,905.6,9.7,13.7,13.8,5.1,7.6,7.5,15.0,16.4,18.3,99.0,95.8,95.6,61.0,65.8,66.3,0.0,0.0,0.0,999.9,999.9,999.9,0,9.8,9.6
16585596,0723,76.7,80.4,81.3,55.9,47.6,46.5,873.6,899.2,905.6,10.0,13.7,13.1,4.7,7.6,7.4,19.0,16.4,18.3,93.9,95.7,95.5,71.1,65.8,66.3,0.0,0.0,0.0,999.9,999.9,999.9,18,9.6,9.6
16585596,0723,74.2,80.3,80.9,34.9,47.7,47.1,873.0,898.5,905.7,22.2,13.7,12.4,5.3,7.6,7.3,19.0,16.4,18.6,93.9,95.7,95.3,57.9,65.8,66.4,0.02,0.0,0.0,999.9,999.9,999.9,18,9.7,9.6
16585596,0723,88.1,80.3,81.1,45.2,47.6,46.4,872.4,898.5,905.8,10.0,13.8,12.8,5.6,7.6,7.3,11.1,16.4,18.8,100.0,95.7,95.3,71.1,65.8,66.3,0.0,0.0,0.0,999.9,999.9,999.9,48,9.8,9.6
16585596,0723,78.3,80.3,81.4,48.9,47.6,46.1,872.9,898.5,905.6,10.0,13.8,12.8,5.1,7.5,7.2,24.1,16.4,18.7,95.0,95.8,95.2,71.1,65.8,66.5,0.0,0.0,0.0,999.9,999.9,999.9,18,9.9,10.7
16585596,0723,77.1,80.2,81.2,45.2,47.6,46.7,868.1,898.5,901.4,10.0,13.8,12.8,9.6,7.5,7.1,18.1,16.5,18.9,102.9,95.8,94.9,73.9,65.8,67.0,0.0,0.0,0.0,999.9,999.9,999.9,0,10.0,11.3
16585596,0723,80.9,80.3,81.2,47.1,47.6,46.2,873.0,898.5,897.0,10.0,13.8,12.8,5.3,7.5,7.0,20.0,16.5,18.7,95.0,95.8,95.4,66.0,65.9,67.2,0.0,0.0,0.0,999.9,999.9,999.9,0,10.0,10.7
16585596,0723,86.6,80.3,81.2,36.2,47.6,46.2,872.4,898.5,897.2,9.9,13.7,12.6,5.3,7.5,6.9,10.1,16.5,18.5,104.0,95.9,95.9,73.9,65.9,66.9,0.0,0.0,0.0,999.9,999.9,999.9,0,10.0,10.7
16585596,0723,86.6,80.4,81.5,49.3,47.5,45.9,868.1,897.8,897.3,9.7,13.7,12.6,11.6,7.5,6.9,24.1,16.4,17.8,98.1,96.0,96.1,62.1,66.0,67.3,0.01,0.0,0.0,999.9,999.9,999.9,0,10.0,10.7
16585596,0723,78.4,80.4,81.8,50.2,47.4,45.6,873.0,897.8,897.1,9.9,13.7,12.2,9.9,7.5,7.0,26.0,16.5,17.6,99.0,96.0,96.3,70.0,66.0,67.3,0.0,0.0,0.0,999.9,999.9,999.9,0,10.0,10.7
16585596,0723,78.4,80.4,81.4,45.2,47.5,45.8,866.4,897.8,892.8,9.8,13.7,12.2,5.3,7.5,7.2,20.0,16.6,18.0,90.0,96.0,96.5,70.0,66.1,67.5,0.33,0.0,0.0,999.9,999.9,999.9,18,9.9,10.1
16585596,0723,81.1,80.4,81.1,37.5,47.4,45.4,870.0,897.7,892.6,10.0,13.7,12.2,8.1,7.5,7.0,13.0,16.6,17.9,100.0,95.9,96.4,68.0,66.1,67.4,0.0,0.0,0.0,999.9,999.9,999.9,0,10.0,10.7
16585596,0723,77.5,80.3,81.2,45.0,47.4,44.7,873.6,897.7,892.6,9.9,13.7,12.2,5.3,7.5,7.0,13.0,16.6,17.9,95.0,95.9,96.4,66.2,66.2,67.3,0.0,0.0,0.0,999.9,999.9,999.9,2,10.0,9.1
16585596,0723,76.8,80.3,80.8,36.2,47.4,44.7,869.6,897.0,888.4,9.9,13.7,12.2,6.5,7.5,6.9,14.0,16.6,17.9,98.1,95.9,96.2,62.1,66.2,67.3,0.0,0.0,0.0,999.9,999.9,999.9,18,10.0,9.2
16585596,0723,81.1,80.3,80.5,55.6,47.3,44.8,869.5,897.0,884.1,10.0,13.7,12.2,11.6,7.5,6.9,10.1,16.6,17.8,95.0,95.9,96.4,75.0,66.1,67.0,0.0,0.0,0.0,999.9,999.9,999.9,0,9.8,9.8
16585596,0723,87.8,80.2,80.8,54.6,47.3,45.1,999.9,897.0,884.1,10.0,13.7,11.8,6.9,7.5,7.1,11.1,16.6,17.7,87.1,95.9,96.4,68.0,66.2,67.4,0.0,0.0,0.0,999.9,999.9,999.9,0,9.7,9.8
16585596,0723,78.3,80.3,81.1,41.6,47.4,45.5,873.6,897.7,888.5,9.8,13.7,11.8,4.9,7.5,7.1,19.0,16.6,17.5,95.0,95.8,96.3,72.0,66.2,67.5,0.0,0.0,0.0,999.9,999.9,999.9,0,9.7,9.8
16585596,0723,78.4,80.2,81.1,49.2,47.4,45.7,999.9,897.0,888.6,13.5,13.7,11.8,5.6,7.5,6.9,18.1,16.6,17.3,93.0,95.9,96.2,63.0,66.2,67.4,0.0,0.0,0.0,999.9,999.9,999.9,0,9.6,9.2
16585596,0723,89.6,80.2,80.9,47.1,47.3,45.5,873.1,897.7,892.9,9.7,13.7,11.9,6.6,7.4,6.8,8.9,16.6,17.1,95.0,95.8,96.2,75.0,66.2,67.2,0.0,0.0,0.0,999.9,999.9,999.9,0,9.6,8.6
16585596,0723,76.8,80.4,81.3,45.2,47.3,45.4,869.0,897.8,892.8,9.9,13.7,11.9,6.2,7.4,6.8,10.1,16.6,16.8,98.1,95.9,96.2,62.1,66.2,67.8,0.0,0.0,0.0,999.9,999.9,999.9,0,9.5,8.0
16585596,0723,76.8,80.4,81.2,41.6,47.4,45.4,870.0,897.0,892.8,30.7,13.7,11.9,5.3,7.4,6.8,13.0,16.5,16.4,87.1,95.9,96.1,66.0,66.2,67.5,0.11,0.0,0.0,999.9,999.9,999.9,18,9.5,8.0
16585596,0723,81.1,80.3,80.9,45.2,47.4,44.9,873.1,897.0,892.7,9.9,13.8,12.6,6.3,7.4,6.8,26.0,16.5,16.2,95.0,95.8,95.6,71.1,66.3,67.8,0.0,0.0,0.0,999.9,999.9,999.9,18,9.5,8.6
16585596,0723,76.4,80.3,80.9,45.0,47.3,45.3,872.4,897.0,892.7,9.9,13.7,12.6,9.5,7.4,6.7,20.0,16.6,16.6,102.9,95.8,95.8,66.9,66.3,67.6,0.0,0.0,0.0,999.9,999.9,999.9,16,9.6,9.2
16585596,0723,88.1,80.3,80.6,46.5,47.3,45.3,873.0,897.0,892.7,9.9,13.7,12.1,8.1,7.4,6.7,15.0,16.6,16.8,104.0,95.9,95.9,62.1,66.3,67.3,0.0,0.0,0.0,999.9,999.9,999.9,18,9.7,9.1
16585596,0723,74.2,80.3,80.6,57.6,47.3,45.2,870.4,897.1,892.8,9.8,13.7,12.1,7.8,7.4,6.7,14.0,16.5,16.9,93.9,95.9,96.2,63.0,66.3,67.3,0.14,0.0,0.0,999.9,999.9,999.9,0,9.8,9.7
16585596,0723,74.2,80.3,80.1,54.5,47.4,45.8,873.5,897.0,892.8,10.0,13.7,11.1,11.6,7.4,6.8,8.9,16.6,16.5,102.0,95.9,96.3,71.1,66.2,66.9,0.0,0.0,0.0,999.9,999.9,999.9,0,9.8,9.1
16585596,0723,80.7,80.3,80.3,45.2,47.4,45.9,870.5,897.1,892.8,10.0,13.5,11.1,9.6,7.5,7.0,15.9,16.5,16.3,95.0,95.9,96.3,66.0,66.2,66.9,0.03,0.0,0.0,999.9,999.9,999.9,16,9.7,7.5
16585596,0723,62.0,80.3,80.2,55.6,47.3,46.1,869.0,897.1,888.4,9.9,13.5,11.1,5.6,7.5,7.1,11.1,16.4,15.7,93.9,95.9,96.5,75.9,66.1,67.1,0.02,0.0,0.0,999.9,999.9,999.9,18,9.7,7.5
16585596,0723,76.7,80.2,79.6,33.1,47.4,46.3,868.1,897.0,884.1,41.0,13.5,11.1,10.4,7.5,7.0,24.3,16.4,15.7,89.1,95.8,96.4,57.0,66.2,67.5,0.0,0.0,0.0,999.9,999.9,999.9,0,9.7,8.1
16585596,0723,74.2,80.2,79.4,55.9,47.2,46.3,999.9,896.3,879.7,10.0,13.7,12.2,7.8,7.5,7.1,14.0,16.4,16.1,95.0,95.8,96.2,70.0,66.1,67.4,0.0,0.0,0.0,999.9,999.9,999.9,0,9.7,8.1
16585596,0723,78.4,80.1,79.3,48.9,47.3,46.7,871.0,897.0,884.1,9.9,13.7,12.2,9.6,7.5,7.2,14.0,16.4,16.2,93.0,95.8,96.2,70.0,66.1,67.6,0.03,0.0,0.0,999.9,999.9,999.9,0,9.7,8.1
16585596,0723,85.4,80.1,79.2,49.3,47.3,46.6,869.5,897.0,884.1,9.7,13.7,12.2,6.9,7.5,7.4,12.0,16.5,16.2,99.0,95.8,96.0,61.0,66.2,67.9,0.0,0.0,0.0,999.9,999.9,999.9,0,9.7,8.1
16585596,0723,79.9,80.2,79.5,46.5,47.2,46.4,873.0,897.0,883.9,30.7,13.6,12.2,6.3,7.5,7.4,13.0,16.4,15.9,79.0,95.9,96.1,75.0,66.1,67.6,0.0,0.0,0.0,999.9,999.9,999.9,18,9.6,7.5
16585596,0723,81.8,80.1,79.7,45.2,47.2,46.8,869.5,896.3,883.9,9.7,13.8,12.4,11.6,7.5,7.5,10.1,16.4,15.7,102.0,95.8,95.6,62.1,66.2,68.2,0.0,0.0,0.0,999.9,999.9,999.9,0,9.6,7.5
16585596,0723,78.4,80.1,79.5,49.2,47.2,46.8,999.9,896.3,883.8,9.9,13.8,12.4,9.9,7.5,7.7,19.0,16.3,15.7,95.0,95.8,95.7,75.0,66.2,67.9,0.0,0.0,0.0,999.9,999.9,999.9,0,9.3,5.9
16585596,0723,89.2,80.1,79.5,54.6,47.2,46.8,869.5,897.0,888.1,39.8,13.8,12.4,5.3,7.6,7.8,15.9,16.3,15.5,87.1,95.8,95.7,57.0,66.2,68.0,0.0,0.0,0.0,999.9,999.9,999.9,0,9.3,5.3
16585596,0723,80.3,80.1,79.9,50.2,47.3,47.1,999.9,897.0,888.1,10.0,13.9,13.4,8.7,7.6,7.7,10.1,16.3,15.5,99.0,95.8,95.2,62.1,66.2,67.4,0.0,0.0,0.0,999.9,999.9,999.9,18,9.0,5.3
16585596,0723,89.2,80.2,79.8,54.6,47.3,47.2,873.0,897.7,892.3,9.9,13.9,13.4,5.1,7.6,7.8,11.1,16.3,15.1,89.1,95.8,95.3,62.2,66.1,67.3,0.0,0.0,0.0,999.9,999.9,999.9,18,9.0,5.9
16585596,0723,80.3,80.2,79.9,57.5,47.3,47.8,870.4,897.7,892.4,22.3,13.9,13.4,10.2,7.6,7.8,19.0,16.3,15.2,102.9,95.8,94.8,64.9,66.1,66.9,0.0,0.0,0.0,999.9,999.9,999.9,18,9.1,6.5
16585596,0723,81.8,80.2,79.7,34.9,47.4,48.1,870.4,897.7,892.4,9.7,14.0,13.8,9.6,7.6,7.7,13.0,16.3,15.0,93.9,95.9,95.0,73.9,66.1,67.0,0.0,0.0,0.0,999.9,999.9,999.9,0,9.0,7.1
16585596,0723,77.1,80.3,79.8,47.1,47.3,47.6,870.0,897.7,892.4,10.0,14.0,13.8,10.4,7.6,7.7,11.1,16.3,14.6,98.1,95.9,94.8,66.0,66.2,67.1,0.0,0.0,0.0,999.9,999.9,999.9,18,9.0,7.1
16585596,0723,74.2,80.4,79.8,34.9,47.3,47.7,999.9,897.7,892.5,9.9,14.0,13.8,8.7,7.6,7.9,26.0,16.3,14.3,102.0,95.9,95.1,73.0,66.2,67.0,0.0,0.0,0.0,999.9,999.9,999.9,0,9.0,7.1
16585596,0723,80.7,80.4,79.6,54.5,47.2,47.6,872.4,898.4,896.8,30.7,14.0,13.8,5.3,7.6,7.9,12.0,16.3,14.7,104.0,95.9,95.1,64.9,66.2,67.2,0.0,0.0,0.0,999.9,999.9,999.9,18,9.0,7.1
16585596,0723,76.8,80.4,79.7,54.5,47.2,47.9,875.8,898.5,896.8,39.8,14.1,14.5,5.1,7.6,7.9,18.1,16.3,14.7,95.0,95.9,95.4,71.1,66.2,67.1,0.0,0.0,0.0,999.9,999.9,999.9,16,9.1,7.7
16585596,0723,83.0,80.4,79.7,34.9,47.3,48.5,868.1,897.8,897.0,9.8,14.2,15.5,6.2,7.6,7.9,13.0,16.3,14.8,95.0,95.9,95.3,64.9,66.3,67.4,0.0,0.0,0.0,999.9,999.9,999.9,0,9.1,7.6
16585596,0723,74.2,80.4,79.7,57.6,47.2,47.8,871.0,897.8,896.9,39.8,14.0,15.5,11.6,7.6,7.7,11.1,16.3,14.9,99.0,95.9,95.3,66.2,66.3,67.1,0.0,0.0,0.0,999.9,999.9,999.9,18,9.0,7.6
16585596,0723,81.1,80.3,79.3,54.6,47.3,47.9,872.9,897.0,892.6,9.8,14.2,16.5,4.9,7.6,7.9,8.9,16.3,14.9,93.9,96.0,95.7,62.1,66.3,67.0,0.02,0.0,0.0,999.9,999.9,999.9,18,9.0,8.2
16585596,0723,78.4,80.3,79.4,58.4,47.4,48.4,873.6,897.0,892.6,10.0,14.2,16.5,5.6,7.6,7.9,26.0,16.3,14.6,91.9,96.0,95.7,66.2,66.3,66.7,0.0,0.0,0.0,999.9,999.9,999.9,16,9.1,8.8
16585596,0723,87.8,80.3,79.4,57.6,47.4,48.7,869.7,896.3,888.4,9.9,14.2,16.4,4.7,7.6,7.9,8.9,16.3,14.8,90.0,96.0,95.7,59.0,66.3,66.8,0.15,0.0,0.0,999.9,999.9,999.9,48,9.0,9.3
16585596,0723,87.8,80.3,79.3,57.5,47.4,49.0,869.5,896.3,888.3,9.8,14.2,16.4,8.2,7.6,7.8,11.1,16.2,14.8,98.1,96.0,95.5,72.0,66.2,66.3,0.0,0.0,0.0,999.9,999.9,999.9,0,9.3,10.9
16585596,0723,89.6,80.3,79.7,49.3,47.4,49.4,873.1,895.6,888.3,10.0,14.1,16.4,5.3,7.6,7.9,19.0,16.2,14.9,93.9,96.0,95.5,59.0,66.3,66.6,0.11,0.0,0.0,999.9,999.9,999.9,0,9.3,10.9
16585596,0723,81.8,80.4,80.1,54.1,47.4,49.7,999.9,895.6,888.4,9.7,14.0,15.7,6.2,7.6,7.9,13.0,16.3,15.1,95.0,96.0,95.7,64.9,66.2,66.4,0.33,0.0,0.0,999.9,999.9,999.9,0,9.3,10.3
16585596,0723,88.1,80.4,80.1,36.2,47.4,50.0,873.0,896.3,892.6,10.0,14.0,15.7,6.9,7.6,7.9,19.0,16.2,14.6,89.1,96.0,95.7,62.1,66.2,66.2,0.0,0.0,0.0,999.9,999.9,999.9,18,9.3,9.7
16585596,0723,87.8,80.5,80.5,45.0,47.3,49.7,873.5,896.3,892.6,9.8,14.0,15.7,8.1,7.6,7.8,11.1,16.3,14.6,98.1,96.0,95.3,72.0,66.2,66.0,0.15,0.0,0.0,999.9,999.9,999.9,0,9.4,9.8
16585596,0723,76.7,80.5,80.5,50.2,47.3,49.6,869.5,896.3,892.7,22.2,14.0,15.7,10.1,7.6,7.8,11.1,16.3,14.5,102.0,96.0,95.1,57.0,66.3,66.3,0.0,0.0,0.0,999.9,999.9,999.9,0,9.3,9.2
16585596,0723,79.9,80.5,80.6,47.1,47.3,49.4,873.0,896.3,892.6,9.9,13.9,16.1,8.1,7.6,7.8,11.1,16.3,14.4,102.9,96.0,95.3,61.0,66.2,66.1,0.0,0.0,0.0,999.9,999.9,999.9,16,9.2,9.2
16585596,0723,81.8,80.5,80.8,33.1,47.4,49.1,999.9,896.3,892.6,20.3,13.9,16.1,5.3,7.6,7.7,15.9,16.2,14.4,102.9,96.0,95.4,70.0,66.1,65.8,0.0,0.0,0.0,999.9,999.9,999.9,0,9.3,9.7
16585596,0723,69.7,80.5,80.8,54.6,47.2,48.7,873.6,896.3,896.9,10.0,14.0,16.5,7.8,7.6,7.6,19.0,16.2,14.4,95.0,96.0,95.6,57.9,66.2,65.9,0.0,0.0,0.0,999.9,999.9,999.9,0,9.3,9.2
16585596,0723,76.7,80.5,81.1,55.6,47.3,48.7,870.0,896.3,897.1,10.0,14.0,16.5,10.4,7.6,7.7,14.0,16.3,14.7,87.1,96.0,95.7,68.0,66.1,65.3,0.15,0.0,0.0,999.9,999.9,999.9,0,9.2,8.6
16585596,0723,89.2,80.4,81.1,54.1,47.4,49.5,871.0,896.3,897.1,10.0,13.9,15.4,10.1,7.6,7.7,11.1,16.3,14.4,87.1,96.0,95.6,72.0,66.1,65.7,0.33,0.0,0.0,999.9,999.9,999.9,48,9.1,8.6
16585596,0723,81.8,80.5,81.6,41.6,47.4,49.4,869.6,896.3,892.8,9.9,13.9,15.4,10.4,7.6,7.7,17.1,16.3,14.3,89.1,95.9,95.3,71.1,66.1,65.8,0.02,0.0,0.0,999.9,999.9,999.9,18,9.4,10.2
16585596,0723,78.3,80.5,81.7,55.9,47.3,49.1,866.4,896.3,892.8,10.0,13.9,15.4,6.6,7.6,7.8,12.0,16.3,14.4,102.9,95.9,95.2,70.0,66.1,65.8,0.0,0.0,0.0,999.9,999.9,999.9,0,9.5,10.8
16585596,0723,82.8,80.5,81.4,57.2,47.3,49.4,870.4,896.3,892.7,9.7,13.9,15.4,3.7,7.6,7.8,34.0,16.3,14.4,79.0,95.9,95.3,66.2,66.2,66.1,0.0,0.0,0.0,999.9,999.9,999.9,0,9.5,10.8
16585596,0723,88.1,80.6,81.5,46.5,47.4,49.7,873.1,896.3,892.6,10.0,13.8,14.7,6.9,7.6,7.7,22.0,16.3,15.1,93.9,95.9,95.3,71.1,66.2,65.8,0.0,0.0,0.0,999.9,999.9,999.9,0,9.5,10.2
16585596,0723,80.7,80.7,81.8,50.2,47.4,49.8,999.9,896.3,892.7,10.0,13.7,14.8,8.2,7.6,7.5,18.1,16.3,15.5,104.0,95.8,95.1,73.0,66.2,66.1,0.0,0.0,0.0,999.9,999.9,999.9,0,9.4,10.2
16585596,0723,79.9,80.7,81.8,44.6,47.4,49.8,869.5,897.0,892.7,30.7,13.7,14.8,8.1,7.6,7.5,15.9,16.3,15.4,93.9,95.9,95.4,68.0,66.3,66.0,0.0,0.0,0.0,999.9,999.9,999.9,0,9.4,10.2
16585596,0723,81.1,80.7,81.5,46.5,47.4,49.5,871.4,897.0,892.7,9.9,13.8,14.5,9.9,7.6,7.5,17.1,16.4,15.4,102.9,95.9,95.6,66.2,66.3,66.4,0.0,0.0,0.0,999.9,999.9,999.9,18,9.3,10.2
16585596,0723,82.7,80.7,81.5,41.6,47.4,49.3,871.4,896.3,888.5,22.2,13.8,14.4,6.5,7.6,7.6,13.0,16.3,15.7,100.0,95.9,95.7,75.0,66.3,66.5,0.11,0.0,0.0,999.9,999.9,999.9,0,9.4,10.2
16585596,0723,85.2,80.7,81.3,45.0,47.4,48.9,872.4,896.3,888.4,9.8,13.9,14.9,8.1,7.6,7.6,20.0,16.3,15.7,93.0,95.9,96.1,64.9,66.3,67.0,0.0,0.0,0.0,999.9,999.9,999.9,0,9.4,9.6
16585596,0723,78.3,80.7,81.5,45.0,47.5,48.5,999.9,895.6,888.5,9.8,13.9,14.4,6.4,7.6,7.6,24.1,16.3,15.8,99.0,95.8,95.8,73.0,66.3,67.0,0.0,0.0,0.0,999.9,999.9,999.9,0,9.4,9.0
16585596,0723,80.7,80.7,81.4,41.4,47.4,48.8,875.8,895.6,892.8,22.3,13.7,14.4,10.6,7.6,7.5,18.1,16.4,16.1,93.0,95.8,95.9,62.2,66.3,66.9,0.0,0.0,0.0,999.9,999.9,999.9,2,9.4,9.0
16585596,0723,82.7,80.7,81.5,34.9,47.4,48.6,873.6,894.9,893.0,20.3,13.8,14.9,9.9,7.6,7.5,10.1,16.4,16.4,95.0,95.8,95.8,70.0,66.3,66.8,0.0,0.0,0.0,999.9,999.9,999.9,18,9.3,8.5
16585596,0723,69.7,80.7,81.8,34.9,47.3,48.6,873.6,894.9,888.8,10.0,13.9,15.2,10.2,7.6,7.5,18.1,16.3,15.8,99.0,95.8,95.5,62.1,66.3,66.7,0.0,0.0,0.0,999.9,999.9,999.9,16,9.4,9.1
16585596,0723,74.2,80.6,81.4,40.5,47.3,48.0,866.4,894.9,888.8,22.2,13.8,14.5,9.8,7.6,7.7,34.0,16.3,16.0,102.0,95.8,95.4,72.0,66.3,66.6,0.17,0.0,0.0,999.9,999.9,999.9,0,9.5,9.0
16585596,0723,76.8,80.7,81.3,40.5,47.2,47.5,873.1,894.9,888.5,9.7,13.8,13.9,5.1,7.7,7.8,17.1,16.5,16.6,102.0,95.9,95.6,66.2,66.3,66.6,0.0,0.0,0.1,999.9,999.9,999.9,18,9.5,8.5
16585596,0723,80.9,80.6,81.1,45.2,47.1,47.7,873.6,894.2,888.7,22.3,13.8,13.9,11.6,7.6,7.8,8.9,16.5,16.7,93.9,95.9,95.8,72.0,66.3,66.7,0.0,0.0,0.1,999.9,999.9,999.9,0,9.6,9.1
16585596,0723,89.2,80.6,81.3,34.9,47.1,47.3,869.5,893.5,888.7,10.0,13.9,13.3,8.7,7.7,7.8,15.0,16.3,16.6,99.0,95.8,95.7,66.0,66.4,66.9,0.0,0.0,0.1,999.9,999.9,999.9,16,9.5,8.5
16585596,0723,89.2,80.7,81.6,37.5,47.1,46.6,999.9,893.4,888.6,10.0,13.9,13.3,6.3,7.7,7.9,31.1,16.3,16.8,93.9,95.8,95.8,71.1,66.4,67.0,0.0,0.0,0.1,999.9,999.9,999.9,0,9.6,8.4
16585596,0723,78.3,80.8,82.0,54.6,47.0,45.9,871.0,894.2,892.8,10.0,13.8,13.3,10.2,7.7,7.9,10.1,16.4,17.0,93.9,95.8,95.9,70.0,66.4,67.2,0.0,0.0,0.1,999.9,999.9,999.9,0,9.6,7.9
16585596,0723,62.0,80.8,81.7,34.9,47.1,45.8,871.4,894.2,892.9,10.0,13.7,13.3,6.2,7.7,8.1,15.0,16.4,17.0,104.0,95.8,96.0,66.0,66.4,67.5,0.0,0.0,0.0,999.9,999.9,999.9,18,9.5,6.3
16585596,0723,77.1,80.8,80.8,52.0,47.1,45.1,872.4,893.4,892.9,9.9,13.7,13.4,4.7,7.7,8.1,14.0,16.4,17.2,95.0,95.9,96.2,64.9,66.4,67.3,0.0,0.0,0.0,999.9,999.9,999.9,0,9.6,6.9
16585596,0723,82.8,80.7,80.4,46.5,47.1,45.2,873.5,893.5,892.9,9.8,13.5,13.4,9.5,7.7,8.0,12.0,16.3,17.0,102.0,96.0,96.3,70.0,66.4,67.5,0.17,0.0,0.0,999.9,999.9,999.9,2,9.5,6.9
16585596,0723,83.0,80.7,80.4,58.4,47.1,44.9,869.6,893.5,888.7,10.0,13.5,13.4,11.6,7.7,8.1,31.1,16.3,17.0,93.0,96.0,96.5,57.0,66.5,67.7,0.01,0.0,0.0,999.9,999.9,999.9,0,9.5,6.9
16585596,0723,80.7,80.8,80.2,55.9,47.2,45.7,872.4,893.5,888.6,10.0,13.5,13.4,8.7,7.7,8.3,11.1,16.4,17.4,79.0,96.0,96.6,73.9,66.4,67.5,0.11,0.0,0.0,999.9,999.9,999.9,0,9.5,6.3
16585596,0723,78.3,80.8,80.0,54.6,47.2,46.0,871.4,893.5,888.6,9.7,13.5,13.4,4.9,7.7,8.3,15.0,16.4,17.4,95.0,95.9,96.0,71.1,66.4,67.6,0.03,0.0,0.0,999.9,999.9,999.9,18,9.4,6.3
16585596,0723,77.1,80.8,80.1,52.0,47.3,46.2,873.6,893.5,888.6,13.5,13.5,12.9,5.6,7.7,8.1,8.9,16.4,17.5,102.9,95.9,95.7,61.0,66.4,68.1,0.0,0.0,0.0,999.9,999.9,999.9,2,9.4,6.9
16585596,0723,89.6,80.8,80.0,54.5,47.3,46.3,999.9,892.8,888.6,10.0,13.6,13.1,3.7,7.7,8.1,19.0,16.4,17.4,99.0,95.9,95.7,72.0,66.4,68.1,0.0,0.0,0.0,999.9,999.9,999.9,16,9.3,6.5
16585596,0723,87.8,80.9,80.2,47.2,47.3,47.1,870.5,893.5,888.6,10.0,13.6,12.7,10.4,7.7,8.0,13.0,16.4,17.5,93.9,95.9,95.6,61.0,66.4,68.1,0.0,0.0,0.0,999.9,999.9,999.9,0,9.4,7.0
16585596,0723,76.8,80.9,80.8,34.9,47.3,46.8,869.5,893.5,888.5,13.5,13.6,12.7,6.4,7.7,8.1,17.1,16.4,17.3,91.9,95.9,95.6,73.0,66.4,68.2,0.0,0.0,0.0,999.9,999.9,999.9,18,9.4,7.0
16585596,0723,86.8,81.0,80.8,47.2,47.2,46.1,869.0,893.4,888.5,10.0,13.6,12.8,9.6,7.7,8.0,13.0,16.5,17.4,98.1,95.9,95.7,54.0,66.4,68.4,0.33,0.0,0.0,999.9,999.9,999.9,0,9.5,7.6
16585596,0723,74.2,81.0,80.8,54.1,47.1,45.9,869.5,893.4,888.5,9.8,13.4,12.8,7.8,7.7,7.9,15.9,16.4,17.5,79.0,95.9,96.1,57.9,66.4,67.8,0.11,0.0,0.0,999.9,999.9,999.9,0,9.5,6.0
16585596,0723,78.4,80.9,80.5,58.4,47.1,46.3,999.9,893.4,888.5,10.0,13.4,12.8,4.7,7.7,7.9,18.1,16.4,17.5,93.9,95.8,95.8,71.1,66.3,67.4,0.0,0.0,0.0,999.9,999.9,999.9,0,9.4,5.4
16585596,0723,78.4,80.9,80.5,55.9,47.2,46.4,869.5,894.2,892.9,9.9,13.4,12.8,5.3,7.7,7.8,22.0,16.4,17.7,88.7,95.7,95.5,75.9,66.3,67.4,0.0,0.0,0.0,999.9,999.9,999.9,0,9.3,5.4
16585596,0723,81.1,80.9,80.4,57.5,47.3,46.3,872.4,894.2,892.9,9.9,13.4,12.8,6.4,7.6,7.9,8.9,16.5,17.3,102.0,95.7,95.8,66.0,66.4,67.7,0.03,0.0,0.0,999.9,999.9,999.9,18,9.3,5.4
16585596,0723,62.0,80.9,80.1,40.5,47.3,46.7,999.9,894.1,892.9,10.0,13.4,12.8,10.6,7.6,7.8,26.0,16.4,16.8,99.0,95.7,96.1,75.0,66.4,67.6,0.0,0.0,0.0,999.9,999.9,999.9,0,9.4,6.0
16585596,0723,77.1,80.8,79.5,50.9,47.3,46.4,999.9,894.9,892.9,10.0,13.4,12.8,8.7,7.6,7.9,13.0,16.5,17.1,102.0,95.7,95.9,66.0,66.5,67.6,0.0,0.0,0.0,999.9,999.9,999.9,0,9.4,6.0
16585596,0723,79.3,80.7,79.4,41.6,47.2,46.6,999.9,895.6,897.2,9.8,13.3,12.1,9.5,7.6,7.9,14.0,16.5,17.0,91.9,95.7,96.2,64.9,66.5,67.6,0.0,0.0,0.0,999.9,999.9,999.9,18,9.3,6.0
16585596,0723,69.7,80.7,79.3,33.1,47.2,46.4,872.4,896.3,901.5,10.0,13.2,12.1,4.9,7.6,7.9,15.0,16.5,16.9,98.1,95.7,95.8,66.0,66.5,67.5,0.0,0.0,0.0,999.9,999.9,999.9,0,9.4,6.0
16585596,0723,85.2,80.7,78.9,55.9,47.1,46.1,873.6,895.6,901.5,10.0,13.1,11.7,10.2,7.6,7.9,14.0,16.5,17.0,100.0,95.7,95.7,64.9,66.4,67.2,0.02,0.0,0.0,999.9,999.9,999.9,0,9.3,6.0
16585596,0723,86.6,80.7,78.9,50.2,47.2,46.5,872.4,895.6,901.6,10.0,13.1,11.7,4.9,7.6,7.9,13.0,16.5,16.8,104.0,95.7,96.0,62.1,66.4,67.2,0.01,0.0,0.0,999.9,999.9,999.9,0,9.3,6.0
16585596,0723,86.6,80.7,79.2,54.6,47.2,46.7,871.4,895.6,897.3,10.0,13.1,11.8,9.3,7.6,7.9,18.1,16.5,16.4,98.1,95.7,96.1,73.9,66.3,66.8,0.0,0.0,0.0,999.9,999.9,999.9,0,9.2,6.0
16585596,0723,77.5,80.7,79.4,57.2,47.3,47.1,999.9,895.6,897.2,10.0,13.1,11.3,6.3,7.6,7.8,19.0,16.4,16.4,99.0,95.7,96.3,73.9,66.3,67.2,0.15,0.0,0.0,999.9,999.9,999.9,18,9.2,5.9
16585596,0723,86.6,80.7,79.2,57.5,47.3,47.9,999.9,896.3,901.4,10.0,13.1,11.0,6.4,7.6,7.7,14.0,16.4,16.7,102.0,95.7,96.4,73.9,66.4,67.4,0.02,0.0,0.0,999.9,999.9,999.9,18,9.2,5.9
16585596,0723,86.8,80.7,79.8,50.2,47.4,48.6,872.4,896.3,905.6,39.8,13.1,11.0,11.6,7.6,7.6,15.9,16.4,16.5,95.0,95.7,96.5,62.1,66.5,67.8,0.0,0.0,0.0,999.9,999.9,999.9,0,9.2,6.0
16585596,0723,82.7,80.7,80.2,37.5,47.4,48.9,999.9,896.3,905.8,10.0,13.2,11.6,4.7,7.6,7.7,34.0,16.4,15.9,93.9,95.7,96.3,72.0,66.4,67.4,0.0,0.0,0.0,999.9,999.9,999.9,0,9.2,6.0
16585596,0723,80.7,80.7,80.4,55.9,47.4,48.8,869.0,897.0,910.0,10.0,13.2,11.6,9.8,7.6,7.6,13.0,16.6,16.5,99.0,95.7,96.0,64.9,66.4,67.6,0.0,0.0,0.0,999.9,999.9,999.9,18,9.1,5.4
16585596,0723,81.1,80.7,80.4,45.0,47.4,49.2,999.9,897.0,909.9,30.7,13.2,11.2,6.9,7.6,7.6,15.9,16.6,16.6,88.7,95.7,96.2,62.2,66.5,67.4,0.0,0.0,0.0,999.9,999.9,999.9,0,9.2,6.0
16585596,0723,88.1,80.7,80.1,58.4,47.5,49.5,873.1,897.7,914.2,9.9,13.3,11.9,10.4,7.6,7.5,11.1,16.6,16.7,93.0,95.6,95.9,64.9,66.4,67.3,0.0,0.0,0.0,999.9,999.9,999.9,0,9.1,5.5
16585596,0723,79.9,80.8,80.1,33.1,47.5,50.2,866.4,897.7,910.0,9.9,13.3,11.9,9.6,7.6,7.7,15.0,16.5,16.0,93.9,95.6,95.8,71.1,66.4,67.1,0.0,0.0,0.0,999.9,999.9,999.9,18,9.0,5.5
16585596,0723,81.1,80.7,80.1,41.6,47.4,49.5,869.0,897.7,909.8,10.0,13.3,11.9,5.6,7.6,7.6,19.0,16.5,16.2,99.0,95.6,95.8,66.0,66.4,67.1,0.0,0.0,0.0,999.9,999.9,999.9,0,9.1,6.1
16585596,0723,80.3,80.7,80.8,55.9,47.4,49.7,871.5,897.6,909.7,10.0,13.3,11.9,5.1,7.6,7.6,24.3,16.5,16.3,88.7,95.6,95.7,63.0,66.4,67.1,0.0,0.0,0.0,999.9,999.9,999.9,48,9.1,5.5
16585596,0723,81.8,80.7,80.9,54.1,47.5,49.9,999.9,897.6,909.7,20.3,13.3,11.9,4.7,7.6,7.6,13.0,16.6,16.6,93.0,95.6,95.5,68.0,66.4,67.0,0.0,0.0,0.0,999.9,999.9,999.9,18,9.3,7.1
16585596,0723,82.3,80.7,80.8,41.2,47.5,50.1,872.4,898.4,913.9,10.0,13.3,12.2,9.9,7.6,7.5,17.1,16.6,16.7,93.9,95.6,95.2,61.0,66.4,67.0,0.11,0.0,0.0,999.9,999.9,999.9,18,9.3,7.6
16585596,0723,77.5,80.7,80.8,45.2,47.4,49.6,869.5,898.4,914.0,10.0,13.3,12.2,8.8,7.6,7.4,20.0,16.6,16.2,79.0,95.6,95.2,63.0,66.4,67.1,0.0,0.0,0.0,999.9,999.9,999.9,0,9.3,8.2
16585596,0723,62.0,80.7,80.7,41.4,47.4,49.2,999.9,897.6,913.9,14.9,13.3,12.2,7.8,7.6,7.4,31.1,16.6,16.5,102.9,95.5,95.2,63.0,66.5,66.7,0.0,0.0,0.0,999.9,999.9,999.9,0,9.3,8.2
16585596,0723,82.7,80.6,80.2,36.2,47.5,48.8,999.9,898.3,918.2,39.8,13.4,12.4,9.3,7.6,7.5,15.9,16.7,17.0,102.9,95.5,95.5,66.0,66.4,66.5,0.0,0.0,0.0,999.9,999.9,999.9,18,9.2,7.6
16585596,0723,88.1,80.6,80.4,55.9,47.4,48.2,869.5,899.1,922.4,10.0,13.4,13.3,9.6,7.6,7.6,8.9,16.7,17.3,99.0,95.5,95.5,66.2,66.4,66.6,0.0,0.0,0.0,999.9,999.9,999.9,0,9.2,8.1
16585596,0723,76.4,80.7,80.3,45.2,47.5,48.3,999.9,899.1,918.1,10.0,13.4,13.3,5.1,7.7,7.8,10.1,16.6,16.9,93.0,95.6,95.5,68.0,66.4,66.4,0.11,0.0,0.0,999.9,999.9,999.9,18,9.1,7.6
16585596,0723,82.7,80.7,79.9,41.2,47.4,48.2,869.5,899.8,922.4,9.9,13.4,13.3,5.6,7.6,7.7,11.1,16.6,16.8,87.1,95.5,95.4,71.1,66.4,66.7,0.0,0.0,0.0,999.9,999.9,999.9,18,9.2,8.2
16585596,0723,80.3,80.7,80.1,54.6,47.4,48.4,999.9,899.8,922.4,30.7,13.4,13.2,6.6,7.6,7.6,18.1,16.5,16.6,93.0,95.6,95.3,59.0,66.4,66.6,0.17,0.0,0.0,999.9,999.9,999.9,16,9.2,8.2
16585596,0723,82.3,80.7,79.9,54.1,47.4,48.7,999.9,900.5,926.7,14.9,13.4,13.8,8.1,7.6,7.5,26.0,16.6,16.8,95.0,95.6,95.1,71.1,66.4,66.8,0.11,0.0,0.0,999.9,999.9,999.9,0,9.0,8.7
16585596,0723,88.8,80.7,80.2,50.9,47.5,48.7,868.1,901.2,931.1,10.0,13.4,14.0,5.1,7.6,7.5,11.1,16.6,17.2,98.1,95.5,95.6,70.0,66.4,67.2,0.15,0.0,0.0,999.9,999.9,999.9,18,8.7,8.7
16585596,0723,78.4,80.8,80.5,52.0,47.5,48.4,872.4,900.5,926.7,30.7,13.4,14.0,6.9,7.6,7.6,8.9,16.6,16.9,90.0,95.6,95.8,61.0,66.4,67.2,0.11,0.0,0.0,999.9,999.9,999.9,2,8.8,9.3
16585596,0723,82.7,80.7,80.5,46.5,47.6,48.3,872.4,900.5,926.8,9.7,13.6,14.7,8.7,7.5,7.6,15.9,16.5,16.5,99.0,95.5,95.8,66.9,66.4,66.7,0.03,0.0,0.0,999.9,999.9,999.9,0,8.6,9.4
16585596,0723,89.6,80.7,80.6,58.4,47.6,47.9,869.7,899.8,926.8,10.0,13.6,14.7,6.4,7.6,7.7,13.0,16.6,16.7,100.0,95.6,95.7,61.0,66.4,66.7,0.0,0.0,0.0,999.9,999.9,999.9,18,8.6,8.8
16585596,0723,87.8,80.8,81.5,52.0,47.7,48.5,871.4,899.8,922.5,14.9,13.6,14.7,8.8,7.6,7.5,10.1,16.5,16.3,93.9,95.6,95.7,59.0,66.4,66.2,0.02,0.0,0.0,999.9,999.9,999.9,18,8.7,9.4
16585596,0723,74.2,80.8,81.9,52.0,47.6,48.6,872.4,899.8,918.2,9.9,13.6,14.9,10.4,7.6,7.6,19.0,16.5,16.2,93.0,95.6,95.5,62.1,66.4,66.0,0.0,0.0,0.0,999.9,999.9,999.9,0,8.8,10.0
16585596,0723,82.8,80.8,81.7,57.2,47.6,48.9,868.1,899.8,913.9,22.3,13.6,14.9,5.3,7.6,7.6,11.1,16.5,16.4,102.0,95.6,95.5,61.0,66.4,65.9,0.01,0.0,0.0,999.9,999.9,999.9,0,8.7,9.4
16585596,0723,80.3,80.8,82.1,54.1,47.7,49.7,868.1,899.8,913.8,22.2,13.6,15.3,8.2,7.5,7.6,18.1,16.5,16.2,104.0,95.7,95.6,54.0,66.4,65.7,0.0,0.0,0.0,999.9,999.9,999.9,0,8.7,9.4
16585596,0723,88.1,80.9,82.0,48.9,47.7,49.6,871.4,899.7,913.6,22.2,13.7,15.7,8.1,7.5,7.5,12.0,16.5,16.4,95.0,95.7,95.8,57.9,66.3,65.4,0.0,0.0,0.0,999.9,999.9,999.9,0,8.7,9.4
16585596,0723,86.6,80.9,82.0,44.1,47.8,49.6,999.9,899.7,913.6,10.0,13.8,16.1,10.2,7.5,7.6,18.1,16.5,16.3,99.0,95.7,95.5,66.0,66.2,65.2,0.0,0.0,0.0,999.9,999.9,999.9,0,8.6,9.4
16585596,0723,62.0,80.9,82.0,45.2,47.8,49.3,873.0,900.4,917.8,9.9,13.8,16.1,3.7,7.5,7.7,11.1,16.5,16.3,100.0,95.8,95.5,57.9,66.2,65.0,0.0,0.0,0.0,999.9,999.9,999.9,18,8.5,9.4
16585596,0723,82.8,80.8,81.5,45.2,47.8,48.9,871.4,900.5,913.6,10.0,13.8,16.1,9.6,7.5,7.6,15.0,16.4,16.1,99.0,95.8,95.5,62.1,66.1,64.4,0.0,0.0,0.0,999.9,999.9,999.9,0,8.6,9.4
16585596,0723,76.8,80.9,81.4,40.5,47.8,48.4,871.0,900.5,909.3,10.0,13.8,16.1,5.1,7.5,7.7,11.1,16.3,16.1,87.1,95.8,95.4,59.0,66.2,64.0,0.0,0.0,0.0,999.9,999.9,999.9,18,8.6,8.8
16585596,0723,86.8,80.9,81.0,55.9,47.8,48.1,873.6,899.7,909.3,9.7,13.8,15.1,4.7,7.5,7.5,19.0,16.3,15.9,99.0,95.7,95.2,71.1,66.1,63.9,0.0,0.0,0.0,999.9,999.9,999.9,0,8.7,9.4
16585596,0723,77.5,80.9,81.2,49.3,47.8,48.7,870.4,899.8,905.1,10.0,13.6,15.1,9.5,7.5,7.5,18.1,16.4,15.4,90.0,95.8,95.3,62.1,66.2,63.9,0.01,0.0,0.0,999.9,999.9,999.9,18,8.6,9.4
16585596,0723,82.7,80.9,81.1,54.1,47.8,48.5,999.9,899.8,905.1,10.0,13.6,15.1,6.4,7.5,7.5,13.0,16.4,15.6,100.0,95.7,95.0,62.1,66.2,63.8,0.15,0.0,0.0,999.9,999.9,999.9,0,8.7,9.4
16585596,0723,78.4,80.8,81.1,57.6,47.8,48.8,872.7,900.5,905.1,10.0,13.6,14.4,8.8,7.5,7.4,24.1,16.4,15.5,102.0,95.7,95.4,57.0,66.2,63.8,0.0,0.0,0.0,999.9,999.9,999.9,18,8.6,9.4
16585596,0723,81.1,80.8,80.8,36.2,47.8,48.8,866.4,900.5,905.1,10.0,13.6,14.4,5.3,7.5,7.4,24.3,16.4,15.9,99.0,95.7,95.7,66.0,66.2,63.6,0.0,0.0,0.0,999.9,999.9,999.9,0,8.6,10.0
16585596,0723,79.3,80.9,80.8,55.6,47.8,48.9,866.4,900.5,905.1,10.0,13.6,14.4,8.7,7.5,7.2,26.0,16.5,16.3,98.1,95.8,95.9,62.1,66.2,63.4,0.11,0.0,0.0,999.9,999.9,999.9,0,8.6,9.4
16585596,0723,77.1,80.8,80.8,48.9,47.8,49.4,870.4,899.7,905.0,22.3,13.5,14.4,10.4,7.5,7.3,19.0,16.6,16.5,98.1,95.8,95.9,66.0,66.2,63.3,0.33,0.0,0.0,999.9,999.9,999.9,0,8.6,9.4
16585596,0723,81.1,80.8,80.7,45.2,47.8,49.1,873.6,899.0,905.0,10.0,13.5,14.8,8.2,7.6,7.5,19.0,16.5,16.3,90.0,95.8,96.2,73.9,66.2,63.4,0.0,0.0,0.0,999.9,999.9,999.9,18,8.5,7.8
16585596,0723,77.5,80.8,80.6,57.5,47.9,48.8,869.6,898.3,900.8,20.3,13.5,14.5,10.6,7.6,7.6,19.0,16.6,16.5,102.0,95.7,96.1,71.1,66.3,63.6,0.0,0.0,0.0,999.9,999.9,999.9,0,8.5,7.8
16585596,0723,82.8,80.8,80.5,34.9,47.9,49.4,870.5,898.3,900.7,39.8,13.6,14.8,6.3,7.6,7.7,13.0,16.6,16.6,102.9,95.8,96.3,57.0,66.3,63.9,0.0,0.0,0.0,999.9,999.9,999.9,18,8.5,7.2
16585596,0723,83.0,80.8,80.7,57.5,47.8,49.0,999.9,898.3,900.7,9.9,13.7,15.8,6.2,7.6,7.6,19.0,16.6,16.3,79.0,95.8,97.1,62.1,66.3,63.7,0.33,0.0,0.0,999.9,999.9,999.9,0,8.6,7.8
16585596,0723,80.9,80.8,81.4,41.4,47.8,49.6,872.4,899.0,900.7,14.9,13.7,15.6,8.8,7.6,7.5,10.1,16.6,15.9,93.0,95.8,96.3,75.9,66.3,63.7,0.0,0.0,0.1,999.9,999.9,999.9,0,8.5,7.8
16585596,0723,81.8,80.7,81.3,33.1,47.8,49.7,873.6,898.3,896.5,10.0,13.7,14.8,9.8,7.6,7.5,17.1,16.6,15.7,104.0,95.7,96.0,62.1,66.3,64.0,0.0,0.0,0.1,999.9,999.9,999.9,18,8.4,7.2
16585596,0723,88.8,80.7,81.1,57.6,47.7,49.0,872.4,898.3,896.6,10.0,13.7,14.8,5.1,7.6,7.5,8.9,16.6,16.0,98.1,95.8,96.2,54.0,66.3,63.9,0.0,0.0,0.1,999.9,999.9,999.9,0,8.4,7.8
16585596,0723,87.8,80.7,81.5,37.5,47.8,49.4,873.6,897.6,892.3,39.8,13.7,14.8,8.7,7.6,7.5,15.0,16.6,16.0,95.0,95.8,96.3,70.0,66.3,63.4,0.0,0.0,0.1,999.9,999.9,999.9,18,8.3,7.2
16585596,0723,80.9,80.8,81.7,48.9,47.7,49.3,870.4,897.7,892.5,10.0,13.9,15.8,10.2,7.6,7.6,15.0,16.5,16.1,100.0,95.8,96.6,71.1,66.3,63.3,0.11,0.0,0.1,999.9,999.9,999.9,18,8.3,7.2
16585596,0723,81.1,80.7,81.7,50.9,47.7,49.1,873.6,897.7,888.2,9.9,13.9,15.1,5.6,7.6,7.7,11.1,16.5,16.0,102.0,95.9,96.8,66.9,66.3,63.8,0.01,0.0,0.0,999.9,999.9,999.9,0,8.3,7.3
16585596,0723,74.2,80.8,81.7,55.6,47.7,49.0,999.9,897.7,884.0,22.3,13.7,14.9,5.6,7.6,7.7,14.0,16.5,15.5,104.0,95.9,97.1,66.9,66.4,63.6,0.0,0.0,0.0,999.9,999.9,999.9,0,8.3,7.3
16585596,0723,81.8,80.7,81.2,49.3,47.8,49.1,873.6,898.4,888.4,10.0,13.7,15.4,3.7,7.6,7.7,15.9,16.5,15.6,98.1,95.9,97.3,64.9,66.4,63.5,0.0,0.0,0.0,999.9,999.9,999.9,18,8.2,6.7
16585596,0723,87.8,80.7,81.3,57.2,47.8,49.0,872.7,898.4,888.4,20.3,13.7,14.7,6.4,7.6,7.6,11.1,16.5,15.8,89.1,95.9,97.5,63.0,66.4,63.6,0.0,0.0,0.0,999.9,999.9,999.9,18,8.2,7.2
16585596,0723,82.8,80.8,81.4,58.4,47.8,49.4,999.9,898.4,888.4,10.0,13.8,15.0,6.2,7.6,7.5,13.0,16.5,15.7,99.0,95.8,97.2,66.0,66.4,63.5,0.0,0.0,0.0,999.9,999.9,999.9,0,8.2,7.8
16585596,0723,81.1,80.8,81.2,54.1,47.9,49.4,872.7,898.4,892.7,9.9,13.8,15.0,6.9,7.6,7.5,18.1,16.5,15.7,99.0,95.8,97.2,61.0,66.4,63.7,0.02,0.0,0.0,999.9,999.9,999.9,18,8.2,7.2
16585596,0723,89.6,80.8,81.0,47.1,47.9,49.5,869.7,897.7,892.8,9.9,13.8,14.9,11.6,7.5,7.4,18.1,16.4,15.9,93.0,95.9,97.3,66.0,66.4,63.7,0.0,0.0,0.0,999.9,999.9,999.9,0,8.2,7.2
16585596,0723,74.2,80.9,81.5,39.9,47.9,49.3,868.1,897.7,892.7,10.0,13.7,14.9,9.9,7.5,7.5,14.0,16.4,15.9,90.0,95.9,97.3,61.0,66.3,63.9,0.0,0.0,0.0,999.9,999.9,999.9,0,8.2,7.2
16585596,0723,62.0,80.8,81.2,39.9,47.9,48.7,869.5,897.7,892.7,10.0,13.7,14.4,10.1,7.6,7.6,17.1,16.3,16.0,102.9,95.9,96.9,71.1,66.3,63.9,0.0,0.0,0.0,999.9,999.9,999.9,0,8.2,7.2
16585596,0723,76.7,80.7,80.6,57.6,47.8,48.2,999.9,897.6,892.7,9.9,13.7,14.0,10.2,7.6,7.7,15.0,16.2,16.0,102.9,95.9,96.9,62.1,66.4,64.4,0.0,0.0,0.0,999.9,999.9,999.9,0,8.2,7.2
16585596,0723,76.8,80.7,80.2,37.5,47.8,48.5,873.1,897.6,897.0,9.9,13.7,13.6,6.4,7.6,7.7,13.0,16.3,16.1,98.1,96.0,97.2,73.9,66.4,64.6,0.03,0.0,0.0,999.9,999.9,999.9,0,8.1,7.2
16585596,0723,80.7,80.6,79.9,44.1,47.7,48.3,999.9,897.6,892.8,9.8,13.7,13.6,3.7,7.6,7.6,19.0,16.2,15.9,95.0,96.0,97.1,71.1,66.4,64.8,0.0,0.0,0.0,999.9,999.9,999.9,16,8.1,7.2
16585596,0723,82.3,80.6,80.5,57.6,47.7,48.3,999.9,898.4,897.0,41.0,13.7,13.6,3.7,7.6,7.6,12.0,16.2,16.2,104.0,96.0,97.0,57.9,66.4,65.3,0.0,0.0,0.0,999.9,999.9,999.9,0,8.0,7.1
16585596,0723,85.2,80.6,80.5,45.0,47.7,48.7,869.5,898.4,901.3,14.9,13.8,14.7,10.6,7.5,7.4,8.9,16.2,16.1,93.9,96.0,97.1,73.9,66.3,65.1,0.0,0.0,0.0,999.9,999.9,999.9,0,8.0,7.1
16585596,0723,85.2,80.6,80.8,57.5,47.8,48.8,872.4,897.6,901.3,9.9,13.9,14.8,10.2,7.6,7.6,19.0,16.2,16.0,95.0,96.0,97.4,66.2,66.3,65.6,0.15,0.0,0.0,999.9,999.9,999.9,18,8.0,6.5
16585596,0723,82.8,80.7,80.7,54.6,47.9,48.9,866.4,897.7,901.2,10.0,13.8,14.8,8.7,7.6,7.8,22.0,16.2,16.0,93.0,96.0,97.2,66.9,66.4,65.5,0.0,0.0,0.0,999.9,999.9,999.9,0,8.1,7.1
16585596,0723,62.0,80.7,80.9,57.5,47.9,49.1,870.0,897.6,901.1,9.7,13.8,14.8,5.6,7.6,7.8,18.1,16.2,16.1,102.0,96.1,97.3,66.0,66.4,65.6,0.0,0.0,0.0,999.9,999.9,999.9,0,8.1,6.5
16585596,0723,82.7,80.6,80.2,41.2,48.0,49.2,999.9,897.7,896.8,9.7,13.8,14.8,6.4,7.6,7.7,31.1,16.2,16.3,102.0,96.1,97.4,61.0,66.3,65.8,0.0,0.0,0.0,999.9,999.9,999.9,0,8.0,6.5
16585596,0723,81.1,80.6,80.4,54.1,48.0,48.6,869.0,898.4,901.0,10.0,13.8,14.8,8.7,7.6,7.7,13.0,16.2,16.5,102.0,96.1,97.4,62.1,66.3,65.9,0.0,0.0,0.0,999.9,999.9,999.9,18,7.9,5.9
16585596,0723,81.8,80.6,80.4,47.1,48.0,49.2,871.5,898.3,901.1,39.8,13.8,14.8,10.2,7.6,7.8,24.1,16.2,16.2,98.1,96.2,97.5,73.9,66.3,65.8,0.33,0.0,0.0,999.9,999.9,999.9,0,7.9,6.5
16585596,0723,88.1,80.6,80.5,45.0,48.0,49.0,871.5,898.3,901.3,9.7,13.9,15.8,9.5,7.6,7.8,24.3,16.2,16.1,87.1,96.1,97.5,71.1,66.3,66.2,0.0,0.0,0.0,999.9,999.9,999.9,0,7.9,6.5
16585596,0723,69.7,80.6,80.8,57.5,47.9,48.8,870.5,898.3,901.3,30.7,13.9,15.4,5.6,7.6,7.8,11.1,16.2,16.3,93.9,96.1,97.1,62.1,66.4,66.3,0.0,0.0,0.0,999.9,999.9,999.9,0,7.9,6.5
16585596,0723,82.7,80.6,80.4,57.2,48.1,49.2,999.9,898.3,901.2,9.9,14.1,16.1,7.8,7.6,7.7,31.1,16.2,16.0,98.1,96.1,97.3,63.0,66.3,65.9,0.0,0.0,0.0,999.9,999.9,999.9,18,7.9,5.9
16585596,0723,79.3,80.5,80.6,37.5,48.1,49.2,999.9,899.0,905.5,10.0,14.0,15.7,4.9,7.6,7.6,8.9,16.3,16.4,99.0,96.1,97.1,62.1,66.3,65.7,0.0,0.0,0.0,999.9,999.9,999.9,18,7.9,6.5
16585596,0723,79.9,80.5,80.5,54.1,48.1,49.3,873.5,899.8,909.8,9.8,14.0,14.7,10.6,7.6,7.6,11.1,16.3,16.3,93.9,96.1,97.0,70.0,66.3,65.8,0.02,0.0,0.0,999.9,999.9,999.9,18,8.0,6.5
16585596,0723,82.8,80.4,80.4,50.9,48.2,49.2,873.5,899.8,905.6,9.9,13.8,14.7,5.3,7.6,7.7,13.0,16.2,16.0,93.0,96.1,97.5,66.9,66.2,66.1,0.0,0.0,0.0,999.9,999.9,999.9,18,8.0,7.1
16585596,0723,69.7,80.5,80.5,54.6,48.2,49.5,999.9,899.8,905.7,9.9,13.8,14.6,8.2,7.6,7.6,31.1,16.2,16.1,102.9,96.1,97.5,72.0,66.2,65.8,0.0,0.0,0.0,999.9,999.9,999.9,0,7.8,7.7
16585596,0723,88.8,80.4,80.1,57.6,48.2,50.2,869.0,899.8,909.9,10.0,13.8,14.6,8.8,7.6,7.5,13.0,16.2,16.6,95.0,96.1,97.5,68.0,66.3,66.1,0.0,0.0,0.0,999.9,999.9,999.9,0,7.7,7.1
16585596,0723,76.7,80.5,80.1,49.2,48.3,50.2,873.5,899.0,909.8,9.9,13.8,14.6,4.9,7.6,7.7,34.0,16.2,16.7,99.0,96.1,97.4,66.9,66.3,66.6,0.14,0.0,0.0,999.9,999.9,999.9,0,7.7,7.1
16585596,0723,77.5,80.5,79.7,39.9,48.4,50.6,999.9,898.3,909.8,20.3,13.8,13.6,9.3,7.6,7.5,34.0,16.3,17.3,93.9,96.1,97.5,57.0,66.3,66.5,0.0,0.0,0.0,999.9,999.9,999.9,16,7.7,6.5
16585596,0723,83.0,80.5,79.6,37.5,48.3,50.3,871.5,899.1,914.1,9.9,13.9,13.9,9.6,7.6,7.5,24.3,16.5,18.0,99.0,96.1,97.3,63.0,66.3,66.0,0.11,0.0,0.0,999.9,999.9,999.9,0,7.8,6.5
16585596,0723,82.3,80.5,79.6,52.0,48.3,49.9,999.9,899.1,914.0,10.0,13.9,13.9,3.7,7.6,7.6,18.1,16.5,18.4,93.9,96.1,97.2,70.0,66.3,65.9,0.0,0.0,0.0,999.9,999.9,999.9,18,7.8,6.5
16585596,0723,88.1,80.5,79.9,48.9,48.2,49.8,999.9,899.8,914.0,10.0,13.9,13.5,10.6,7.6,7.6,19.0,16.5,18.6,99.0,96.1,96.9,64.9,66.3,66.0,0.17,0.0,0.0,999.9,999.9,999.9,18,7.8,7.1
16585596,0723,88.8,80.6,80.1,52.0,48.3,49.7,999.9,900.5,918.2,10.0,13.8,13.5,8.7,7.7,7.8,15.9,16.5,18.7,93.0,96.2,96.9,54.0,66.3,66.0,0.0,0.0,0.0,999.9,999.9,999.9,48,7.8,7.1
16585596,0723,82.3,80.6,80.1,50.9,48.4,49.6,875.8,901.2,922.5,41.0,13.8,13.1,6.9,7.7,7.9,11.1,16.5,18.8,95.0,96.1,97.0,64.9,66.2,65.7,0.0,0.0,0.0,999.9,999.9,999.9,18,7.8,8.1
16585596,0723,80.7,80.6,80.1,48.9,48.4,49.3,871.4,901.2,918.3,10.0,14.0,14.2,5.3,7.7,7.9,13.0,16.5,18.8,93.0,96.1,96.9,73.9,66.2,65.7,0.33,0.0,0.0,999.9,999.9,999.9,16,7.8,8.7
16585596,0723,78.4,80.6,80.1,44.1,48.4,49.1,999.9,901.2,918.3,10.0,14.0,14.2,8.8,7.7,7.9,15.0,16.4,18.6,102.0,96.1,96.7,57.9,66.2,66.1,0.0,0.0,0.0,999.9,999.9,999.9,2,7.9,8.6
16585596,0723,81.1,80.6,79.7,41.2,48.4,49.0,866.4,901.9,922.6,10.0,14.0,14.2,5.6,7.7,7.8,12.0,16.4,18.5,100.0,96.1,97.0,66.9,66.2,65.8,0.0,0.0,0.0,999.9,999.9,999.9,16,7.9,8.7
16585596,0723,74.2,80.6,80.0,34.9,48.4,49.1,999.9,901.9,922.6,10.0,14.0,14.2,9.8,7.7,7.6,11.1,16.4,18.4,98.1,96.1,97.3,73.0,66.1,66.0,0.0,0.0,0.0,999.9,999.9,999.9,0,8.0,9.2
16585596,0723,69.7,80.5,80.4,33.1,48.3,48.9,873.0,902.6,926.9,9.9,14.0,14.2,10.2,7.7,7.6,13.0,16.3,18.2,89.1,96.1,97.2,71.1,66.2,66.1,0.0,0.0,0.0,999.9,999.9,999.9,18,8.0,9.2
16585596,0723,88.8,80.5,80.1,49.3,48.2,48.1,871.5,902.6,922.7,9.9,14.0,14.2,6.9,7.7,7.6,13.0,16.3,18.1,93.0,96.0,96.7,73.9,66.2,66.4,0.0,0.0,0.0,999.9,999.9,999.9,48,8.1,9.8
16585596,0723,79.9,80.5,80.5,44.6,48.3,48.5,872.9,902.6,922.6,10.0,14.0,14.2,10.1,7.7,7.6,13.0,16.2,18.1,93.9,96.1,96.5,66.0,66.2,66.4,0.0,0.0,0.0,999.9,999.9,999.9,0,8.3,11.4
16585596,0723,89.2,80.5,80.5,49.3,48.3,48.5,872.9,902.7,918.4,22.2,14.0,14.2,4.7,7.7,7.8,11.1,16.2,17.9,99.0,96.0,96.5,61.0,66.2,66.2,0.0,0.0,0.0,999.9,999.9,999.9,0,8.3,10.9
16585596,0723,86.8,80.6,80.7,57.2,48.3,48.2,873.6,902.7,914.2,9.9,14.1,13.6,6.2,7.7,7.9,12.0,16.2,17.9,93.9,96.0,96.3,57.0,66.2,66.3,0.0,0.0,0.0,999.9,999.9,999.9,18,8.2,10.9
16585596,0723,79.9,80.6,80.8,40.5,48.4,48.6,999.9,902.7,914.3,13.5,14.1,13.4,10.6,7.7,7.7,18.1,16.2,18.0,93.9,96.0,96.3,61.0,66.1,65.8,0.17,0.0,0.0,999.9,999.9,999.9,0,8.2,11.5
16585596,0723,80.7,80.6,80.6,45.2,48.3,48.1,869.5,903.4,918.5,9.7,14.1,13.5,10.2,7.7,7.7,24.1,16.3,18.0,93.9,96.0,96.3,64.9,66.1,65.6,0.0,0.0,0.0,999.9,999.9,999.9,18,8.2,10.9
16585596,0723,89.6,80.6,80.6,41.4,48.3,47.8,871.0,902.7,918.6,10.0,14.1,13.5,8.1,7.7,7.8,14.0,16.3,18.1,87.1,96.0,96.3,66.0,66.0,65.5,0.01,0.0,0.0,999.9,999.9,999.9,18,8.3,11.5
16585596,0723,88.8,80.7,81.5,54.6,48.3,47.2,873.6,902.7,918.7,22.3,14.1,13.5,10.2,7.7,7.9,10.1,16.3,17.9,95.0,96.0,95.8,73.9,66.0,65.5,0.0,0.0,0.0,999.9,999.9,999.9,0,8.4,12.1
16585596,0723,80.7,80.7,81.7,34.9,48.3,47.7,873.6,902.0,914.5,41.0,14.1,13.9,8.8,7.8,8.0,13.0,16.3,17.2,93.0,96.0,95.6,71.1,66.1,65.9,0.11,0.0,0.0,999.9,999.9,999.9,18,8.4,12.1
16585596,0723,82.3,80.7,81.7,48.9,48.3,47.0,868.1,902.0,914.6,9.8,14.3,15.0,8.8,7.8,8.0,15.9,16.3,17.2,99.0,96.0,95.3,66.9,66.0,66.2,0.33,0.0,0.0,999.9,999.9,999.9,0,8.5,12.1
16585596,0723,85.2,80.7,81.7,41.6,48.3,47.1,873.1,902.0,914.5,10.0,14.3,14.0,9.6,7.8,8.0,17.1,16.3,16.9,93.0,96.0,95.3,68.0,66.1,66.0,0.0,0.0,0.0,999.9,999.9,999.9,18,8.5,12.1
16585596,0723,78.4,80.7,81.6,46.5,48.3,47.0,872.4,902.0,914.6,10.0,14.2,14.0,9.3,7.8,8.0,19.0,16.3,16.7,104.0,96.0,95.5,71.1,66.1,65.9,0.11,0.0,0.0,999.9,999.9,999.9,0,8.5,12.7
16585596,0723,76.7,80.7,81.9,33.1,48.3,46.6,999.9,902.0,914.6,14.9,14.2,13.3,10.2,7.8,8.1,19.0,16.3,17.0,89.1,96.1,95.9,61.0,66.1,66.2,0.0,0.0,0.1,999.9,999.9,999.9,0,8.4,12.7
16585596,0723,77.5,80.7,81.7,55.9,48.2,45.8,870.5,902.7,914.6,9.9,14.2,13.5,9.9,7.8,8.2,18.1,16.3,16.6,93.9,96.0,95.6,66.9,66.1,66.1,0.0,0.0,0.1,999.9,999.9,999.9,0,8.4,12.1
16585596,0723,80.7,80.7,81.6,46.5,48.3,46.4,872.9,902.7,910.3,10.0,14.2,13.5,5.3,7.8,8.3,19.0,16.3,16.9,102.0,96.0,95.4,66.0,66.1,66.3,0.02,0.0,0.1,999.9,999.9,999.9,0,8.3,11.5
16585596,0723,76.4,80.7,81.6,55.9,48.2,46.2,871.0,902.7,910.3,22.3,14.2,13.5,6.9,7.8,8.2,12.0,16.3,17.1,99.0,96.0,95.7,62.1,66.1,66.2,0.0,0.0,0.1,999.9,999.9,999.9,0,8.3,10.9
16585596,0723,89.6,80.7,81.4,45.2,48.2,46.3,873.0,902.7,910.2,9.9,14.3,13.9,6.6,7.8,8.2,26.0,16.3,17.1,99.0,96.0,95.9,73.9,66.0,66.0,0.15,0.0,0.1,999.9,999.9,999.9,0,8.3,10.3
16585596,0723,83.0,80.8,82.1,39.9,48.2,46.0,872.4,902.7,906.0,10.0,14.3,13.9,6.5,7.8,8.2,14.0,16.4,16.9,102.0,96.0,95.7,70.0,66.1,66.1,0.03,0.0,0.1,999.9,999.9,999.9,0,8.2,10.3
16585596,0723,83.0,80.9,81.9,52.0,48.1,45.4,866.4,902.7,906.1,20.3,14.3,13.9,6.9,7.8,8.1,14.0,16.4,17.0,104.0,96.1,96.0,59.0,66.1,66.1,0.0,0.0,0.1,999.9,999.9,999.9,48,8.1,10.3
16585596,0723,77.5,80.9,82.1,54.1,48.2,45.5,866.4,902.7,905.9,30.7,14.2,14.2,6.9,7.8,8.1,19.0,16.4,16.3,102.9,96.1,96.1,62.2,66.1,65.9,0.11,0.0,0.1,999.9,999.9,999.9,2,8.3,11.9
16585596,0723,88.1,80.9,82.1,36.2,48.2,46.0,869.5,901.9,901.4,10.0,14.3,14.6,11.6,7.8,8.1,11.1,16.4,15.8,95.0,96.2,96.4,66.2,66.0,66.1,0.02,0.0,0.1,999.9,999.9,999.9,18,8.3,11.4
16585596,0723,81.1,81.0,82.3,52.0,48.2,46.0,866.4,901.9,901.3,10.0,14.3,14.6,5.3,7.8,8.1,15.9,16.4,15.4,89.1,96.2,96.3,54.0,66.0,66.2,0.0,0.0,0.1,999.9,999.9,999.9,0,8.4,12.0
16585596,0723,80.3,81.0,82.2,37.5,48.2,46.0,871.4,901.9,896.9,10.0,14.3,14.6,10.1,7.8,8.2,15.9,16.4,15.3,95.0,96.1,96.1,75.9,66.0,65.6,0.14,0.0,0.1,999.9,999.9,999.9,0,8.4,11.4
16585596,0723,79.9,81.0,82.0,41.4,48.1,45.6,871.4,901.9,892.6,10.0,14.2,14.6,9.9,7.8,8.2,15.0,16.4,15.2,95.0,96.2,96.0,66.9,66.0,66.0,0.0,0.0,0.1,999.9,999.9,999.9,0,8.3,10.8
16585596,0723,82.3,81.0,81.7,57.2,48.1,45.2,871.5,901.9,888.3,39.8,14.2,14.6,9.5,7.8,8.2,8.9,16.4,15.2,102.0,96.2,96.1,66.9,66.0,66.4,0.11,0.0,0.1,999.9,999.9,999.9,0,8.3,9.2
16585596,0723,89.6,81.0,81.7,49.2,48.1,45.4,868.1,901.2,888.2,10.0,14.3,14.5,8.8,7.8,8.3,10.1,16.4,15.1,95.0,96.2,96.3,66.9,66.0,66.5,0.0,0.0,0.1,999.9,999.9,999.9,0,8.3,8.6
16585596,0723,81.1,81.0,82.0,46.5,48.1,45.4,875.8,901.2,888.1,10.0,14.2,14.5,4.9,7.8,8.4,15.0,16.4,15.0,102.0,96.3,96.4,63.0,66.0,66.3,0.0,0.0,0.0,999.9,999.9,999.9,16,8.3,8.1
16585596,0723,76.8,81.0,82.1,54.1,48.1,45.5,999.9,900.5,883.9,9.9,14.2,14.5,4.9,7.8,8.3,11.1,16.4,15.0,95.0,96.3,96.4,57.9,66.0,66.4,0.0,0.0,0.0,999.9,999.9,999.9,0,8.3,8.5
16585596,0723,69.7,80.9,81.9,45.0,48.1,46.0,869.5,901.2,888.4,10.0,14.2,14.5,5.3,7.8,8.3,15.0,16.4,15.0,95.0,96.3,96.2,73.9,66.0,66.1,0.0,0.0,0.0,999.9,999.9,999.9,0,8.2,8.0
16585596,0723,81.1,80.9,81.8,41.6,48.0,46.3,869.7,901.2,884.0,10.0,14.1,14.5,5.3,7.7,8.1,17.1,16.4,15.1,102.0,96.3,96.1,70.0,66.0,66.2,0.15,0.0,0.0,999.9,999.9,999.9,18,8.1,8.0
16585596,0723,80.3,80.9,82.2,57.5,48.1,46.6,999.9,901.2,883.9,9.8,14.1,14.5,5.1,7.7,7.9,13.0,16.4,15.2,87.1,96.3,96.5,61.0,66.0,66.1,0.0,0.0,0.0,999.9,999.9,999.9,18,8.2,8.0
16585596,0723,79.9,80.9,81.9,40.5,48.1,46.9,871.4,901.9,888.2,10.0,14.1,14.5,6.9,7.7,7.9,15.0,16.4,15.2,90.0,96.3,96.3,66.9,66.0,65.7,0.0,0.0,0.0,999.9,999.9,999.9,0,8.2,7.0
16585596,0723,62.0,80.9,81.9,47.2,48.1,46.7,873.6,901.2,888.2,30.7,14.1,14.5,10.2,7.7,7.8,10.1,16.3,15.3,93.0,96.2,96.2,71.1,66.0,65.7,0.0,0.0,0.0,999.9,999.9,999.9,0,8.2,7.0
16585596,0723,88.8,80.8,81.0,41.4,48.1,46.6,875.8,901.2,888.2,14.9,14.1,14.8,5.3,7.7,8.0,15.9,16.3,15.3,93.0,96.1,96.0,62.2,66.0,66.1,0.0,0.0,0.0,999.9,999.9,999.9,0,8.1,7.0
16585596,0723,82.7,80.9,81.0,48.9,48.0,46.1,999.9,901.2,888.3,41.0,14.0,15.0,9.9,7.7,7.9,10.1,16.3,15.4,95.0,96.1,96.0,63.0,65.9,66.2,0.01,0.0,0.0,999.9,999.9,999.9,18,8.0,6.4
16585596,0723,77.1,80.9,81.1,55.6,48.1,46.4,999.9,902.0,888.3,9.9,14.1,15.9,6.2,7.7,7.9,18.1,16.3,15.1,91.9,96.1,96.0,64.9,65.9,66.3,0.0,0.0,0.0,999.9,999.9,999.9,16,8.1,7.0
16585596,0723,77.5,80.9,81.0,44.1,48.1,46.7,873.0,902.7,892.6,9.9,14.0,15.9,6.6,7.7,7.8,17.1,16.3,14.9,104.0,96.1,95.9,75.9,65.9,66.3,0.03,0.0,0.0,999.9,999.9,999.9,18,8.1,6.9
16585596,0723,81.1,80.9,80.6,49.3,48.0,46.8,999.9,902.7,892.7,9.9,14.0,15.9,6.9,7.7,7.7,8.9,16.4,15.0,79.0,96.1,96.5,66.0,66.0,66.6,0.0,0.0,0.0,999.9,999.9,999.9,0,8.1,6.9
16585596,0723,83.0,80.9,80.3,57.2,48.0,46.7,999.9,903.4,896.9,13.5,14.0,15.5,5.6,7.7,7.6,14.0,16.3,15.0,100.0,96.1,96.0,66.0,66.0,66.4,0.02,0.0,0.0,999.9,999.9,999.9,18,8.0,6.9
16585596,0723,89.6,80.8,80.4,47.2,48.0,47.4,871.4,904.1,901.1,9.8,14.0,14.6,6.9,7.7,7.5,18.1,16.3,15.0,90.0,96.1,96.2,75.9,66.0,66.2,0.0,0.0,0.0,999.9,999.9,999.9,0,7.9,6.9
16585596,0723,80.9,80.9,80.7,55.9,47.9,47.3,875.8,904.1,901.2,9.9,14.0,14.6,9.6,7.7,7.4,31.1,16.3,15.1,102.9,96.1,95.9,54.0,66.1,66.5,0.11,0.0,0.0,999.9,999.9,999.9,0,7.9,6.9
16585596,0723,78.4,80.8,80.5,41.6,48.0,47.8,872.4,904.1,901.3,14.9,14.0,14.6,5.6,7.7,7.4,12.0,16.4,15.6,93.0,96.1,96.2,71.1,66.0,66.0,0.0,0.0,0.0,999.9,999.9,999.9,2,7.9,6.3
16585596,0723,74.2,80.8,80.5,41.2,47.9,47.7,873.6,903.4,901.3,9.8,14.0,14.7,10.1,7.7,7.3,10.1,16.4,15.3,90.0,96.1,95.9,61.0,66.1,66.0,0.14,0.0,0.0,999.9,999.9,999.9,0,7.9,6.4
16585596,0723,89.2,80.7,80.4,54.1,47.9,47.9,999.9,903.4,897.1,9.8,14.0,14.6,11.6,7.7,7.3,13.0,16.4,15.0,99.0,96.1,95.9,62.1,66.1,66.0,0.0,0.0,0.0,999.9,999.9,999.9,18,7.8,6.4
16585596,0723,81.8,80.7,80.8,40.5,48.0,47.9,871.4,904.1,901.4,10.0,14.0,14.6,4.9,7.8,7.4,10.1,16.4,14.9,88.7,96.1,96.1,70.0,66.0,65.9,0.0,0.0,0.0,999.9,999.9,999.9,2,7.9,7.0
16585596,0723,87.8,80.7,80.9,33.1,47.9,47.7,868.1,904.1,901.3,22.3,14.0,14.6,9.6,7.7,7.4,18.1,16.4,14.6,93.0,96.1,95.6,66.0,66.1,66.0,0.0,0.0,0.0,999.9,999.9,999.9,0,7.9,7.1
16585596,0723,82.3,80.8,81.2,55.6,47.8,46.9,870.0,904.1,901.2,9.8,14.0,14.6,6.9,7.7,7.4,34.0,16.4,14.8,95.0,96.0,95.4,54.0,66.1,66.1,0.0,0.0,0.0,999.9,999.9,999.9,0,7.8,7.1
16585596,0723,80.3,80.8,81.0,54.1,48.0,47.3,872.4,903.4,901.1,22.3,14.0,14.6,6.6,7.8,7.5,19.0,16.5,15.0,89.1,96.0,95.3,54.0,66.0,65.5,0.0,0.0,0.0,999.9,999.9,999.9,0,7.8,7.1
16585596,0723,69.7,80.9,80.9,55.9,48.0,47.7,869.5,903.4,901.1,9.9,14.0,15.0,8.7,7.7,7.5,24.3,16.5,15.2,93.9,95.9,94.9,73.0,66.0,64.9,0.0,0.0,0.0,999.9,999.9,999.9,0,7.8,7.1
16585596,0723,81.1,80.8,80.5,50.2,48.0,47.9,872.7,903.4,901.2,22.2,14.0,14.6,5.6,7.7,7.5,11.1,16.6,15.5,93.0,96.0,94.5,68.0,66.0,65.4,0.0,0.0,0.0,999.9,999.9,999.9,48,7.8,5.5
16585596,0723,86.6,80.8,80.6,55.9,47.9,47.7,871.4,903.4,901.5,10.0,14.1,14.3,6.2,7.7,7.5,18.1,16.6,15.3,93.0,96.0,94.2,62.1,66.0,65.6,0.0,0.0,0.0,999.9,999.9,999.9,18,7.8,7.0
16585596,0723,78.4,80.8,80.5,52.0,48.0,48.4,869.5,903.4,901.5,10.0,14.1,14.3,10.2,7.7,7.3,18.1,16.6,15.5,95.0,96.0,94.1,64.9,65.9,65.5,0.33,0.0,0.0,999.9,999.9,999.9,18,7.8,7.0
16585596,0723,79.3,80.8,80.4,57.2,48.0,48.4,869.5,903.4,901.6,13.5,14.1,14.3,6.4,7.7,7.5,19.0,16.6,15.6,90.0,96.0,94.3,72.0,65.9,65.8,0.02,0.0,0.0,999.9,999.9,999.9,18,7.9,7.6
16585596,0723,88.8,80.8,80.4,55.9,48.0,49.0,871.5,903.4,901.6,14.9,14.1,14.4,8.1,7.7,7.3,8.9,16.5,15.7,90.0,96.0,94.2,62.1,66.0,65.7,0.0,0.0,0.0,999.9,999.9,999.9,18,8.0,8.2
16585596,0723,81.1,80.8,80.7,54.5,48.1,49.5,873.6,903.4,901.6,10.0,14.1,14.6,8.8,7.7,7.3,19.0,16.4,15.5,104.0,96.0,94.0,62.1,65.9,65.5,0.0,0.0,0.0,999.9,999.9,999.9,0,8.1,8.8
16585596,0723,81.1,80.8,80.7,47.1,48.1,49.4,869.0,902.7,901.6,20.3,14.1,13.6,9.3,7.7,7.3,22.0,16.4,15.8,93.9,96.0,94.1,73.9,65.8,65.4,0.0,0.0,0.0,999.9,999.9,999.9,18,8.1,8.8
16585596,0723,81.8,80.8,80.4,54.5,48.1,49.4,871.5,902.7,901.7,10.0,14.1,14.0,5.3,7.7,7.3,11.1,16.5,16.2,89.1,96.0,94.0,66.0,65.9,65.6,0.0,0.0,0.0,999.9,999.9,999.9,0,8.2,9.4
16585596,0723,62.0,80.8,80.4,49.2,48.1,49.6,872.4,902.7,901.5,9.9,14.1,14.0,10.6,7.7,7.3,17.1,16.4,16.1,90.0,95.9,93.6,61.0,65.9,65.7,0.01,0.0,0.0,999.9,999.9,999.9,0,8.1,8.9
16585596,0723,80.9,80.7,79.9,57.6,48.2,49.5,871.5,902.7,897.3,10.0,14.0,14.0,10.2,7.7,7.5,14.0,16.5,16.3,91.9,95.9,93.4,75.0,65.8,65.8,0.0,0.0,0.0,999.9,999.9,999.9,0,8.1,8.9
16585596,0723,80.7,80.7,80.3,49.2,48.3,49.9,869.5,902.7,897.3,20.3,14.0,14.0,10.2,7.8,7.6,11.1,16.4,16.3,99.0,95.9,93.3,61.0,65.9,65.8,0.0,0.0,0.0,999.9,999.9,999.9,18,8.1,8.9
16585596,0723,85.4,80.7,80.3,55.6,48.3,50.1,872.4,902.0,897.3,10.0,14.1,14.3,8.1,7.8,7.8,18.1,16.4,16.1,95.0,95.9,93.2,62.1,65.8,65.5,0.0,0.0,0.0,999.9,999.9,999.9,18,8.2,8.9
16585596,0723,88.8,80.7,80.4,45.0,48.4,50.1,873.0,902.0,893.1,10.0,14.0,14.3,3.7,7.8,7.9,18.1,16.4,16.2,95.0,95.9,93.5,72.0,65.8,65.6,0.15,0.0,0.0,999.9,999.9,999.9,18,8.3,8.9
16585596,0723,79.9,80.7,80.7,36.2,48.4,50.2,875.8,901.9,893.1,9.9,14.0,14.3,10.2,7.7,7.8,19.0,16.4,16.3,102.9,95.9,93.6,71.1,65.8,65.7,0.14,0.0,0.0,999.9,999.9,999.9,0,8.3,9.5
16585596,0723,80.7,80.8,81.3,45.2,48.4,49.9,869.5,902.0,893.2,30.7,14.0,13.6,10.6,7.7,7.8,11.1,16.4,16.6,98.1,95.9,94.0,64.9,65.8,65.7,0.0,0.0,0.0,999.9,999.9,999.9,0,8.2,9.5
16585596,0723,82.3,80.8,81.1,46.5,48.4,50.0,873.5,902.0,893.0,9.9,14.0,14.1,5.1,7.7,8.0,26.0,16.3,16.5,93.9,95.9,94.1,57.9,65.8,65.8,0.0,0.0,0.0,999.9,999.9,999.9,2,8.2,9.5
16585596,0723,83.0,80.9,81.1,41.6,48.5,49.9,870.4,902.0,888.8,10.0,14.0,13.1,5.3,7.7,7.8,13.0,16.3,17.0,102.9,95.8,94.1,73.0,65.8,65.7,0.0,0.0,0.0,999.9,999.9,999.9,0,8.1,8.9
16585596,0723,62.0,80.9,81.3,44.1,48.5,49.4,872.4,902.0,884.5,13.5,13.9,13.1,9.9,7.7,7.8,10.1,16.4,16.8,100.0,95.9,94.5,62.2,65.8,65.9,0.0,0.0,0.0,999.9,999.9,999.9,18,8.1,8.4
16585596,0723,80.7,80.7,80.7,45.2,48.5,49.4,866.4,902.0,884.4,9.9,14.0,13.2,11.6,7.7,7.9,20.0,16.3,16.6,91.9,95.9,94.3,71.1,65.7,65.5,0.0,0.0,0.0,999.9,999.9,999.9,18,8.1,8.4
16585596,0723,80.9,80.7,80.7,33.1,48.6,49.3,873.1,901.2,880.0,10.0,14.0,13.2,6.9,7.7,8.0,24.1,16.3,17.0,102.0,95.9,94.8,71.1,65.7,65.7,0.15,0.0,0.0,999.9,999.9,999.9,18,8.2,9.0
16585596,0723,81.8,80.7,80.7,44.1,48.4,48.5,869.5,901.2,875.8,10.0,14.0,13.1,9.8,7.7,8.1,12.0,16.4,17.3,102.9,95.9,94.8,66.0,65.8,65.8,0.11,0.0,0.0,999.9,999.9,999.9,18,8.3,9.0
16585596,0723,87.8,80.8,80.4,54.5,48.5,48.4,871.4,901.2,875.7,10.0,14.0,13.1,8.8,7.7,8.2,19.0,16.3,17.1,104.0,95.9,95.3,64.9,65.8,65.5,0.11,0.0,0.0,999.9,999.9,999.9,18,8.3,9.6
16585596,0723,80.9,80.8,80.6,34.9,48.5,48.4,868.1,901.2,875.6,20.3,14.0,13.1,5.6,7.8,8.2,14.0,16.4,16.7,93.0,96.0,95.3,73.9,65.8,65.9,0.02,0.0,0.0,999.9,999.9,999.9,0,8.4,10.2
16585596,0723,81.8,80.8,80.7,33.1,48.4,48.1,875.8,901.2,875.4,10.0,14.0,13.3,6.9,7.7,8.2,19.0,16.4,16.8,95.0,95.9,95.3,66.0,65.8,65.9,0.0,0.0,0.0,999.9,999.9,999.9,0,8.4,10.1
16585596,0723,79.9,80.8,81.0,54.6,48.3,47.9,869.7,901.2,875.5,10.0,14.0,13.3,5.3,7.7,8.1,34.0,16.3,17.1,95.0,95.9,95.5,62.1,65.8,66.1,0.11,0.0,0.0,999.9,999.9,999.9,0,8.4,10.1
16585596,0723,85.4,80.8,80.7,49.2,48.3,47.9,870.0,901.2,871.2,22.2,14.0,13.3,11.6,7.7,7.8,15.0,16.4,17.8,104.0,96.0,95.3,73.0,65.8,66.1,0.11,0.0,0.0,999.9,999.9,999.9,0,8.4,9.5
16585596,0723,85.2,80.9,80.8,37.5,48.3,48.2,999.9,901.2,871.1,22.2,14.1,13.7,10.1,7.7,8.1,10.1,16.4,17.9,99.0,96.1,95.9,57.9,65.8,66.2,0.0,0.0,0.0,999.9,999.9,999.9,0,8.3,9.5
16585596,0723,85.2,80.9,80.7,45.2,48.2,48.3,868.1,901.9,875.5,10.0,14.1,13.7,6.2,7.7,8.1,13.0,16.4,17.6,79.0,96.0,96.1,73.0,65.7,65.9,0.15,0.0,0.0,999.9,999.9,999.9,18,8.3,9.5
16585596,0723,79.9,80.9,80.8,50.2,48.1,48.0,869.5,901.2,875.4,14.9,14.1,13.7,6.4,7.8,8.1,13.0,16.4,16.9,93.0,95.9,95.5,63.0,65.8,66.6,0.0,0.0,0.0,999.9,999.9,999.9,0,8.3,10.1
16585596,0723,78.4,80.8,80.8,41.4,48.1,47.8,873.5,901.2,875.3,10.0,14.2,13.5,10.6,7.7,8.1,15.9,16.4,16.7,90.0,95.9,95.6,68.0,65.8,66.9,0.14,0.0,0.0,999.9,999.9,999.9,0,8.3,10.1
16585596,0723,79.9,80.9,81.1,54.1,48.2,47.4,999.9,901.2,875.5,10.0,14.1,13.5,8.7,7.8,8.1,13.0,16.4,16.5,99.0,95.9,95.5,68.0,65.7,66.7,0.02,0.0,0.1,999.9,999.9,999.9,18,8.2,10.1
16585596,0723,82.7,80.8,81.0,48.9,48.2,47.5,869.5,901.9,879.7,22.2,14.1,13.1,6.9,7.8,8.2,24.1,16.4,16.5,93.9,95.9,95.7,61.0,65.8,66.7,0.0,0.0,0.1,999.9,999.9,999.9,18,8.3,9.1
16585596,0723,83.0,80.9,80.9,40.5,48.2,47.2,871.4,901.9,879.6,10.0,14.2,13.5,7.8,7.8,8.2,11.1,16.4,16.7,99.0,96.0,95.7,62.1,65.8,66.7,0.0,0.0,0.1,999.9,999.9,999.9,0,8.4,9.1
16585596,0723,76.7,80.9,81.0,36.2,48.1,46.9,872.7,901.2,879.7,10.0,14.2,13.5,9.5,7.8,8.2,11.1,16.4,16.5,95.0,96.0,95.9,75.9,65.8,66.6,0.0,0.0,0.0,999.9,999.9,999.9,0,8.4,8.5
16585596,0723,77.5,80.9,81.0,57.6,48.0,46.2,866.4,901.2,879.8,9.8,14.2,13.4,8.7,7.8,8.3,20.0,16.3,16.2,93.0,96.1,96.0,61.0,65.8,66.7,0.0,0.0,0.0,999.9,999.9,999.9,18,8.4,7.9
16585596,0723,74.2,80.9,80.6,41.2,48.0,46.2,869.0,901.2,879.6,10.0,14.2,13.2,6.6,7.8,8.3,11.1,16.4,16.6,102.9,96.0,96.1,73.0,65.8,66.7,0.0,0.0,0.0,999.9,999.9,999.9,0,8.4,7.9
16585596,0723,88.1,80.9,80.3,57.2,48.0,45.8,873.0,900.5,879.5,9.9,14.2,13.2,6.4,7.8,8.2,18.1,16.3,16.3,93.0,96.0,96.1,68.0,65.7,67.0,0.02,0.0,0.0,999.9,999.9,999.9,18,8.4,7.9
16585596,0723,89.2,81.0,80.6,57.2,48.0,46.1,873.0,899.8,879.6,9.8,14.2,12.9,6.6,7.8,8.1,26.0,16.4,16.2,88.7,96.0,96.1,61.0,65.8,66.8,0.0,0.0,0.0,999.9,999.9,999.9,18,8.5,7.9
16585596,0723,69.7,81.0,80.8,55.9,48.1,46.2,869.5,899.1,879.7,9.9,14.2,12.8,9.3,7.8,8.2,15.9,16.4,16.7,98.1,96.0,96.1,54.0,65.7,66.7,0.0,0.0,0.0,999.9,999.9,999.9,18,8.5,8.5
16585596,0723,79.9,81.0,81.1,49.2,48.2,46.4,869.5,899.0,879.6,10.0,14.2,12.8,6.2,7.8,8.1,24.1,16.4,16.7,95.0,96.0,96.3,71.1,65.7,66.4,0.0,0.0,0.0,999.9,999.9,999.9,0,8.6,9.1
16585596,0723,76.4,81.0,81.1,54.1,48.2,46.1,872.9,899.0,879.5,10.0,14.2,12.8,6.4,7.8,8.0,14.0,16.5,17.0,95.0,95.9,96.4,66.0,65.7,66.3,0.0,0.0,0.0,999.9,999.9,999.9,18,8.6,9.1
16585596,0723,76.7,81.0,80.9,54.1,48.2,46.3,869.6,899.0,879.6,14.9,14.2,12.5,6.3,7.8,7.9,10.1,16.5,17.1,88.7,95.9,96.3,54.0,65.7,66.5,0.02,0.0,0.0,999.9,999.9,999.9,0,8.7,9.1
16585596,0723,76.8,80.9,80.6,47.1,48.2,46.3,869.5,899.0,879.5,10.0,14.2,12.7,8.1,7.8,7.8,12.0,16.4,16.8,99.0,95.8,96.1,61.0,65.6,66.2,0.02,0.0,0.0,999.9,999.9,999.9,18,8.7,8.5
16585596,0723,79.9,80.9,80.2,41.4,48.2,46.3,869.7,898.3,879.4,10.0,14.2,12.7,9.9,7.8,7.9,15.9,16.4,16.6,99.0,95.8,96.2,66.2,65.5,65.8,0.0,0.0,0.0,999.9,999.9,999.9,0,8.7,8.5
16585596,0723,85.4,80.9,80.2,33.1,48.1,46.5,868.1,897.6,879.2,9.7,14.2,12.7,9.9,7.8,7.9,13.0,16.4,16.5,102.9,95.8,96.1,66.0,65.5,65.7,0.0,0.0,0.0,999.9,999.9,999.9,16,8.6,8.5
16585596,0723,83.0,80.9,80.4,41.2,48.0,46.1,872.7,897.5,879.2,10.0,14.1,12.0,6.2,7.8,7.9,11.1,16.4,16.6,98.1,95.9,96.3,70.0,65.5,65.7,0.0,0.0,0.0,999.9,999.9,999.9,2,8.7,9.0
16585596,0723,81.1,80.9,80.4,40.5,48.0,45.9,869.5,896.8,879.1,30.7,14.1,12.0,6.4,7.8,8.0,24.3,16.3,16.1,100.0,95.9,96.4,71.1,65.5,66.1,0.0,0.0,0.0,999.9,999.9,999.9,0,8.7,9.0
16585596,0723,80.7,80.9,80.3,48.9,47.9,45.9,869.5,896.8,879.1,39.8,14.2,12.7,10.2,7.8,8.0,10.1,16.3,16.5,93.0,95.9,96.3,73.0,65.5,66.1,0.02,0.0,0.0,999.9,999.9,999.9,0,8.6,9.0
16585596,0723,78.4,80.9,81.0,37.5,47.9,46.0,869.0,896.1,879.0,22.2,14.2,13.5,6.9,7.8,8.0,18.1,16.3,16.5,90.0,95.9,96.1,70.0,65.6,66.4,0.0,0.0,0.0,999.9,999.9,999.9,18,8.6,8.4
16585596,0723,77.1,80.8,80.9,49.2,47.8,45.8,999.9,896.1,879.1,10.0,14.3,13.9,8.2,7.8,7.8,24.1,16.3,16.4,88.7,95.9,96.0,70.0,65.6,66.4,0.0,0.0,0.0,999.9,999.9,999.9,0,8.7,8.4
16585596,0723,82.8,80.8,80.8,45.2,47.9,46.3,868.1,896.8,883.3,10.0,14.3,13.9,6.3,7.8,7.9,22.0,16.4,16.4,87.1,95.9,95.6,66.0,65.6,66.3,0.03,0.0,0.0,999.9,999.9,999.9,18,8.6,7.8
16585596,0723,78.4,80.8,80.8,50.9,47.9,46.4,868.1,896.8,883.3,10.0,14.3,13.9,6.6,7.8,7.8,34.0,16.4,16.7,99.0,95.8,95.0,72.0,65.6,66.3,0.0,0.0,0.0,999.9,999.9,999.9,18,8.7,7.8
16585596,0723,88.1,80.8,80.5,45.0,47.9,46.2,866.4,896.8,883.2,10.0,14.3,13.9,10.4,7.8,7.7,22.0,16.5,17.2,87.1,95.9,94.9,61.0,65.7,66.6,0.0,0.0,0.0,999.9,999.9,999.9,18,8.6,7.8
16585596,0723,82.8,80.8,80.7,41.4,47.8,46.6,999.9,896.1,883.1,10.0,14.2,13.6,8.2,7.8,7.9,34.0,16.5,17.5,91.9,95.8,94.7,72.0,65.6,66.1,0.0,0.0,0.0,999.9,999.9,999.9,0,8.6,8.4
16585596,0723,89.6,80.8,80.8,34.9,47.8,46.9,873.0,896.8,887.2,10.0,14.2,13.6,10.4,7.8,7.9,20.0,16.6,18.0,88.7,95.8,94.6,71.1,65.7,66.3,0.0,0.0,0.0,999.9,999.9,999.9,18,8.5,8.4
16585596,0723,77.5,80.9,81.1,57.2,47.8,46.2,999.9,896.8,887.4,9.9,14.2,13.6,8.1,7.8,8.1,24.3,16.6,17.5,99.0,95.9,94.4,70.0,65.7,66.6,0.0,0.0,0.0,999.9,999.9,999.9,18,8.6,9.0
16585596,0723,76.4,81.0,80.8,54.6,47.9,46.5,871.4,896.8,891.7,9.8,14.2,13.2,10.2,7.8,7.9,12.0,16.6,17.9,90.0,95.9,94.2,62.1,65.8,66.5,0.0,0.0,0.0,999.9,999.9,999.9,0,8.7,9.6
16585596,0723,85.4,80.9,80.5,49.2,48.0,47.0,999.9,896.1,887.4,9.9,14.1,12.8,6.9,7.8,8.0,15.0,16.5,17.9,99.0,95.8,93.9,71.1,65.8,66.7,0.0,0.0,0.0,999.9,999.9,999.9,0,8.6,9.6
16585596,0723,85.4,80.9,80.5,34.9,47.9,47.2,875.8,896.8,891.8,22.2,14.1,12.8,3.7,7.8,8.0,15.0,16.6,18.0,88.7,95.8,94.6,70.0,65.8,66.6,0.14,0.0,0.0,999.9,999.9,999.9,0,8.6,9.0
16585596,0723,89.2,81.0,80.7,57.6,47.9,46.7,872.4,896.1,892.0,10.0,14.1,13.0,6.5,7.8,7.9,8.9,16.6,18.0,99.0,95.8,94.4,61.0,65.8,66.9,0.0,0.0,0.0,999.9,999.9,999.9,0,8.5,9.0
16585596,0723,82.3,81.0,81.1,33.1,48.0,47.2,869.5,896.1,892.0,9.9,14.1,13.0,6.6,7.8,7.7,13.0,16.6,17.8,90.0,95.8,94.7,72.0,65.7,66.6,0.0,0.0,0.0,999.9,999.9,999.9,18,8.4,9.0
16585596,0723,88.8,81.0,81.1,33.1,47.9,46.5,869.5,895.4,887.6,41.0,14.0,13.0,9.9,7.8,7.7,19.0,16.6,17.8,102.0,95.8,94.4,71.1,65.8,66.8,0.14,0.0,0.0,999.9,999.9,999.9,18,8.4,9.0
16585596,0723,85.2,81.1,81.3,48.9,47.7,46.0,873.1,894.7,887.6,10.0,14.1,13.6,4.7,7.8,7.8,8.9,16.5,17.6,99.0,95.9,94.7,62.1,65.8,67.1,0.0,0.0,0.0,999.9,999.9,999.9,0,8.5,9.0
16585596,0723,62.0,81.0,81.4,54.1,47.7,46.3,871.0,894.7,887.7,10.0,14.1,13.6,4.9,7.8,7.7,10.1,16.5,17.6,93.0,95.9,94.7,71.1,65.8,67.1,0.02,0.0,0.0,999.9,999.9,999.9,18,8.4,9.0
16585596,0723,81.1,80.9,80.9,54.1,47.7,46.8,873.6,894.7,887.6,10.0,14.0,13.6,5.3,7.8,7.5,10.1,16.5,17.5,98.1,95.9,94.6,59.0,65.8,66.9,0.0,0.0,0.0,999.9,999.9,999.9,0,8.5,9.6
16585596,0723,86.6,80.9,81.1,41.6,47.8,46.7,869.5,894.7,887.9,10.0,14.0,13.7,9.8,7.8,7.4,12.0,16.5,17.2,102.9,95.9,94.8,75.9,65.8,66.9,0.14,0.0,0.0,999.9,999.9,999.9,0,8.5,9.0
16585596,0723,74.2,80.9,81.5,41.6,47.7,46.7,872.7,894.7,887.9,10.0,14.0,13.7,9.8,7.8,7.5,18.1,16.5,17.2,102.9,95.9,94.8,66.0,65.9,67.0,0.11,0.0,0.0,999.9,999.9,999.9,18,8.4,9.0
16585596,0723,69.7,80.8,81.0,36.2,47.6,46.2,999.9,894.7,887.9,14.9,14.0,13.7,11.6,7.8,7.6,15.0,16.5,17.2,99.0,95.9,95.1,70.0,65.9,66.9,0.0,0.0,0.0,999.9,999.9,999.9,0,8.4,9.0
16585596,0723,88.8,80.8,80.4,36.2,47.5,45.5,870.5,895.4,892.1,9.9,14.0,13.8,6.9,7.8,7.8,12.0,16.5,16.9,89.1,96.0,95.5,68.0,65.9,67.2,0.33,0.0,0.0,999.9,999.9,999.9,18,8.4,8.4
16585596,0723,88.1,80.9,81.0,55.9,47.4,44.9,999.9,895.4,892.1,41.0,14.0,13.8,3.7,7.8,7.7,14.0,16.5,16.7,93.9,95.9,95.2,73.9,66.0,67.7,0.0,0.0,0.0,999.9,999.9,999.9,18,8.5,8.4
16585596,0723,78.4,80.9,81.3,49.3,47.4,45.1,869.6,896.2,896.5,10.0,14.1,14.9,10.6,7.8,7.6,20.0,16.5,16.4,99.0,95.8,95.1,57.0,66.1,67.8,0.0,0.0,0.0,999.9,999.9,999.9,0,8.6,9.0
16585596,0723,80.7,80.8,81.3,39.9,47.4,44.9,868.1,896.2,896.4,9.9,14.0,14.9,6.2,7.8,7.8,18.1,16.5,16.6,102.0,95.9,95.3,57.0,66.1,67.5,0.11,0.0,0.0,999.9,999.9,999.9,0,8.6,8.4
16585596,0723,80.9,80.8,81.5,54.1,47.4,44.5,872.4,895.4,896.3,41.0,14.0,14.7,8.1,7.8,7.8,10.1,16.5,16.9,100.0,95.9,95.7,62.1,66.0,67.6,0.0,0.0,0.0,999.9,999.9,999.9,18,8.6,8.4
16585596,0723,78.3,80.9,81.6,57.2,47.5,44.7,999.9,895.4,896.4,22.2,14.2,15.7,6.2,7.8,7.8,14.0,16.5,16.8,102.9,95.9,95.7,73.0,66.1,67.6,0.0,0.0,0.0,999.9,999.9,999.9,0,8.6,8.4
16585596,0723,81.1,80.9,81.5,54.6,47.5,45.2,870.5,896.1,900.8,30.7,14.2,16.1,10.1,7.8,7.6,10.1,16.5,16.7,93.0,95.9,95.9,62.1,66.1,67.8,0.0,0.0,0.0,999.9,999.9,999.9,0,8.6,8.4
16585596,0723,86.6,80.9,81.4,45.0,47.6,45.9,870.0,896.1,900.8,10.0,14.4,16.8,5.1,7.8,7.7,15.9,16.5,16.6,90.0,95.9,95.5,61.0,66.1,67.7,0.0,0.0,0.0,999.9,999.9,999.9,18,8.5,7.9
16585596,0723,77.5,80.9,81.5,39.9,47.5,46.1,870.5,896.1,900.8,22.3,14.4,16.8,8.7,7.8,7.6,10.1,16.5,16.8,88.7,95.9,95.3,54.0,66.1,67.4,0.02,0.0,0.0,999.9,999.9,999.9,0,8.6,8.4
16585596,0723,74.2,80.9,81.4,47.2,47.5,46.0,871.4,896.1,900.8,10.0,14.4,16.6,5.6,7.8,7.7,15.9,16.5,16.3,93.0,95.9,94.9,66.0,66.0,66.8,0.14,0.0,0.0,999.9,999.9,999.9,0,8.5,8.4
16585596,0723,80.3,80.9,81.2,40.5,47.5,46.0,873.0,895.4,900.8,10.0,14.4,15.6,8.2,7.8,7.5,15.9,16.5,16.5,95.0,95.8,94.9,73.9,66.1,66.6,0.14,0.0,0.0,999.9,999.9,999.9,18,8.5,8.4
16585596,0723,80.9,80.9,81.2,52.0,47.4,46.1,873.0,895.4,901.0,10.0,14.4,15.2,5.6,7.8,7.6,14.0,16.4,16.5,93.9,95.8,95.1,70.0,66.2,66.7,0.0,0.0,0.0,999.9,999.9,999.9,0,8.5,8.4
16585596,0723,62.0,80.9,81.4,49.2,47.4,46.2,868.1,895.4,896.8,10.0,14.4,15.2,6.2,7.8,7.5,19.0,16.4,16.1,99.0,95.8,95.2,66.0,66.2,66.7,0.0,0.0,0.0,999.9,999.9,999.9,0,8.5,8.4
16585596,0723,77.1,80.8,80.7,39.9,47.4,46.3,868.1,895.4,896.8,9.8,14.4,15.2,10.6,7.8,7.5,18.1,16.3,16.0,102.9,95.8,95.6,64.9,66.2,66.7,0.01,0.0,0.0,999.9,999.9,999.9,18,8.5,7.8
16585596,0723,85.4,80.8,80.6,58.4,47.4,45.9,872.7,895.4,896.8,9.9,14.4,15.1,8.2,7.8,7.6,10.1,16.3,15.5,99.0,95.8,95.8,75.9,66.2,66.5,0.0,0.0,0.0,999.9,999.9,999.9,18,8.6,7.8
16585596,0723,88.1,80.8,80.5,34.9,47.4,46.4,869.5,895.4,897.0,10.0,14.4,15.1,3.7,7.8,7.6,19.0,16.3,15.1,93.9,95.9,96.2,72.0,66.2,67.0,0.15,0.0,0.0,999.9,999.9,999.9,18,8.6,7.8
16585596,0723,85.2,80.9,80.7,41.6,47.3,46.2,871.0,895.4,892.6,9.7,14.3,15.1,8.7,7.7,7.4,19.0,16.3,14.6,93.9,95.8,96.2,66.0,66.2,67.0,0.0,0.0,0.0,999.9,999.9,999.9,18,8.7,8.4
16585596,0723,80.7,80.9,80.6,33.1,47.3,46.4,872.9,895.4,892.5,9.7,14.1,15.1,9.6,7.8,7.3,31.1,16.3,14.6,102.0,95.8,96.4,73.9,66.3,66.8,0.11,0.0,0.0,999.9,999.9,999.9,0,8.7,8.4
16585596,0723,85.2,80.9,80.7,47.1,47.2,45.6,875.8,894.7,888.3,10.0,14.1,15.1,9.6,7.8,7.4,15.9,16.4,14.8,102.9,95.9,96.5,66.9,66.3,66.9,0.0,0.0,0.1,999.9,999.9,999.9,0,8.7,7.8
16585596,0723,82.3,80.9,81.0,55.6,47.2,45.3,873.0,894.7,888.5,10.0,14.1,15.1,3.7,7.8,7.4,24.1,16.4,14.9,93.9,95.9,96.9,66.9,66.3,67.1,0.0,0.0,0.1,999.9,999.9,999.9,18,8.7,7.8
16585596,0723,76.7,80.9,80.9,54.6,47.4,45.6,871.0,894.7,884.2,10.0,14.1,15.1,6.3,7.7,7.3,11.1,16.4,15.2,95.0,95.9,96.8,70.0,66.3,67.0,0.15,0.0,0.1,999.9,999.9,999.9,18,8.7,8.4
16585596,0723,85.4,80.8,80.6,48.9,47.4,46.2,875.8,894.7,884.1,9.8,14.1,14.7,6.4,7.8,7.4,18.1,16.5,15.1,95.0,95.9,97.0,66.9,66.4,67.0,0.0,0.0,0.1,999.9,999.9,999.9,0,8.8,9.0
16585596,0723,77.1,80.8,80.5,41.4,47.4,45.9,999.9,894.7,884.2,9.9,13.9,14.7,6.6,7.7,7.4,34.0,16.5,15.4,91.9,95.9,96.8,73.9,66.4,67.2,0.0,0.0,0.1,999.9,999.9,999.9,2,8.7,9.0
16585596,0723,81.8,80.8,80.3,54.5,47.4,46.2,873.6,895.5,888.5,9.9,13.9,14.7,4.9,7.7,7.4,12.0,16.6,16.1,91.9,95.8,96.9,62.2,66.4,67.2,0.17,0.0,0.1,999.9,999.9,999.9,48,8.6,8.5
16585596,0723,83.0,80.8,80.1,55.6,47.4,46.9,873.6,895.5,888.7,10.0,13.9,13.7,6.3,7.7,7.2,34.0,16.6,15.9,89.1,95.8,96.6,71.1,66.4,66.9,0.11,0.0,0.1,999.9,999.9,999.9,16,8.8,9.5
16585596,0723,79.3,80.8,80.0,41.2,47.4,47.1,870.4,894.8,888.7,9.9,13.9,13.7,5.1,7.7,7.2,8.9,16.7,16.7,93.9,95.7,96.2,75.0,66.4,67.2,0.0,0.0,0.1,999.9,999.9,999.9,0,8.9,10.0
16585596,0723,81.8,80.8,80.6,54.6,47.3,46.7,999.9,894.7,888.7,22.2,13.9,13.7,6.5,7.7,7.2,10.1,16.7,16.7,99.0,95.7,96.3,72.0,66.4,67.4,0.0,0.0,0.1,999.9,999.9,999.9,18,8.8,9.4
16585596,0723,88.8,80.8,80.6,47.1,47.3,46.7,999.9,895.5,892.9,9.9,13.9,14.1,9.3,7.7,7.3,13.0,16.7,16.7,93.0,95.7,96.3,62.1,66.5,67.8,0.02,0.0,0.1,999.9,999.9,999.9,0,8.8,10.0
16585596,0723,89.2,80.8,80.7,47.2,47.3,46.9,870.4,895.5,897.2,13.5,13.9,14.1,9.9,7.7,7.3,34.0,16.7,16.7,99.0,95.7,96.0,66.9,66.5,67.3,0.0,0.0,0.1,999.9,999.9,999.9,0,8.8,10.0
16585596,0723,79.9,80.9,81.2,45.2,47.2,47.1,871.4,895.4,897.1,14.9,13.9,14.2,10.2,7.8,7.3,31.1,16.7,17.2,95.0,95.7,95.8,73.9,66.5,67.4,0.0,0.0,0.0,999.9,999.9,999.9,18,8.7,9.4
16585596,0723,76.4,80.8,81.5,37.5,47.2,47.4,873.6,895.5,892.9,10.0,13.9,14.2,6.5,7.8,7.2,11.1,16.8,17.8,95.0,95.7,95.7,71.1,66.6,67.5,0.11,0.0,0.0,999.9,999.9,999.9,0,8.8,10.0
16585596,0723,89.2,80.8,81.1,50.2,47.2,47.4,869.6,895.5,893.0,22.3,13.9,14.2,10.6,7.7,7.2,8.9,16.8,17.7,95.0,95.7,95.9,66.0,66.6,67.6,0.0,0.0,0.0,999.9,999.9,999.9,0,8.8,9.4
16585596,0723,77.1,81.0,81.1,44.6,47.3,47.2,872.4,895.5,888.6,10.0,14.0,13.6,6.3,7.7,7.4,15.0,16.8,17.6,89.1,95.7,95.9,66.9,66.6,67.3,0.0,0.0,0.0,999.9,999.9,999.9,0,8.8,8.8
16585596,0723,89.2,81.0,81.1,48.9,47.2,47.1,872.4,894.8,888.7,9.8,14.0,13.6,10.6,7.7,7.3,18.1,16.8,17.4,102.9,95.6,95.6,66.9,66.6,67.7,0.0,0.0,0.0,999.9,999.9,999.9,0,8.8,8.8
16585596,0723,80.9,81.1,81.4,54.6,47.3,47.4,872.7,894.8,888.9,10.0,14.0,13.6,8.8,7.7,7.4,10.1,16.8,17.4,93.0,95.6,95.6,62.2,66.6,68.0,0.0,0.0,0.0,999.9,999.9,999.9,0,8.8,8.8
16585596,0723,77.5,81.1,81.4,50.2,47.3,47.4,871.4,894.1,888.9,10.0,14.0,12.5,9.6,7.8,7.5,15.9,16.7,17.4,93.0,95.6,95.4,62.1,66.5,68.0,0.0,0.0,0.0,999.9,999.9,999.9,0,8.7,8.2
16585596,0723,85.2,81.0,81.3,45.2,47.3,47.2,872.7,893.3,884.6,9.9,13.8,12.1,5.3,7.8,7.6,13.0,16.8,17.5,99.0,95.6,95.1,66.0,66.5,67.6,0.0,0.0,0.0,999.9,999.9,999.9,0,8.7,8.2
16585596,0723,77.1,81.0,81.5,52.0,47.3,46.9,999.9,893.4,884.7,14.9,13.8,11.4,10.1,7.8,7.4,18.1,16.8,17.6,102.9,95.6,95.3,64.9,66.5,67.8,0.11,0.0,0.0,999.9,999.9,999.9,18,8.7,8.2
16585596,0723,88.8,81.0,81.2,48.9,47.2,47.1,869.7,894.1,889.0,13.5,13.8,11.6,6.6,7.8,7.6,34.0,16.8,17.6,89.1,95.6,95.7,61.0,66.5,67.9,0.17,0.0,0.0,999.9,999.9,999.9,0,8.7,8.2
16585596,0723,81.8,81.0,81.5,45.2,47.2,47.4,873.0,894.1,889.0,9.7,13.8,11.3,6.6,7.8,7.5,18.1,16.8,18.4,93.0,95.6,95.7,57.0,66.5,68.1,0.0,0.0,0.0,999.9,999.9,999.9,0,8.7,8.2
16585596,0723,81.1,81.1,81.8,39.9,47.1,47.3,869.5,894.1,889.0,10.0,13.8,11.3,9.5,7.8,7.6,15.9,16.8,18.5,87.1,95.6,95.7,73.9,66.4,67.8,0.0,0.0,0.0,999.9,999.9,999.9,18,8.7,8.2
16585596,0723,81.1,81.1,81.8,45.0,47.1,47.3,869.0,893.4,888.9,9.9,13.8,11.3,11.6,7.8,7.6,19.0,16.8,18.5,98.1,95.5,95.4,62.2,66.5,67.8,0.0,0.0,0.0,999.9,999.9,999.9,16,8.8,8.2
16585596,0723,82.3,81.1,81.8,36.2,47.1,47.1,873.0,893.4,888.8,10.0,13.8,11.3,9.9,7.8,7.8,18.1,16.8,18.7,90.0,95.5,95.6,73.9,66.5,67.6,0.0,0.0,0.0,999.9,999.9,999.9,0,8.8,8.7
16585596,0723,89.6,81.1,82.5,45.0,47.0,46.6,871.0,893.4,888.9,9.7,13.7,11.3,11.6,7.8,7.9,11.1,16.8,18.6,87.1,95.4,95.3,54.0,66.5,67.8,0.0,0.0,0.0,999.9,999.9,999.9,0,8.8,8.7
16585596,0723,80.7,81.1,82.9,52.0,47.0,46.8,999.9,893.4,889.0,10.0,13.7,11.3,11.6,7.8,8.0,11.1,16.7,18.4,104.0,95.4,94.8,57.0,66.4,67.5,0.0,0.0,0.0,999.9,999.9,999.9,0,8.8,8.1
16585596,0723,82.8,81.2,82.8,39.9,47.0,46.6,872.4,894.1,893.3,10.0,13.6,11.3,9.9,7.8,8.1,11.1,16.7,18.4,87.1,95.5,94.9,70.0,66.4,66.8,0.0,0.0,0.0,999.9,999.9,999.9,0,8.8,7.5
16585596,0723,80.9,81.2,82.6,54.1,46.9,46.8,869.5,893.4,893.4,10.0,13.6,11.3,6.4,7.9,8.3,34.0,16.6,18.2,99.0,95.4,94.7,62.1,66.4,66.8,0.11,0.0,0.0,999.9,999.9,999.9,0,8.7,6.9
16585596,0723,74.2,81.2,82.4,45.2,47.0,47.2,872.4,892.7,893.3,9.9,13.6,11.3,10.6,7.9,8.2,13.0,16.7,18.7,99.0,95.4,94.9,57.0,66.4,66.6,0.0,0.0,0.0,999.9,999.9,999.9,0,8.6,6.3
16585596,0723,78.4,81.2,82.2,49.3,46.9,47.6,873.6,892.7,893.3,9.8,13.6,11.3,9.8,7.9,8.2,18.1,16.7,18.1,102.9,95.4,94.8,66.0,66.3,66.1,0.0,0.0,0.0,999.9,999.9,999.9,0,8.5,6.3
16585596,0723,62.0,81.1,82.0,41.2,46.9,47.7,999.9,892.7,893.2,10.0,13.6,11.3,6.5,7.9,8.2,14.0,16.7,18.1,99.0,95.5,94.8,73.9,66.3,66.0,0.17,0.0,0.0,999.9,999.9,999.9,0,8.4,6.3
16585596,0723,89.2,81.1,81.3,45.2,46.9,47.2,866.4,892.7,897.5,9.9,13.6,11.3,6.2,7.9,8.3,13.0,16.7,17.8,93.9,95.5,94.9,62.1,66.3,66.3,0.33,0.0,0.0,999.9,999.9,999.9,0,8.4,5.7
16585596,0723,88.1,81.1,81.7,55.9,46.8,46.9,870.5,892.7,897.3,9.9,13.6,11.3,10.6,7.9,8.3,18.1,16.7,17.9,90.0,95.5,94.9,59.0,66.3,66.0,0.0,0.0,0.0,999.9,999.9,999.9,48,8.4,5.1
16585596,0723,76.4,81.2,81.8,44.6,46.8,47.1,873.5,892.6,897.1,22.2,13.6,11.3,6.9,7.9,8.5,18.1,16.6,17.9,99.0,95.4,94.7,64.9,66.3,65.7,0.0,0.0,0.0,999.9,999.9,999.9,0,8.7,6.7
16585596,0723,86.8,81.2,81.8,45.2,46.9,47.2,872.4,891.9,892.9,10.0,13.6,11.7,8.7,7.9,8.5,18.1,16.5,17.3,93.0,95.4,95.0,70.0,66.3,65.4,0.0,0.0,0.0,999.9,999.9,999.9,18,8.6,6.7
16585596,0723,79.9,81.2,82.0,57.5,46.9,46.9,873.5,891.9,892.9,10.0,13.6,11.7,9.9,7.9,8.6,14.0,16.4,17.5,93.9,95.4,95.0,66.9,66.3,65.7,0.0,0.0,0.0,999.9,999.9,999.9,2,8.7,5.7
16585596,0723,81.1,81.2,81.9,54.6,46.9,47.0,872.7,891.2,892.9,9.9,13.6,11.7,8.7,7.9,8.7,18.1,16.4,16.9,99.0,95.4,95.2,71.1,66.3,65.6,0.0,0.0,0.0,999.9,999.9,999.9,16,8.6,5.2
16585596,0723,82.8,81.1,81.9,48.9,47.0,47.4,869.0,890.5,892.9,10.0,13.6,11.7,10.1,7.9,8.8,17.1,16.4,17.2,99.0,95.4,95.3,59.0,66.4,65.4,0.0,0.0,0.0,999.9,999.9,999.9,18,8.6,5.7
16585596,0723,82.3,81.1,82.0,58.4,46.9,47.2,873.1,889.8,888.6,9.9,13.6,11.3,9.3,7.9,9.0,14.0,16.4,17.4,102.0,95.4,95.3,66.0,66.4,65.0,0.0,0.0,0.0,999.9,999.9,999.9,0,8.4,5.7
16585596,0723,81.1,81.1,81.7,41.2,47.0,47.6,870.0,889.8,884.4,30.7,13.4,11.3,10.6,7.9,9.0,19.0,16.4,17.4,102.9,95.5,95.6,62.1,66.4,65.1,0.0,0.0,0.0,999.9,999.9,999.9,18,8.3,5.7
16585596,0723,81.1,81.1,81.5,49.2,46.9,47.4,870.4,889.8,884.3,10.0,13.5,11.9,5.3,7.9,9.0,24.3,16.5,16.9,89.1,95.5,95.8,57.9,66.3,65.0,0.0,0.0,0.0,999.9,999.9,999.9,0,8.3,6.3
16585596,0723,83.0,81.1,81.5,57.2,47.0,47.5,999.9,889.1,884.3,39.8,13.5,11.7,10.1,7.9,8.8,8.9,16.5,16.7,91.9,95.5,95.6,75.9,66.3,64.4,0.03,0.0,0.0,999.9,999.9,999.9,18,8.3,5.7
16585596,0723,78.3,81.1,81.7,47.1,47.1,48.2,873.0,889.8,888.5,10.0,13.7,12.7,5.1,8.0,8.9,18.1,16.5,16.6,95.0,95.4,95.5,72.0,66.4,64.6,0.0,0.0,0.0,999.9,999.9,999.9,0,8.3,6.3
16585596,0723,85.4,81.1,81.4,36.2,47.1,48.1,999.9,889.1,888.6,9.7,13.7,12.3,10.6,7.9,8.8,11.1,16.5,17.0,91.9,95.4,95.5,66.0,66.4,64.8,0.0,0.0,0.0,999.9,999.9,999.9,0,8.3,6.3
16585596,0723,89.6,81.2,81.6,46.5,47.1,47.8,870.5,889.8,892.9,10.0,13.7,12.3,11.6,7.9,8.9,24.3,16.5,16.8,104.0,95.4,95.6,66.2,66.3,64.8,0.0,0.0,0.0,999.9,999.9,999.9,0,8.2,6.3
16585596,0723,87.8,81.2,81.7,58.4,47.1,47.7,872.9,889.8,892.8,9.9,13.7,12.3,6.9,8.0,8.9,22.0,16.6,17.0,102.9,95.5,95.6,66.2,66.3,64.7,0.0,0.0,0.0,999.9,999.9,999.9,18,8.0,6.3
16585596,0723,80.3,81.3,81.9,46.5,47.2,47.8,873.0,889.8,892.8,9.8,13.7,12.3,8.1,7.9,8.9,24.1,16.6,17.4,89.1,95.5,95.9,64.9,66.3,64.9,0.0,0.0,0.0,999.9,999.9,999.9,18,8.1,6.9
16585596,0723,86.6,81.2,82.0,58.4,47.2,47.7,999.9,889.8,892.9,9.8,13.6,12.3,10.1,8.0,8.8,14.0,16.7,17.7,102.0,95.5,95.8,57.0,66.3,65.0,0.11,0.0,0.0,999.9,999.9,999.9,0,8.2,7.5
16585596,0723,85.4,81.2,82.0,58.4,47.2,48.2,870.4,890.5,897.1,10.0,13.6,12.3,6.9,8.0,9.0,26.0,16.7,17.7,93.9,95.5,95.9,70.0,66.3,64.7,0.17,0.0,0.0,999.9,999.9,999.9,18,8.1,7.5
16585596,0723,79.3,81.3,82.3,46.5,47.3,48.4,873.6,889.8,892.8,10.0,13.6,12.1,5.6,8.0,8.9,13.0,16.8,18.0,98.1,95.5,95.6,71.1,66.4,64.8,0.0,0.0,0.0,999.9,999.9,999.9,0,8.2,7.5
16585596,0723,83.0,81.3,82.0,50.9,47.3,48.3,870.5,889.8,892.9,9.9,13.6,12.0,8.2,7.9,8.8,11.1,16.7,17.3,87.1,95.5,95.9,71.1,66.4,65.2,0.0,0.0,0.0,999.9,999.9,999.9,0,8.1,7.5
16585596,0723,88.1,81.2,82.0,45.2,47.4,48.5,869.5,889.8,892.8,10.0,13.6,12.0,6.9,7.9,8.9,19.0,16.7,17.1,95.0,95.5,95.7,73.9,66.4,65.6,0.03,0.0,0.0,999.9,999.9,999.9,0,8.0,7.5
16585596,0723,79.3,81.2,82.3,41.2,47.3,48.7,872.4,889.8,892.8,14.9,13.5,12.0,5.3,7.9,8.8,19.0,16.7,17.2,102.0,95.5,96.0,62.1,66.4,65.6,0.11,0.0,0.0,999.9,999.9,999.9,18,8.0,6.9
16585596,0723,83.0,81.2,82.2,41.2,47.3,48.5,873.5,889.8,893.0,22.2,13.4,12.2,10.2,7.9,8.6,15.9,16.8,17.2,88.7,95.6,96.1,57.0,66.4,65.6,0.0,0.0,0.0,999.9,999.9,999.9,0,8.0,7.0
16585596,0723,85.2,81.2,82.2,36.2,47.3,48.7,999.9,889.8,893.0,20.3,13.4,12.6,5.1,7.9,8.6,14.0,16.8,17.1,99.0,95.5,96.0,63.0,66.3,65.1,0.0,0.0,0.0,999.9,999.9,999.9,2,8.0,7.0
16585596,0723,89.6,81.2,82.1,57.2,47.3,48.4,871.0,890.5,897.3,10.0,13.5,12.9,6.5,7.9,8.4,22.0,16.8,17.2,99.0,95.6,96.4,73.9,66.3,65.4,0.0,0.0,0.0,999.9,999.9,999.9,0,7.9,7.1
16585596,0723,82.3,81.3,82.4,41.2,47.3,48.6,868.1,890.5,893.0,10.0,13.5,12.9,9.8,7.9,8.2,19.0,16.8,17.6,95.0,95.5,96.3,62.2,66.3,65.9,0.0,0.0,0.0,999.9,999.9,999.9,18,7.9,7.1
16585596,0723,77.1,81.3,82.3,58.4,47.4,48.6,870.0,889.8,892.8,10.0,13.5,12.9,9.5,7.9,8.2,34.0,16.8,17.8,93.0,95.6,96.5,61.0,66.3,65.7,0.14,0.0,0.0,999.9,999.9,999.9,18,8.0,7.7
16585596,0723,78.4,81.3,82.2,33.1,47.4,48.8,873.6,889.8,892.8,22.2,13.5,12.9,10.2,7.9,8.3,15.9,16.9,17.8,95.0,95.6,96.3,54.0,66.3,65.6,0.02,0.0,0.0,999.9,999.9,999.9,18,8.1,8.3
16585596,0723,79.3,81.3,82.4,37.5,47.3,48.4,999.9,889.8,892.9,9.9,13.5,13.4,8.8,7.9,8.3,26.0,16.8,17.9,98.1,95.5,96.2,54.0,66.2,65.5,0.0,0.0,0.0,999.9,999.9,999.9,18,8.2,8.9
16585596,0723,85.4,81.3,82.4,36.2,47.2,48.0,871.5,890.5,897.1,20.3,13.5,13.4,4.9,7.9,8.3,19.0,16.9,18.2,104.0,95.5,96.0,57.9,66.2,65.1,0.03,0.0,0.0,999.9,999.9,999.9,18,8.3,9.5
16585596,0723,80.9,81.3,83.2,57.5,47.2,47.8,872.7,890.5,892.8,10.0,13.5,13.7,6.5,7.9,8.2,15.0,16.9,18.3,99.0,95.5,96.2,61.0,66.1,64.6,0.0,0.0,0.0,999.9,999.9,999.9,18,8.4,10.1
16585596,0723,79.3,81.3,82.9,52.0,47.3,48.2,873.6,890.5,893.0,9.9,13.5,13.7,11.6,7.9,8.2,13.0,16.9,18.4,102.9,95.5,96.4,71.1,66.0,64.6,0.0,0.0,0.0,999.9,999.9,999.9,48,8.5,10.7
16585596,0723,88.1,81.2,82.6,54.6,47.3,48.1,866.4,890.5,893.1,10.0,13.5,13.7,6.2,7.9,8.3,31.1,16.9,18.2,102.0,95.5,96.8,61.0,66.1,65.0,0.0,0.0,0.0,999.9,999.9,999.9,18,8.5,10.7
16585596,0723,74.2,81.3,83.0,33.1,47.3,48.4,870.5,890.5,892.9,10.0,13.4,13.3,6.3,7.9,8.2,18.1,17.0,18.7,99.0,95.5,96.9,66.0,66.1,64.8,0.0,0.0,0.0,999.9,999.9,999.9,0,8.6,11.3
16585596,0723,88.1,81.2,82.6,57.6,47.2,48.0,999.9,890.5,892.8,9.8,13.4,13.3,10.2,7.9,8.2,15.9,17.0,18.7,98.1,95.5,97.1,54.0,66.1,64.7,0.0,0.0,0.0,999.9,999.9,999.9,18,8.5,10.7
16585596,0723,76.8,81.3,82.8,52.0,47.3,48.0,999.9,891.3,897.0,39.8,13.4,13.3,4.9,7.9,8.2,11.1,17.0,18.7,93.0,95.6,97.3,66.0,66.1,64.3,0.02,0.0,0.0,999.9,999.9,999.9,2,8.6,11.2
16585596,0723,88.8,81.2,82.7,50.2,47.4,47.9,999.9,892.0,901.3,14.9,13.5,14.3,5.6,7.9,8.0,12.0,17.0,18.5,93.9,95.6,97.1,66.2,66.0,64.1,0.02,0.0,0.0,999.9,999.9,999.9,16,8.6,10.7
16585596,0723,80.7,81.3,82.9,54.1,47.4,48.0,869.5,892.7,905.6,9.9,13.6,14.5,8.7,7.9,7.9,24.3,16.9,18.3,95.0,95.6,96.9,66.0,66.0,64.4,0.02,0.0,0.0,999.9,999.9,999.9,18,8.7,10.7
16585596,0723,87.8,81.3,82.8,50.9,47.4,47.8,869.0,892.7,905.5,30.7,13.4,14.5,9.6,7.8,7.9,15.0,17.0,18.7,102.9,95.5,96.7,62.2,66.0,64.4,0.0,0.0,0.0,999.9,999.9,999.9,18,8.8,11.3
16585596,0723,79.3,81.3,83.1,48.9,47.4,48.2,866.4,892.7,905.5,10.0,13.5,14.5,9.8,7.9,7.8,13.0,17.1,18.5,93.9,95.6,96.7,61.0,66.0,64.4,0.0,0.0,0.0,999.9,999.9,999.9,0,8.9,11.3
16585596,0723,88.8,81.3,83.0,34.9,47.4,48.1,868.1,892.6,905.4,10.0,13.5,14.5,6.6,7.9,8.0,11.1,17.0,18.2,100.0,95.5,96.8,68.0,66.0,64.5,0.0,0.0,0.0,999.9,999.9,999.9,0,8.8,11.3
16585596,0723,87.8,81.3,83.2,45.2,47.3,47.4,866.4,891.9,901.0,10.0,13.5,13.5,10.2,7.9,7.9,22.0,17.0,18.2,99.0,95.6,97.1,64.9,66.0,64.2,0.02,0.0,0.0,999.9,999.9,999.9,0,8.8,10.7
16585596,0723,89.2,81.4,83.5,49.3,47.3,47.3,866.4,891.9,900.7,9.8,13.5,13.5,9.3,7.9,8.0,15.9,17.1,18.4,102.9,95.6,97.2,75.9,66.0,64.0,0.03,0.0,0.0,999.9,999.9,999.9,18,8.8,10.7
16585596,0723,62.0,81.5,83.7,40.5,47.3,47.8,869.5,891.9,896.3,9.9,13.5,13.5,11.6,7.9,8.0,12.0,17.1,18.5,89.1,95.6,97.6,59.0,66.0,64.3,0.0,0.0,0.0,999.9,999.9,999.9,18,8.8,11.3
16585596,0723,78.3,81.4,82.7,37.5,47.2,47.6,872.4,891.1,896.3,13.5,13.5,13.5,6.2,8.0,8.0,18.1,17.1,18.1,104.0,95.6,97.1,57.0,66.0,64.1,0.0,0.0,0.0,999.9,999.9,999.9,16,8.8,11.9
16585596,0723,79.9,81.4,82.4,52.0,47.2,46.9,868.1,891.2,896.2,10.0,13.5,13.6,6.9,8.0,8.0,10.1,17.1,18.0,90.0,95.7,97.1,64.9,66.0,63.7,0.0,0.0,0.0,999.9,999.9,999.9,0,8.9,11.8
16585596,0723,79.3,81.5,82.4,54.1,47.3,47.1,871.4,891.1,896.1,9.7,13.4,13.6,6.5,8.0,7.9,11.1,17.1,17.5,87.1,95.7,97.2,62.1,65.9,63.7,0.0,0.0,0.0,999.9,999.9,999.9,0,8.9,11.2
16585596,0723,77.5,81.4,82.2,40.5,47.3,46.9,873.6,891.1,891.8,9.9,13.4,13.6,4.7,8.0,7.8,24.3,17.1,17.4,95.0,95.6,96.7,54.0,65.9,63.9,0.02,0.0,0.0,999.9,999.9,999.9,0,8.9,11.2
16585596,0723,81.1,81.4,81.9,57.2,47.3,46.3,869.5,890.4,891.9,9.9,13.2,13.6,8.1,7.9,7.7,13.0,17.1,17.4,99.0,95.6,96.7,71.1,65.9,63.4,0.0,0.0,0.0,999.9,999.9,999.9,18,8.8,10.6
16585596,0723,80.3,81.4,82.0,54.6,47.3,46.7,872.9,889.7,891.8,9.7,13.2,13.6,5.6,7.9,7.8,19.0,17.1,17.4,91.9,95.7,96.7,70.0,65.9,63.4,0.0,0.0,0.0,999.9,999.9,999.9,16,8.8,11.2
16585596,0723,81.8,81.4,81.9,34.9,47.3,46.8,872.4,889.7,891.9,10.0,13.2,13.6,11.6,7.9,7.7,17.1,17.1,17.6,91.9,95.6,96.9,61.0,65.9,63.3,0.0,0.0,0.0,999.9,999.9,999.9,18,8.8,11.7
16585596,0723,69.7,81.4,81.7,55.6,47.3,46.5,873.0,889.0,891.9,10.0,13.2,13.6,10.1,8.0,7.9,13.0,17.2,17.6,100.0,95.7,96.8,61.0,65.9,62.9,0.17,0.0,0.0,999.9,999.9,999.9,0,8.9,12.3
16585596,0723,78.4,81.4,81.3,41.4,47.3,46.9,869.0,888.3,892.0,9.9,13.2,13.4,9.5,8.0,8.1,22.0,17.2,17.4,90.0,95.7,96.7,73.9,65.8,62.9,0.0,0.0,0.0,999.9,999.9,999.9,16,8.8,11.7
16585596,0723,78.4,81.3,81.2,50.2,47.2,46.9,871.4,888.2,891.8,9.7,13.2,13.0,5.6,8.0,8.0,11.1,17.2,17.6,102.9,95.7,96.8,62.1,65.8,63.4,0.0,0.0,0.0,999.9,999.9,999.9,0,8.9,12.3
16585596,0723,83.0,81.3,81.0,33.1,47.2,47.4,870.5,888.2,887.5,9.8,13.2,12.6,9.8,8.0,8.1,8.9,17.1,17.5,93.0,95.7,96.9,66.2,65.9,63.4,0.0,0.0,0.0,999.9,999.9,999.9,0,8.9,12.2
16585596,0723,78.4,81.3,80.7,47.1,47.1,46.6,869.6,888.2,887.5,10.0,13.2,12.6,6.4,8.0,8.2,14.0,17.1,17.0,102.9,95.7,96.7,73.9,65.8,63.2,0.0,0.0,0.0,999.9,999.9,999.9,0,8.9,12.2
16585596,0723,80.3,81.3,80.6,57.5,47.2,46.8,999.9,888.2,887.6,10.0,13.2,12.6,9.3,8.0,8.0,11.1,17.1,16.9,98.1,95.7,97.0,66.9,65.9,63.5,0.33,0.0,0.0,999.9,999.9,999.9,0,8.9,11.6
16585596,0723,62.0,81.3,80.7,55.6,47.2,46.8,873.0,888.2,891.9,9.9,13.2,12.6,8.2,8.0,8.0,20.0,17.1,16.1,93.9,95.7,97.1,66.2,65.9,63.7,0.0,0.0,0.0,999.9,999.9,999.9,0,8.8,11.0
16585596,0723,88.1,81.2,80.2,45.0,47.3,47.5,869.7,888.2,891.9,10.0,13.2,12.2,7.8,8.0,8.0,15.9,17.1,16.2,90.0,95.8,97.1,62.1,65.9,64.2,0.11,0.0,0.0,999.9,999.9,999.9,0,8.7,10.4
16585596,0723,62.0,81.2,80.5,54.1,47.4,47.8,872.4,888.2,887.5,10.0,13.1,12.2,5.6,8.0,7.9,14.0,17.1,15.9,104.0,95.7,96.8,61.0,65.9,64.4,0.0,0.0,0.0,999.9,999.9,999.9,0,8.7,9.8
16585596,0723,76.8,81.1,79.7,41.6,47.3,48.4,871.4,888.2,887.6,9.9,13.1,11.9,7.8,8.0,8.0,13.0,17.0,15.7,104.0,95.8,96.8,70.0,65.9,64.5,0.0,0.0,0.0,999.9,999.9,999.9,18,8.7,9.2
16585596,0723,83.0,81.0,79.5,54.1,47.3,47.8,872.4,888.2,887.5,10.0,13.0,11.9,10.2,8.0,8.0,10.1,17.0,15.7,99.0,95.9,97.0,66.9,66.0,64.8,0.0,0.0,0.0,999.9,999.9,999.9,0,8.8,9.2
16585596,0723,81.1,81.1,79.7,58.4,47.3,47.9,870.4,888.2,887.5,13.5,13.0,11.9,10.6,8.0,8.0,19.0,16.9,15.6,93.0,95.9,96.8,61.0,66.0,64.7,0.0,0.0,0.0,999.9,999.9,999.9,18,8.8,7.6
16585596,0723,88.8,81.1,79.4,44.1,47.3,48.0,999.9,888.2,887.6,10.0,13.0,12.0,9.5,8.0,8.1,13.0,16.9,15.2,102.0,95.9,96.6,71.1,65.9,64.7,0.0,0.0,0.0,999.9,999.9,999.9,0,8.7,7.6
16585596,0723,88.8,81.1,79.9,50.9,47.2,48.4,869.6,888.9,891.9,10.0,13.0,12.0,10.4,8.0,8.2,22.0,16.9,15.0,88.7,96.0,96.7,73.0,66.0,64.9,0.0,0.0,0.0,999.9,999.9,999.9,18,8.6,7.6
16585596,0723,89.6,81.2,79.9,54.5,47.2,48.2,869.5,888.9,887.6,10.0,13.0,12.0,5.6,8.0,8.2,19.0,16.9,15.2,95.0,95.9,96.3,63.0,66.0,65.5,0.11,0.0,0.0,999.9,999.9,999.9,18,8.6,7.6
16585596,0723,69.7,81.2,80.4,47.1,47.2,48.3,870.5,888.9,883.2,10.0,13.0,11.0,10.6,8.0,8.2,19.0,16.9,15.5,90.0,96.0,96.4,62.1,66.0,65.4,0.17,0.0,0.0,999.9,999.9,999.9,0,8.6,8.1
16585596,0723,82.3,81.1,79.7,46.5,47.2,48.2,869.5,888.9,878.9,9.8,12.9,10.9,8.1,8.0,8.4,26.0,17.0,15.7,99.0,96.0,96.3,75.0,66.0,65.2,0.0,0.0,0.0,999.9,999.9,999.9,48,8.5,7.6
16585596,0723,78.4,81.1,79.8,45.0,47.1,47.9,869.5,888.9,878.9,9.7,12.9,10.9,9.9,8.0,8.4,18.1,17.0,15.8,102.0,95.9,96.4,71.1,66.1,65.5,0.0,0.0,0.0,999.9,999.9,999.9,0,8.7,8.6
16585596,0723,86.8,81.1,79.5,52.0,47.1,47.7,869.6,888.9,878.9,10.0,12.9,10.2,10.6,8.0,8.4,20.0,17.0,15.9,87.1,96.0,96.4,57.9,66.0,65.8,0.0,0.0,0.0,999.9,999.9,999.9,18,8.6,8.0
16585596,0723,82.8,81.2,79.7,58.4,47.1,47.8,873.0,888.9,879.1,30.7,12.9,10.2,8.7,8.1,8.4,22.0,17.1,16.1,99.0,96.0,96.2,62.1,66.0,65.7,0.0,0.0,0.0,999.9,999.9,999.9,18,8.7,8.6
16585596,0723,77.1,81.3,79.5,55.6,47.2,48.6,869.5,888.9,879.2,10.0,13.0,10.8,5.6,8.1,8.5,19.0,17.1,16.5,98.1,96.0,96.1,70.0,66.0,65.5,0.0,0.0,0.0,999.9,999.9,999.9,2,8.8,9.2
16585596,0723,85.4,81.2,79.2,54.5,47.1,48.9,872.9,888.9,879.3,10.0,13.0,10.8,9.6,8.0,8.3,18.1,17.1,16.4,99.0,96.0,96.1,66.0,66.0,65.7,0.0,0.0,0.0,999.9,999.9,999.9,0,8.9,9.3
16585596,0723,79.9,81.3,79.0,57.5,47.2,49.1,870.5,888.9,879.5,10.0,12.9,10.8,9.5,8.0,8.4,18.1,17.1,16.4,102.0,96.0,96.0,71.1,66.0,65.4,0.03,0.0,0.0,999.9,999.9,999.9,18,8.8,8.7
16585596,0723,81.1,81.2,79.6,50.2,47.2,49.7,873.6,888.9,879.6,9.9,12.9,10.9,11.6,8.0,8.3,19.0,17.1,16.6,102.9,96.1,96.4,59.0,66.1,65.8,0.0,0.0,0.0,999.9,999.9,999.9,0,8.8,8.7
16585596,0723,89.6,81.2,79.7,54.6,47.2,50.1,870.5,888.9,879.6,10.0,12.9,10.7,8.7,8.1,8.5,19.0,17.2,16.7,99.0,96.1,96.3,66.9,66.0,65.9,0.0,0.0,0.0,999.9,999.9,999.9,0,8.7,8.1
16585596,0723,82.3,81.3,80.0,33.1,47.3,50.2,870.4,888.9,879.7,10.0,12.9,10.7,9.6,8.1,8.5,8.9,17.2,17.0,89.1,96.1,96.7,73.0,66.0,65.9,0.0,0.0,0.0,999.9,999.9,999.9,0,8.7,8.1
16585596,0723,79.9,81.3,80.1,50.9,47.2,49.5,873.1,888.9,879.7,20.3,12.8,10.7,8.2,8.1,8.6,12.0,17.1,16.9,98.1,96.1,96.7,66.9,66.0,66.3,0.0,0.0,0.0,999.9,999.9,999.9,18,8.7,8.1
16585596,0723,80.3,81.2,80.2,54.1,47.3,49.8,868.1,888.9,879.6,9.7,12.9,11.1,10.2,8.1,8.7,18.1,17.1,16.5,93.9,96.1,96.8,75.9,66.1,66.7,0.33,0.0,0.0,999.9,999.9,999.9,18,8.7,8.7
16585596,0723,86.6,81.2,80.2,49.3,47.3,49.7,875.8,888.9,879.6,10.0,12.9,11.1,7.8,8.1,8.8,11.1,17.1,16.7,93.9,96.0,96.6,71.1,66.1,66.9,0.0,0.0,0.0,999.9,999.9,999.9,0,8.8,8.7
16585596,0723,89.6,81.4,80.4,45.2,47.4,49.6,872.4,888.9,879.7,22.3,12.8,11.1,9.3,8.1,8.9,19.0,17.1,16.4,99.0,96.0,96.7,66.0,66.1,66.9,0.0,0.0,0.0,999.9,999.9,999.9,0,8.7,8.2
16585596,0723,79.9,81.4,80.7,54.5,47.4,49.9,875.8,888.9,879.7,10.0,12.9,11.5,3.7,8.1,8.8,10.1,17.1,16.5,98.1,96.0,97.0,71.1,66.1,67.1,0.0,0.0,0.0,999.9,999.9,999.9,0,8.6,7.6
16585596,0723,81.8,81.4,81.0,34.9,47.5,49.9,871.4,888.9,879.8,10.0,12.9,11.5,9.6,8.1,8.6,26.0,17.0,16.4,99.0,96.0,96.9,57.0,66.1,67.4,0.0,0.0,0.0,999.9,999.9,999.9,0,8.5,7.6
16585596,0723,78.3,81.4,81.1,41.2,47.4,49.7,870.4,888.9,879.9,9.9,12.9,11.5,6.2,8.1,8.6,11.1,17.1,16.5,93.0,96.0,97.2,61.0,66.0,66.9,0.0,0.0,0.0,999.9,999.9,999.9,0,8.4,7.1
16585596,0723,85.2,81.4,81.1,55.9,47.4,49.4,869.5,888.9,879.8,10.0,12.9,11.5,3.7,8.1,8.6,15.9,17.0,16.5,102.9,95.9,96.9,57.9,66.0,66.8,0.0,0.0,0.0,999.9,999.9,999.9,18,8.3,7.1
16585596,0723,82.7,81.4,81.2,41.2,47.5,50.1,873.6,888.9,879.8,22.2,12.9,11.5,4.9,8.0,8.4,22.0,17.1,16.7,87.1,96.0,97.2,63.0,65.9,66.5,0.0,0.0,0.0,999.9,999.9,999.9,0,8.4,7.7
16585596,0723,80.3,81.4,81.3,34.9,47.5,49.9,872.4,888.9,879.9,10.0,12.9,11.9,8.1,8.0,8.4,11.1,17.1,17.0,98.1,95.9,96.7,68.0,65.9,66.2,0.0,0.0,0.0,999.9,999.9,999.9,0,8.4,7.7
16585596,0723,79.9,81.4,81.3,52.0,47.4,49.2,999.9,888.9,875.7,22.3,12.9,11.9,3.7,8.1,8.3,18.1,16.9,17.0,95.0,96.0,96.7,70.0,65.9,66.2,0.15,0.0,0.0,999.9,999.9,999.9,2,8.4,7.7
16585596,0723,76.4,81.4,81.9,40.5,47.4,49.0,869.5,889.7,879.9,10.0,12.9,12.3,10.4,8.0,8.2,24.3,17.0,16.9,104.0,95.9,96.7,73.9,65.9,66.3,0.0,0.0,0.0,999.9,999.9,999.9,0,8.5,7.7
16585596,0723,78.4,81.3,81.5,50.2,47.4,48.9,869.0,888.9,879.9,10.0,12.9,12.3,6.9,8.0,8.3,18.1,17.0,17.2,87.1,95.9,97.2,73.9,66.0,66.7,0.14,0.0,0.0,999.9,999.9,999.9,18,8.5,7.7
16585596,0723,85.4,81.3,82.1,57.6,47.5,48.8,871.5,888.9,879.8,9.9,12.9,12.3,7.8,8.0,8.3,17.1,17.1,17.3,95.0,96.0,96.6,75.0,66.0,67.2,0.0,0.0,0.0,999.9,999.9,999.9,48,8.5,8.3
16585596,0723,78.3,81.3,82.4,45.0,47.5,49.3,869.7,889.0,879.8,41.0,12.8,12.3,3.7,8.0,8.3,15.0,17.1,17.5,99.0,96.0,96.3,66.0,66.1,67.3,0.0,0.0,0.0,999.9,999.9,999.9,0,8.7,9.3
16585596,0723,86.6,81.3,82.2,36.2,47.5,49.0,873.6,888.9,879.7,10.0,13.0,13.4,10.2,8.0,8.1,15.0,17.1,17.6,93.0,96.0,96.3,75.0,66.1,67.3,0.0,0.0,0.0,999.9,999.9,999.9,0,8.7,9.3
16585596,0723,76.4,81.3,82.4,50.9,47.4,48.3,999.9,888.2,879.8,10.0,13.0,13.3,9.3,8.0,8.1,17.1,17.1,17.5,102.0,96.0,96.3,72.0,66.1,67.8,0.0,0.0,0.0,999.9,999.9,999.9,0,8.6,8.7
16585596,0723,86.8,81.3,82.0,49.2,47.4,48.5,871.0,889.0,879.8,30.7,12.9,13.3,4.7,8.0,8.1,22.0,17.1,17.6,93.9,96.1,96.3,71.1,66.2,67.8,0.0,0.0,0.0,999.9,999.9,999.9,48,8.5,8.7
16585596,0723,89.6,81.3,81.9,41.2,47.5,48.4,872.4,889.0,879.9,14.9,13.1,13.9,6.3,8.0,7.9,13.0,17.1,17.6,93.9,96.0,96.5,66.9,66.2,67.7,0.14,0.0,0.0,999.9,999.9,999.9,0,8.8,9.7
16585596,0723,76.7,81.4,81.9,58.4,47.5,48.0,871.4,889.0,880.0,10.0,13.1,14.1,4.9,8.0,7.9,18.1,17.1,17.4,99.0,96.0,96.4,62.1,66.2,67.9,0.0,0.0,0.0,999.9,999.9,999.9,0,8.8,9.1
16585596,0723,82.7,81.4,82.2,55.9,47.5,48.4,872.7,889.0,880.0,10.0,13.1,14.1,6.5,7.9,7.7,11.1,17.1,17.4,93.0,96.1,96.7,59.0,66.2,67.9,0.15,0.0,0.0,999.9,999.9,999.9,0,8.7,9.1
16585596,0723,76.7,81.4,82.2,45.2,47.6,48.7,870.4,889.0,880.1,13.5,13.1,14.1,5.1,7.9,7.7,26.0,17.1,16.9,79.0,96.0,96.5,61.0,66.1,67.3,0.0,0.0,0.0,999.9,999.9,999.9,0,8.7,7.5
16585596,0723,77.1,81.4,82.1,54.6,47.5,48.7,875.8,889.0,880.1,10.0,13.1,14.2,6.3,7.9,7.5,13.0,17.2,17.2,79.0,95.9,95.8,66.9,66.1,67.0,0.0,0.0,0.0,999.9,999.9,999.9,0,8.6,7.5
16585596,0723,62.0,81.3,81.8,37.5,47.5,48.8,872.4,889.0,880.3,39.8,13.1,14.2,8.8,7.9,7.4,15.9,17.1,16.9,93.0,95.9,95.5,61.0,66.1,67.3,0.0,0.0,0.0,999.9,999.9,999.9,0,8.5,6.9
16585596,0723,86.8,81.3,81.1,44.1,47.4,48.1,869.0,889.0,880.3,9.8,13.3,14.5,5.3,7.9,7.4,14.0,17.1,16.7,99.0,95.8,95.3,66.9,66.1,67.3,0.0,0.0,0.0,999.9,999.9,999.9,18,8.4,6.3
16585596,0723,89.6,81.3,81.4,44.6,47.4,47.7,999.9,889.0,880.3,9.8,13.3,14.5,4.7,7.9,7.4,19.0,17.0,16.6,102.0,95.9,95.3,73.0,66.1,67.2,0.33,0.0,0.0,999.9,999.9,999.9,0,8.5,6.9
16585596,0723,89.2,81.4,81.6,37.5,47.3,47.4,875.8,889.7,884.5,10.0,13.3,14.5,10.2,7.9,7.2,15.9,17.1,16.6,102.9,95.9,95.4,75.9,66.2,67.4,0.02,0.0,0.0,999.9,999.9,999.9,0,8.4,6.9
16585596,0723,85.2,81.5,81.9,44.6,47.3,46.7,999.9,889.8,884.7,10.0,13.2,14.5,9.3,7.9,7.2,18.1,17.1,16.5,95.0,96.0,95.5,75.9,66.3,67.5,0.15,0.0,0.0,999.9,999.9,999.9,18,8.4,6.3
16585596,0723,83.0,81.5,82.0,48.9,47.2,46.5,872.4,890.5,888.9,9.8,13.2,14.5,10.1,7.9,7.1,12.0,17.1,16.5,79.0,96.0,95.2,66.9,66.4,68.1,0.0,0.0,0.0,999.9,999.9,999.9,0,8.4,6.9
16585596,0723,80.7,81.5,81.8,57.5,47.3,46.3,873.6,890.5,889.0,10.0,13.2,14.5,9.3,8.0,7.2,10.1,17.1,16.3,91.9,95.8,94.5,61.0,66.4,68.1,0.0,0.0,0.0,999.9,999.9,999.9,18,8.4,6.9
16585596,0723,82.8,81.5,81.7,36.2,47.4,47.1,875.8,890.5,889.1,20.3,13.2,14.5,9.8,7.9,7.2,20.0,17.1,16.3,93.9,95.8,94.6,71.1,66.3,67.7,0.0,0.0,0.0,999.9,999.9,999.9,0,8.4,7.5
16585596,0723,81.1,81.5,81.8,57.2,47.4,46.6,871.5,890.5,889.2,10.0,13.3,14.5,6.2,8.0,7.2,14.0,17.1,16.6,95.0,95.8,94.5,62.2,66.3,67.9,0.03,0.0,0.0,999.9,999.9,999.9,0,8.4,6.9
16585596,0723,88.1,81.5,81.9,57.6,47.5,46.7,999.9,890.6,889.3,22.2,13.2,14.5,5.1,8.0,7.1,15.0,17.1,16.4,104.0,95.7,94.5,66.0,66.3,67.4,0.0,0.0,0.0,999.9,999.9,999.9,0,8.4,6.3
16585596,0723,81.1,81.5,81.9,54.6,47.5,47.0,999.9,891.3,893.4,10.0,13.1,14.9,6.9,7.9,7.0,19.0,17.1,16.6,102.9,95.8,94.9,61.0,66.3,67.2,0.02,0.0,0.0,999.9,999.9,999.9,18,8.4,6.3
16585596,0723,88.1,81.5,81.6,45.2,47.6,47.3,872.7,892.0,897.7,9.7,13.0,14.5,6.2,7.9,6.9,12.0,17.1,16.6,93.0,95.9,95.0,57.9,66.2,67.1,0.0,0.0,0.0,999.9,999.9,999.9,18,8.4,6.9
16585596,0723,80.9,81.6,81.9,55.6,47.6,47.0,870.4,891.3,897.6,10.0,13.0,14.5,8.7,7.9,7.0,15.9,17.0,16.6,93.9,95.9,94.8,71.1,66.1,66.6,0.0,0.0,0.0,999.9,999.9,999.9,0,8.5,7.5
16585596,0723,80.9,81.6,81.9,48.9,47.7,47.7,869.7,891.3,897.5,9.9,13.0,14.5,6.4,7.9,7.0,24.1,17.0,16.3,99.0,95.9,94.7,62.1,66.2,67.1,0.0,0.0,0.0,999.9,999.9,999.9,0,8.4,7.5
16585596,0723,76.7,81.6,82.0,49.3,47.6,48.0,999.9,891.3,897.5,9.9,13.0,14.5,6.2,7.9,7.0,15.9,17.0,16.7,87.1,95.9,94.9,71.1,66.1,67.1,0.0,0.0,0.0,999.9,999.9,999.9,0,8.3,7.5
16585596,0723,82.3,81.5,81.7,49.2,47.7,47.7,873.6,892.1,901.9,30.7,13.0,14.5,7.8,7.9,7.1,13.0,16.9,16.7,102.9,95.9,94.3,70.0,66.2,67.6,0.0,0.0,0.0,999.9,999.9,999.9,18,8.2,6.9
16585596,0723,81.1,81.5,81.7,41.2,47.7,48.0,999.9,891.4,901.9,41.0,13.1,14.8,5.3,7.9,7.2,22.0,16.8,16.4,102.0,96.0,94.9,75.9,66.2,67.8,0.14,0.0,0.0,999.9,999.9,999.9,0,8.3,7.5
16585596,0723,89.2,81.5,81.7,52.0,47.8,48.2,873.0,892.1,906.1,13.5,13.3,15.8,6.5,7.9,7.1,15.9,16.8,16.8,95.0,96.1,95.0,73.0,66.2,68.1,0.0,0.0,0.0,999.9,999.9,999.9,0,8.2,7.5
16585596,0723,85.2,81.6,82.0,41.2,47.7,48.2,869.5,891.4,901.9,9.8,13.3,15.5,4.9,7.9,7.2,14.0,16.8,16.7,102.0,96.0,95.0,66.9,66.2,68.2,0.0,0.0,0.0,999.9,999.9,999.9,16,8.1,7.4
16585596,0723,89.2,81.6,82.3,47.1,47.6,48.2,866.4,891.3,901.9,9.7,13.3,15.5,10.4,7.8,7.0,18.1,16.8,16.4,102.0,96.1,94.9,61.0,66.2,67.9,0.0,0.0,0.0,999.9,999.9,999.9,18,8.2,7.9
16585596,0723,85.4,81.6,82.6,57.6,47.6,48.1,872.4,890.6,901.8,9.9,13.3,15.5,6.3,7.9,7.1,15.9,16.8,16.4,99.0,96.1,95.4,71.1,66.2,67.5,0.0,0.0,0.0,999.9,999.9,999.9,18,8.3,7.9
16585596,0723,62.0,81.6,82.6,41.6,47.8,48.1,871.4,890.6,901.8,10.0,13.3,15.5,9.9,7.9,7.0,12.0,16.8,16.3,98.1,96.2,95.5,61.0,66.2,67.4,0.01,0.0,0.0,999.9,999.9,999.9,2,8.4,6.9
16585596,0723,74.2,81.5,82.1,41.2,47.7,48.0,999.9,890.6,901.9,20.3,13.3,14.5,10.6,7.9,7.3,19.0,16.8,16.2,99.0,96.2,95.5,66.0,66.2,67.2,0.0,0.0,0.0,999.9,999.9,999.9,0,8.4,7.0
16585596,0723,86.6,81.4,81.7,36.2,47.7,48.2,872.4,891.3,906.1,9.9,13.3,14.8,10.4,7.9,7.3,31.1,16.9,16.4,93.9,96.2,95.7,73.0,66.1,66.9,0.0,0.0,0.0,999.9,999.9,999.9,18,8.3,7.0
16585596,0723,82.7,81.4,82.0,41.2,47.7,47.7,870.4,891.3,901.8,9.8,13.1,14.8,11.6,7.9,7.3,24.1,16.9,16.8,95.0,96.2,95.4,73.0,66.2,66.9,0.0,0.0,0.0,999.9,999.9,999.9,0,8.3,7.6
16585596,0723,81.1,81.4,81.9,40.5,47.7,47.4,999.9,891.3,901.8,10.0,13.1,14.1,9.8,8.0,7.5,18.1,17.0,16.9,100.0,96.2,95.5,62.2,66.2,67.0,0.0,0.0,0.0,999.9,999.9,999.9,0,8.3,6.0
16585596,0723,76.7,81.5,81.6,45.2,47.6,47.4,999.9,892.0,906.1,39.8,13.1,14.0,5.6,8.0,7.7,11.1,17.1,17.1,95.0,96.2,95.7,61.0,66.2,66.8,0.0,0.0,0.0,999.9,999.9,999.9,18,8.2,6.0
16585596,0723,76.8,81.5,81.6,41.6,47.6,47.0,872.9,892.7,910.3,10.0,13.3,15.0,5.3,8.0,7.7,24.3,17.1,16.8,102.0,96.2,95.5,73.9,66.2,66.8,0.0,0.0,0.0,999.9,999.9,999.9,0,8.3,6.6
16585596,0723,81.8,81.4,81.4,49.3,47.6,46.5,873.1,892.7,910.4,10.0,13.3,15.0,9.6,8.0,7.6,14.0,17.1,17.3,93.9,96.2,95.8,73.9,66.2,67.3,0.02,0.0,0.0,999.9,999.9,999.9,0,8.3,6.6
16585596,0723,82.8,81.5,81.6,52.0,47.6,46.6,869.5,892.7,910.4,10.0,13.3,14.9,10.2,8.0,7.8,12.0,17.1,16.9,102.9,96.1,96.3,57.0,66.2,67.7,0.0,0.0,0.0,999.9,999.9,999.9,0,8.2,6.6
16585596,0723,78.4,81.6,81.8,46.5,47.7,46.5,871.4,892.0,910.2,9.9,13.3,14.9,4.9,8.0,7.9,20.0,17.1,16.9,99.0,96.1,97.1,70.0,66.1,67.4,0.0,0.0,0.0,999.9,999.9,999.9,0,8.2,6.6
16585596,0723,82.3,81.5,82.3,47.1,47.8,46.8,872.4,892.0,910.2,9.9,13.3,13.9,6.6,7.9,7.8,31.1,17.1,17.0,104.0,96.2,97.3,71.1,66.1,67.7,0.0,0.0,0.0,999.9,999.9,999.9,18,8.1,6.6
16585596,0723,83.0,81.5,82.2,40.5,47.7,46.9,870.0,891.3,910.3,13.5,13.1,13.9,6.5,8.0,7.8,22.0,17.2,17.6,102.9,96.3,97.5,64.9,66.1,67.8,0.0,0.0,0.0,999.9,999.9,999.9,0,8.1,6.6
16585596,0723,81.1,81.5,82.0,49.3,47.7,46.8,873.5,891.3,906.0,10.0,13.1,14.0,6.6,7.9,7.9,22.0,17.2,17.7,104.0,96.3,97.5,61.0,66.2,67.6,0.0,0.0,0.0,999.9,999.9,999.9,0,8.1,6.6
16585596,0723,83.0,81.5,81.7,37.5,47.7,47.2,872.7,891.4,905.9,14.9,13.1,14.0,5.3,7.9,7.8,34.0,17.3,17.9,98.1,96.3,97.6,61.0,66.2,67.1,0.02,0.0,0.0,999.9,999.9,999.9,18,8.1,6.6
16585596,0723,82.3,81.5,81.6,36.2,47.6,47.0,999.9,891.4,901.7,10.0,13.0,14.1,9.8,7.9,7.6,24.1,17.4,18.4,102.9,96.3,97.7,66.0,66.2,66.6,0.0,0.0,0.0,999.9,999.9,999.9,0,8.1,6.6
16585596,0723,69.7,81.5,81.6,47.1,47.5,46.5,868.1,891.4,905.9,10.0,12.9,14.2,6.2,7.9,7.6,15.0,17.4,18.8,95.0,96.3,98.5,71.1,66.2,66.5,0.0,0.0,0.0,999.9,999.9,999.9,0,8.1,6.6
16585596,0723,88.8,81.5,81.2,57.2,47.5,46.2,869.5,891.3,905.7,41.0,12.8,14.2,8.8,7.9,7.5,12.0,17.5,19.0,93.9,96.3,98.6,73.0,66.2,66.9,0.0,0.0,0.0,999.9,999.9,999.9,18,8.1,6.0
16585596,0723,88.1,81.5,81.4,40.5,47.5,46.9,999.9,891.3,905.5,9.8,13.0,14.8,6.4,7.9,7.5,18.1,17.5,18.7,91.9,96.3,98.6,66.9,66.3,66.9,0.0,0.0,0.0,999.9,999.9,999.9,0,8.1,6.6
16585596,0723,62.0,81.5,81.7,57.2,47.5,46.3,875.8,892.1,909.8,20.3,12.9,14.8,10.2,7.9,7.5,18.1,17.5,18.8,102.0,96.3,98.5,64.9,66.3,67.1,0.0,0.0,0.0,999.9,999.9,999.9,0,8.1,6.6
16585596,0723,78.3,81.5,80.8,41.4,47.6,46.3,875.8,892.1,905.7,10.0,13.0,14.8,9.9,8.0,7.7,17.1,17.5,18.9,79.0,96.4,98.4,64.9,66.3,67.1,0.11,0.0,0.0,999.9,999.9,999.9,0,8.1,6.6
16585596,0723,89.6,81.5,80.7,50.9,47.6,45.9,871.5,892.1,901.5,10.0,13.0,14.8,10.2,8.0,7.8,10.1,17.5,18.9,99.0,96.3,97.6,62.1,66.3,67.2,0.0,0.0,0.0,999.9,999.9,999.9,0,8.0,6.0
16585596,0723,87.8,81.5,80.7,45.0,47.6,46.1,866.4,892.1,901.5,10.0,13.0,14.8,8.7,8.0,7.9,13.0,17.5,18.8,93.9,96.3,97.8,62.1,66.2,67.3,0.0,0.0,0.0,999.9,999.9,999.9,18,8.0,5.4
16585596,0723,76.7,81.6,81.0,33.1,47.6,45.7,873.1,892.1,901.4,10.0,13.0,14.8,4.7,8.0,7.9,34.0,17.5,18.7,98.1,96.3,97.8,71.1,66.2,67.0,0.03,0.0,0.0,999.9,999.9,999.9,18,8.1,6.0
16585596,0723,88.8,81.6,80.8,54.5,47.5,45.2,999.9,892.1,901.5,10.0,13.0,14.8,9.3,8.0,7.8,11.1,17.6,19.0,102.0,96.3,97.8,71.1,66.3,67.3,0.0,0.0,0.0,999.9,999.9,999.9,0,8.1,6.6
16585596,0723,85.2,81.7,81.2,55.6,47.5,45.4,872.7,892.8,901.5,10.0,13.0,14.8,10.6,8.0,7.9,19.0,17.6,18.9,79.0,96.3,98.3,62.1,66.2,67.3,0.0,0.0,0.0,999.9,999.9,999.9,0,8.0,6.6
16585596,0723,62.0,81.6,81.3,50.2,47.6,45.6,871.0,892.8,901.4,9.7,13.0,14.1,10.4,8.0,8.0,12.0,17.6,19.1,93.9,96.2,97.5,54.0,66.2,67.1,0.02,0.0,0.0,999.9,999.9,999.9,18,7.9,6.0
16585596,0723,85.2,81.5,80.7,49.3,47.7,45.9,999.9,892.8,897.1,10.0,13.0,13.1,10.4,8.0,8.2,26.0,17.5,18.7,95.0,96.2,97.2,62.2,66.1,66.3,0.0,0.0,0.0,999.9,999.9,999.9,18,7.9,6.6
16585596,0723,87.8,81.5,80.6,55.9,47.8,45.8,869.7,893.5,901.4,10.0,13.0,12.9,9.5,8.0,8.3,17.1,17.5,19.1,79.0,96.2,97.2,63.0,66.0,66.0,0.0,0.0,0.0,999.9,999.9,999.9,0,8.0,7.2
16585596,0723,89.6,81.6,80.6,41.2,47.8,46.3,873.0,893.5,901.4,9.9,13.0,12.9,10.2,8.0,8.5,11.1,17.5,19.2,99.0,96.0,96.4,62.2,66.0,65.9,0.11,0.0,0.0,999.9,999.9,999.9,0,8.0,6.7
16585596,0723,81.1,81.6,80.7,45.2,47.7,46.1,873.1,893.5,901.6,9.9,13.0,13.0,6.5,8.1,8.5,18.1,17.4,19.0,102.9,96.1,96.3,54.0,66.0,65.9,0.33,0.0,0.0,999.9,999.9,999.9,18,7.9,6.1
16585596,0723,78.3,81.6,80.5,47.1,47.7,45.7,870.5,893.5,901.6,9.7,13.0,13.0,6.4,8.1,8.5,18.1,17.5,19.0,93.0,96.1,96.5,62.1,65.9,65.3,0.0,0.0,0.0,999.9,999.9,999.9,0,7.9,6.1
16585596,0723,83.0,81.6,81.1,54.5,47.7,45.9,866.4,893.5,901.6,10.0,13.0,12.9,9.9,8.1,8.4,14.0,17.5,19.2,95.0,96.1,96.3,62.2,65.9,65.4,0.0,0.0,0.0,999.9,999.9,999.9,18,7.9,6.0
16585596,0723,87.8,81.6,81.4,57.2,47.7,46.3,872.4,892.7,897.1,9.9,13.0,12.6,6.9,8.1,8.3,11.1,17.4,19.1,102.0,96.1,96.2,54.0,65.8,65.2,0.0,0.0,0.0,999.9,999.9,999.9,0,8.0,6.6
16585596,0723,74.2,81.6,81.4,45.0,47.8,47.0,872.4,892.7,897.1,13.5,13.0,12.6,8.1,8.1,8.2,14.0,17.3,18.4,102.9,96.2,96.4,62.1,65.8,64.6,0.0,0.0,0.0,999.9,999.9,999.9,0,7.7,6.0
16585596,0723,80.3,81.6,81.1,41.6,47.7,47.1,869.0,892.7,897.2,22.2,13.0,12.7,8.1,8.1,8.1,15.0,17.2,18.1,100.0,96.2,96.7,64.9,65.7,64.2,0.01,0.0,0.0,999.9,999.9,999.9,18,7.6,6.0
16585596,0723,82.8,81.6,81.1,47.1,47.7,47.2,873.6,892.7,892.8,10.0,13.0,13.1,9.8,8.1,8.1,10.1,17.3,18.0,93.0,96.3,96.7,62.1,65.7,64.3,0.0,0.0,0.0,999.9,999.9,999.9,2,7.7,6.6
16585596,0723,76.7,81.6,81.3,37.5,47.7,47.2,873.5,892.0,888.6,13.5,13.0,12.1,4.7,8.1,8.2,19.0,17.3,17.9,95.0,96.2,96.6,66.2,65.6,64.4,0.0,0.0,0.0,999.9,999.9,999.9,16,7.6,6.1
16585596,0723,77.5,81.5,81.3,50.2,47.6,47.1,872.9,891.3,888.7,10.0,13.0,12.3,9.5,8.1,8.2,11.1,17.3,17.7,95.0,96.2,96.4,66.0,65.6,64.1,0.0,0.0,0.0,999.9,999.9,999.9,0,7.7,6.6
16585596,0723,77.5,81.5,81.1,54.6,47.6,47.1,999.9,891.3,888.7,9.8,13.0,12.3,10.4,8.1,8.2,11.1,17.2,17.6,90.0,96.2,96.4,61.0,65.6,63.8,0.15,0.0,0.0,999.9,999.9,999.9,18,7.7,6.6
16585596,0723,76.8,81.5,81.0,55.6,47.7,47.2,869.7,892.0,893.0,10.0,12.9,12.2,8.1,8.1,8.2,20.0,17.1,17.6,102.9,96.2,96.0,73.9,65.6,64.0,0.0,0.0,0.0,999.9,999.9,999.9,0,7.7,7.2
16585596,0723,80.9,81.5,80.9,49.2,47.8,47.5,873.0,892.0,892.9,9.9,12.9,12.2,8.1,8.1,8.3,24.3,17.1,17.6,102.0,96.2,96.1,62.1,65.6,64.1,0.0,0.0,0.0,999.9,999.9,999.9,18,7.7,7.2
16585596,0723,83.0,81.4,80.9,46.5,47.8,47.6,870.4,892.0,893.0,10.0,12.9,12.2,8.2,8.1,8.3,26.0,17.2,17.4,104.0,96.3,96.1,73.0,65.5,63.8,0.02,0.0,0.0,999.9,999.9,999.9,0,7.8,7.2
16585596,0723,81.8,81.5,80.9,41.2,47.8,47.8,873.0,892.0,893.0,20.3,12.9,12.1,6.4,8.1,8.4,18.1,17.3,17.5,91.9,96.4,96.1,66.9,65.6,64.1,0.0,0.0,0.0,999.9,999.9,999.9,0,7.8,7.2
16585596,0723,85.4,81.4,80.9,45.0,47.7,47.5,871.0,892.0,893.0,39.8,12.9,12.5,9.8,8.1,8.4,18.1,17.3,17.4,100.0,96.3,95.7,73.0,65.6,64.3,0.0,0.0,0.0,999.9,999.9,999.9,18,7.8,7.2
16585596,0723,87.8,81.4,81.0,54.1,47.7,47.8,871.0,892.0,892.9,10.0,13.1,13.3,5.6,8.1,8.5,19.0,17.3,16.9,90.0,96.3,95.8,57.9,65.6,64.7,0.0,0.0,0.0,999.9,999.9,999.9,0,7.9,7.2
16585596,0723,77.1,81.5,81.2,34.9,47.7,48.4,999.9,892.0,888.6,30.7,13.1,13.3,8.7,8.1,8.4,24.1,17.3,16.7,100.0,96.3,95.3,64.9,65.6,64.4,0.0,0.0,0.0,999.9,999.9,999.9,0,7.9,7.2
16585596,0723,80.3,81.4,81.4,57.6,47.6,48.0,872.4,892.7,893.0,13.5,13.2,14.0,9.9,8.1,8.5,12.0,17.4,17.0,102.0,96.3,95.5,62.2,65.6,64.2,0.0,0.0,0.0,999.9,999.9,999.9,18,7.9,7.2
16585596,0723,82.7,81.5,81.1,58.4,47.7,48.0,866.4,892.0,893.1,10.0,13.2,13.1,8.8,8.1,8.5,17.1,17.4,17.0,87.1,96.3,95.8,66.0,65.6,63.8,0.0,0.0,0.0,999.9,999.9,999.9,0,7.9,7.2
16585596,0723,83.0,81.4,80.9,37.5,47.7,48.6,872.4,892.0,888.6,14.9,13.2,13.1,6.3,8.1,8.6,11.1,17.3,17.0,88.7,96.3,95.6,66.9,65.6,63.8,0.14,0.0,0.0,999.9,999.9,999.9,0,7.9,7.2
16585596,0723,85.4,81.4,81.6,47.1,47.7,47.9,871.4,892.0,888.5,10.0,13.2,12.9,3.7,8.1,8.5,10.1,17.2,16.7,99.0,96.3,95.2,54.0,65.7,63.9,0.0,0.0,0.0,999.9,999.9,999.9,0,7.9,7.2
16585596,0723,85.2,81.5,81.9,52.0,47.7,48.1,868.1,892.0,888.4,10.0,13.2,12.9,9.5,8.1,8.3,10.1,17.2,16.5,90.0,96.4,95.8,66.2,65.6,63.5,0.0,0.0,0.0,999.9,999.9,999.9,0,7.8,7.2
16585596,0723,82.3,81.5,81.7,57.2,47.8,48.1,999.9,892.0,888.3,10.0,13.2,12.9,6.4,8.1,8.2,10.1,17.1,16.5,93.0,96.3,95.5,62.1,65.6,63.6,0.0,0.0,0.0,999.9,999.9,999.9,0,7.7,7.2
16585596,0723,77.1,81.5,81.5,47.1,47.9,48.5,873.0,892.7,892.7,9.9,13.2,12.9,8.8,8.0,8.2,26.0,17.1,16.4,99.0,96.3,95.5,62.2,65.5,63.6,0.03,0.0,0.0,999.9,999.9,999.9,18,7.7,6.6
16585596,0723,81.1,81.4,81.6,47.2,47.9,49.0,999.9,892.7,892.7,9.9,13.2,12.9,10.4,8.0,8.3,20.0,17.2,16.1,102.0,96.4,95.5,75.9,65.6,63.4,0.0,0.0,0.0,999.9,999.9,999.9,0,7.8,6.6
16585596,0723,79.3,81.4,81.3,48.9,47.9,48.8,869.0,892.7,892.7,13.5,13.2,12.9,6.2,8.0,8.3,13.0,17.2,16.4,104.0,96.4,95.5,73.9,65.7,63.5,0.0,0.0,0.0,999.9,999.9,999.9,2,7.8,6.6
16585596,0723,88.1,81.4,81.1,48.9,47.9,48.5,866.4,892.7,892.6,9.9,13.2,13.0,6.9,8.0,8.2,18.1,17.2,16.2,102.0,96.5,96.4,71.1,65.7,63.9,0.0,0.0,0.0,999.9,999.9,999.9,18,7.8,6.7
16585596,0723,69.7,81.4,82.0,44.1,47.9,48.5,999.9,892.7,892.4,10.0,13.2,13.0,9.3,8.0,8.1,26.0,17.1,16.4,102.9,96.5,96.6,73.0,65.7,64.5,0.0,0.0,0.0,999.9,999.9,999.9,0,7.9,6.7
16585596,0723,69.7,81.4,81.5,47.1,47.9,48.3,869.5,893.4,892.4,9.9,13.2,13.0,5.6,8.0,8.0,11.1,17.2,16.4,95.0,96.5,96.9,71.1,65.8,64.8,0.03,0.0,0.0,999.9,999.9,999.9,0,7.9,6.1
16585596,0723,80.3,81.4,80.8,58.4,47.9,48.0,873.6,893.4,892.4,10.0,13.2,13.0,4.7,8.0,7.9,11.1,17.2,16.2,93.9,96.5,97.4,72.0,65.9,65.1,0.0,0.0,0.0,999.9,999.9,999.9,18,7.9,6.1
16585596,0723,77.5,81.5,80.5,47.2,48.0,48.6,870.4,892.7,892.5,10.0,13.2,13.0,6.9,8.0,7.7,15.9,17.2,16.2,93.9,96.4,97.3,62.1,65.9,65.4,0.0,0.0,0.0,999.9,999.9,999.9,18,8.0,6.7
16585596,0723,81.1,81.4,80.4,33.1,48.0,48.7,999.9,892.7,892.4,10.0,13.2,13.0,5.1,8.0,7.7,10.1,17.2,16.2,98.1,96.4,97.0,57.0,65.9,65.7,0.0,0.0,0.0,999.9,999.9,999.9,0,8.1,6.7
16585596,0723,85.2,81.4,80.5,39.9,47.8,48.2,872.4,893.4,896.7,10.0,13.2,13.0,10.1,7.9,7.7,31.1,17.1,15.9,102.9,96.5,97.1,54.0,65.8,65.5,0.0,0.0,0.0,999.9,999.9,999.9,18,7.9,6.7
16585596,0723,80.3,81.4,80.6,34.9,47.8,47.7,875.8,893.4,896.9,9.9,13.2,13.0,10.4,8.0,7.7,14.0,17.2,16.5,100.0,96.5,97.4,70.0,65.8,65.3,0.14,0.0,0.0,999.9,999.9,999.9,0,8.0,6.7
16585596,0723,80.7,81.4,80.3,50.2,47.8,47.0,872.4,893.4,897.0,10.0,13.2,13.0,4.7,8.0,7.8,19.0,17.2,16.6,89.1,96.5,97.3,57.0,65.8,65.8,0.0,0.0,0.0,999.9,999.9,999.9,18,7.9,6.7
16585596,0723,85.4,81.4,80.6,54.1,47.7,47.1,873.6,893.4,897.0,9.9,13.2,12.9,5.3,7.9,7.7,15.9,17.2,16.7,79.0,96.5,96.9,71.1,65.7,65.6,0.0,0.0,0.0,999.9,999.9,999.9,16,8.0,7.3
16585596,0723,69.7,81.4,80.7,46.5,47.7,47.6,872.4,893.4,897.1,9.9,13.2,12.5,10.4,7.9,7.6,19.0,17.2,16.8,104.0,96.4,96.2,66.2,65.7,65.8,0.0,0.0,0.0,999.9,999.9,999.9,0,8.0,7.2
16585596,0723,85.2,81.3,80.3,54.5,47.7,47.5,999.9,893.4,897.1,10.0,13.2,12.5,6.2,7.9,7.6,19.0,17.2,17.1,93.0,96.4,96.5,73.9,65.8,66.0,0.03,0.0,0.0,999.9,999.9,999.9,18,7.9,7.1
16585596,0723,87.8,81.3,80.6,45.2,47.7,48.1,999.9,894.1,901.3,10.0,13.2,12.4,9.3,7.9,7.7,10.1,17.2,17.1,100.0,96.4,96.5,66.9,65.8,66.2,0.01,0.0,0.0,999.9,999.9,999.9,16,8.0,7.2
16585596,0723,76.8,81.4,80.9,33.1,47.7,47.9,872.4,894.9,905.6,10.0,13.1,12.4,8.2,7.9,7.7,13.0,17.2,17.0,99.0,96.4,96.6,68.0,65.8,66.2,0.02,0.0,0.0,999.9,999.9,999.9,0,8.0,7.7
16585596,0723,82.3,81.4,80.9,41.2,47.6,47.2,999.9,894.9,901.3,10.0,13.1,12.4,6.2,7.9,7.6,15.0,17.1,17.1,102.9,96.4,96.9,68.0,65.9,66.5,0.0,0.0,0.0,999.9,999.9,999.9,2,8.0,7.1
16585596,0723,89.2,81.4,81.1,37.5,47.5,46.7,871.4,894.9,905.6,9.9,12.9,12.4,6.2,7.9,7.5,26.0,17.2,16.9,98.1,96.5,96.9,66.9,65.8,66.3,0.11,0.0,0.0,999.9,999.9,999.9,0,7.9,7.2
16585596,0723,77.5,81.4,81.4,45.2,47.5,46.4,869.0,894.9,905.6,9.9,12.9,12.4,5.6,7.9,7.5,18.1,17.2,17.0,99.0,96.5,96.8,71.1,65.8,66.4,0.0,0.0,0.0,999.9,999.9,999.9,18,7.9,6.6
16585596,0723,82.7,81.4,81.2,57.2,47.5,46.3,873.6,894.1,905.5,9.8,12.9,12.4,7.8,7.9,7.4,24.1,17.2,16.7,93.0,96.5,96.7,62.1,65.8,66.4,0.11,0.0,0.0,999.9,999.9,999.9,18,8.0,7.2
16585596,0723,88.1,81.3,81.2,57.5,47.6,46.8,871.0,894.2,905.6,10.0,12.9,12.0,10.6,7.8,7.4,15.9,17.2,16.9,99.0,96.5,96.7,71.1,65.8,66.2,0.0,0.0,0.0,999.9,999.9,999.9,18,8.1,7.8
16585596,0723,89.6,81.3,81.3,49.2,47.6,47.3,873.6,894.1,905.6,14.9,12.9,11.1,5.3,7.9,7.5,17.1,17.2,16.8,104.0,96.5,96.7,57.9,65.9,66.2,0.0,0.0,0.0,999.9,999.9,999.9,0,8.1,7.8
16585596,0723,77.5,81.4,81.3,54.6,47.6,47.1,999.9,894.2,905.6,9.7,12.9,11.2,11.6,7.9,7.5,18.1,17.2,16.8,95.0,96.5,97.1,71.1,65.8,66.2,0.02,0.0,0.0,999.9,999.9,999.9,0,8.0,7.8
16585596,0723,89.6,81.3,81.4,41.2,47.6,47.8,869.7,894.2,905.6,10.0,12.9,10.5,8.2,7.9,7.5,13.0,17.2,16.6,104.0,96.5,97.0,75.9,65.9,66.4,0.0,0.0,0.0,999.9,999.9,999.9,0,8.0,7.8
16585596,0723,69.7,81.4,81.7,36.2,47.5,47.2,872.4,894.1,905.6,10.0,12.9,10.4,4.7,7.9,7.5,12.0,17.1,16.6,90.0,96.6,97.0,66.0,65.9,66.8,0.17,0.0,0.0,999.9,999.9,999.9,16,7.9,7.2
16585596,0723,69.7,81.3,81.2,58.4,47.4,46.5,872.9,894.1,905.8,9.7,12.9,10.4,10.2,7.9,7.4,10.1,17.1,16.4,93.0,96.5,97.1,66.2,65.9,66.8,0.0,0.0,0.0,999.9,999.9,999.9,0,8.0,7.7
16585596,0723,89.2,81.2,80.8,57.2,47.5,47.2,869.6,894.2,905.8,10.0,12.9,10.2,10.4,7.9,7.5,10.1,17.1,16.4,79.0,96.6,97.3,68.0,65.9,66.8,0.17,0.0,0.0,999.9,999.9,999.9,0,8.0,7.7
16585596,0723,76.7,81.2,80.9,49.2,47.5,47.5,869.0,894.2,905.7,9.9,12.9,10.2,10.6,7.9,7.7,10.1,17.1,16.4,93.0,96.5,96.6,57.9,65.8,67.3,0.0,0.0,0.0,999.9,999.9,999.9,18,8.0,7.7
16585596,0723,80.7,81.2,80.6,37.5,47.6,47.4,999.9,894.1,905.7,10.0,12.9,10.2,3.7,7.9,7.7,10.1,17.0,16.4,95.0,96.4,96.7,75.9,65.8,67.0,0.0,0.0,0.0,999.9,999.9,999.9,0,8.0,8.3
16585596,0723,76.4,81.2,80.6,41.6,47.6,46.8,869.5,894.8,905.7,10.0,12.8,10.2,5.3,7.9,7.7,15.0,17.0,16.4,98.1,96.4,96.8,73.9,65.9,67.5,0.0,0.0,0.0,999.9,999.9,999.9,18,8.0,8.3
16585596,0723,87.8,81.2,80.6,57.6,47.6,46.6,873.6,894.1,905.6,9.8,12.8,10.2,6.4,7.9,7.5,11.1,17.0,16.0,104.0,96.4,96.7,59.0,66.0,67.8,0.0,0.0,0.0,999.9,999.9,999.9,16,8.0,8.3
16585596,0723,74.2,81.2,80.8,54.1,47.6,46.9,872.7,894.1,901.4,10.0,12.8,10.2,8.7,7.9,7.4,14.0,16.9,15.7,102.9,96.5,96.8,73.9,65.9,67.3,0.11,0.0,0.0,999.9,999.9,999.9,0,8.1,8.9
16585596,0723,77.5,81.1,80.6,47.1,47.7,47.1,872.9,894.2,901.5,22.3,12.8,10.1,9.9,7.9,7.5,19.0,16.9,15.8,104.0,96.5,96.8,71.1,66.0,67.3,0.33,0.0,0.0,999.9,999.9,999.9,16,8.0,8.8
16585596,0723,88.1,81.1,80.3,57.2,47.6,47.0,869.5,894.2,901.8,9.8,12.8,10.5,6.9,7.9,7.6,19.0,16.8,15.8,100.0,96.6,96.8,71.1,66.0,67.3,0.0,0.0,0.0,999.9,999.9,999.9,0,8.0,8.7
16585596,0723,81.8,81.2,80.9,57.5,47.7,47.5,871.4,894.1,897.4,9.7,12.8,10.5,9.6,7.9,7.5,24.3,16.8,15.6,91.9,96.6,96.7,59.0,66.1,67.2,0.0,0.0,0.0,999.9,999.9,999.9,0,7.9,8.7
16585596,0723,76.8,81.2,81.3,58.4,47.8,47.8,870.4,893.4,897.5,9.9,12.8,10.5,9.9,7.9,7.6,15.9,16.8,16.0,90.0,96.6,96.6,71.1,66.1,66.8,0.15,0.0,0.0,999.9,999.9,999.9,16,7.8,8.7
16585596,0723,79.9,81.1,81.2,33.1,48.0,47.8,869.7,893.4,897.4,9.7,12.7,10.5,4.7,7.9,7.8,15.9,16.8,16.2,90.0,96.5,96.5,66.9,66.2,66.8,0.17,0.0,0.0,999.9,999.9,999.9,18,7.8,8.7
16585596,0723,82.8,81.1,81.2,54.5,47.8,47.3,873.0,893.4,897.3,22.2,12.7,10.5,4.7,7.9,7.7,24.1,16.8,16.2,90.0,96.4,96.4,62.2,66.2,66.9,0.0,0.0,0.1,999.9,999.9,999.9,16,7.8,8.7
16585596,0723,81.8,81.1,81.3,45.0,47.8,48.1,873.5,893.4,893.1,9.8,12.8,10.9,5.6,7.9,7.7,13.0,16.9,16.6,93.0,96.4,96.1,71.1,66.2,67.1,0.0,0.0,0.1,999.9,999.9,999.9,18,7.6,9.2
16585596,0723,81.8,81.1,81.2,44.1,47.8,48.2,869.7,893.4,893.2,9.7,12.8,10.9,8.2,7.8,7.6,22.0,16.8,16.0,102.0,96.3,95.8,66.0,66.3,67.7,0.0,0.0,0.1,999.9,999.9,999.9,18,7.6,9.2
16585596,0723,62.0,81.2,81.2,47.2,47.8,48.5,866.4,893.4,892.9,10.0,12.8,10.9,9.6,7.9,7.5,12.0,16.8,16.3,104.0,96.3,95.8,64.9,66.3,67.6,0.0,0.0,0.0,999.9,999.9,999.9,18,7.7,9.8
16585596,0723,76.4,81.0,80.6,47.1,47.8,48.4,873.5,892.7,892.7,9.8,12.8,10.9,10.4,7.9,7.7,18.1,16.8,16.1,98.1,96.4,96.3,61.0,66.3,67.8,0.01,0.0,0.0,999.9,999.9,999.9,18,7.7,9.8
16585596,0723,77.1,81.0,80.3,45.2,47.8,48.2,869.5,892.0,892.7,10.0,12.6,10.9,10.4,7.9,7.8,11.1,16.8,16.1,93.9,96.4,97.0,71.1,66.3,67.5,0.11,0.0,0.0,999.9,999.9,999.9,0,7.8,9.9
16585596,0723,76.7,80.9,80.6,54.5,47.7,48.2,872.4,891.3,892.6,10.0,12.6,10.9,6.3,7.9,7.8,18.1,16.8,15.9,93.0,96.4,96.6,57.9,66.3,67.6,0.01,0.0,0.1,999.9,999.9,999.9,0,7.7,9.9
16585596,0723,79.3,80.9,80.3,58.4,47.7,48.2,869.6,891.3,888.4,9.9,12.6,10.9,4.7,7.9,7.8,18.1,16.8,15.8,104.0,96.4,96.6,71.1,66.3,67.1,0.11,0.0,0.1,999.9,999.9,999.9,18,7.6,9.3
16585596,0723,77.5,80.9,80.0,57.2,47.8,48.6,999.9,891.3,884.1,14.9,12.5,10.9,9.8,7.9,7.7,11.1,16.8,16.1,99.0,96.4,96.8,66.2,66.3,67.2,0.17,0.0,0.1,999.9,999.9,999.9,0,7.6,9.3
16585596,0723,81.1,80.9,80.0,45.2,47.8,49.4,999.9,892.0,888.3,30.7,12.5,11.0,6.4,7.9,7.7,11.1,16.8,16.1,102.9,96.4,96.8,66.9,66.3,67.2,0.0,0.0,0.1,999.9,999.9,999.9,18,7.6,9.3
16585596,0723,82.3,80.8,80.0,45.0,47.9,49.5,873.6,892.8,888.3,30.7,12.6,11.7,5.3,7.9,7.7,11.1,16.8,15.9,79.0,96.4,96.8,73.0,66.3,67.1,0.0,0.0,0.1,999.9,999.9,999.9,18,7.7,9.9
16585596,0723,80.9,80.8,79.7,44.1,47.9,49.8,873.5,892.8,888.4,9.9,12.7,12.4,3.7,7.8,7.7,14.0,16.7,15.4,98.1,96.3,96.1,71.1,66.4,67.4,0.02,0.0,0.1,999.9,999.9,999.9,0,7.8,10.5
16585596,0723,82.3,80.7,79.9,36.2,47.9,49.7,999.9,892.8,888.5,14.9,12.7,12.4,8.1,7.8,7.7,10.1,16.7,15.3,95.0,96.3,96.1,66.2,66.4,67.4,0.0,0.0,0.1,999.9,999.9,999.9,18,7.7,9.9
16585596,0723,85.4,80.9,79.8,45.2,47.8,49.0,873.5,893.6,892.7,39.8,12.7,12.6,8.1,7.8,7.7,15.0,16.7,14.8,95.0,96.3,96.2,54.0,66.4,67.5,0.0,0.0,0.1,999.9,999.9,999.9,18,7.7,9.9
16585596,0723,80.9,80.9,79.8,46.5,47.9,48.6,872.4,893.6,892.8,9.9,12.9,13.6,6.5,7.8,7.6,14.0,16.7,14.8,90.0,96.3,96.0,73.9,66.4,66.9,0.0,0.0,0.1,999.9,999.9,999.9,0,7.7,9.9
16585596,0723,89.2,80.9,79.5,54.1,47.8,48.5,871.0,893.6,892.8,22.2,12.9,13.4,11.6,7.8,7.6,14.0,16.7,14.7,99.0,96.3,95.6,71.1,66.4,67.5,0.0,0.0,0.1,999.9,999.9,999.9,18,7.7,9.9
16585596,0723,81.1,81.0,79.9,58.4,47.8,48.5,868.1,893.6,888.5,9.7,13.0,13.8,9.6,7.8,7.6,14.0,16.7,14.6,99.0,96.3,95.7,75.0,66.5,67.5,0.0,0.0,0.1,999.9,999.9,999.9,0,7.8,10.5
16585596,0723,80.7,81.0,79.6,54.5,47.9,49.1,871.5,893.6,888.4,9.9,13.0,13.8,5.3,7.9,7.7,15.0,16.7,14.6,93.0,96.4,95.5,66.0,66.6,67.4,0.0,0.0,0.1,999.9,999.9,999.9,48,7.8,10.5
16585596,0723,79.9,81.0,79.9,45.0,47.9,49.7,866.4,893.6,888.4,39.8,13.0,13.8,5.6,7.8,7.7,18.1,16.7,14.7,102.9,96.3,95.6,73.9,66.6,67.4,0.0,0.0,0.0,999.9,999.9,999.9,18,8.0,11.5
16585596,0723,81.8,81.0,80.3,54.6,47.9,49.3,871.0,893.5,888.2,22.2,13.1,14.8,4.7,7.8,7.5,11.1,16.7,15.0,93.9,96.4,96.0,71.1,66.6,67.7,0.0,0.0,0.0,999.9,999.9,999.9,0,8.0,12.1
16585596,0723,89.6,81.0,80.0,54.1,48.0,49.2,999.9,893.5,888.2,9.7,13.2,15.2,10.6,7.8,7.3,15.0,16.6,15.0,98.1,96.4,96.5,71.1,66.6,67.8,0.0,0.0,0.0,999.9,999.9,999.9,18,7.9,12.1
16585596,0723,88.8,81.1,80.5,49.2,48.0,49.3,873.6,894.2,892.6,9.9,13.2,15.2,4.7,7.8,7.3,20.0,16.6,15.1,102.9,96.4,96.6,71.1,66.7,68.2,0.17,0.0,0.0,999.9,999.9,999.9,0,8.0,12.1
16585596,0723,80.9,81.1,80.7,37.5,48.0,49.7,999.9,894.3,888.4,9.7,13.2,15.2,4.7,7.8,7.4,15.9,16.6,15.5,93.9,96.5,96.9,64.9,66.7,68.1,0.02,0.0,0.0,999.9,999.9,999.9,48,7.9,12.1
16585596,0723,80.9,81.2,80.9,49.2,47.9,49.6,869.7,895.0,892.7,10.0,13.2,15.2,6.9,7.8,7.4,15.0,16.7,15.5,93.9,96.4,96.8,68.0,66.7,67.8,0.0,0.0,0.0,999.9,999.9,999.9,0,8.2,13.1
16585596,0723,62.0,81.1,80.7,54.6,48.0,49.3,872.7,895.0,892.6,9.8,13.2,15.2,8.7,7.8,7.4,24.3,16.7,15.6,89.1,96.4,96.4,73.9,66.7,68.1,0.11,0.0,0.0,999.9,999.9,999.9,18,8.2,12.6
16585596,0723,76.4,81.0,80.2,36.2,48.1,49.3,873.1,895.0,892.6,9.8,13.2,15.2,5.6,7.8,7.4,11.1,16.7,16.0,102.0,96.3,96.0,66.9,66.7,68.1,0.0,0.0,0.0,999.9,999.9,999.9,18,8.3,13.2
16585596,0723,89.2,81.0,80.2,44.6,48.0,49.0,868.1,894.3,892.6,10.0,13.2,14.8,6.3,7.7,7.2,15.0,16.7,15.7,87.1,96.4,95.9,57.0,66.7,67.9,0.0,0.0,0.0,999.9,999.9,999.9,48,8.4,13.3
16585596,0723,88.1,81.2,80.2,54.1,47.9,48.5,873.1,894.3,892.6,9.9,13.2,14.8,5.6,7.7,7.2,11.1,16.7,15.6,102.0,96.3,95.5,62.2,66.7,67.5,0.14,0.0,0.0,999.9,999.9,999.9,0,8.7,14.9
16585596,0723,89.2,81.2,80.5,45.2,47.9,48.4,999.9,894.3,892.6,9.9,13.2,14.8,6.3,7.7,7.1,18.1,16.7,15.1,102.0,96.4,95.8,62.1,66.7,67.6,0.17,0.0,0.0,999.9,999.9,999.9,18,8.7,14.9
16585596,0723,86.8,81.3,80.9,55.9,47.9,48.0,872.7,895.0,896.9,10.0,13.2,14.8,7.8,7.7,7.0,15.9,16.7,15.2,102.9,96.4,96.2,61.0,66.7,67.3,0.02,0.0,0.0,999.9,999.9,999.9,0,8.8,14.9
16585596,0723,80.9,81.4,81.1,57.5,48.0,48.8,872.9,895.0,897.0,10.0,13.2,14.8,10.4,7.7,7.1,18.1,16.7,15.2,79.0,96.4,96.6,57.0,66.6,67.1,0.15,0.0,0.0,999.9,999.9,999.9,18,8.7,14.3
16585596,0723,79.9,81.4,81.0,37.5,48.0,48.9,871.5,895.0,897.0,10.0,13.2,14.4,3.7,7.7,7.2,12.0,16.8,15.0,99.0,96.3,96.3,75.0,66.6,66.9,0.0,0.0,0.0,999.9,999.9,999.9,18,8.8,14.4
16585596,0723,79.9,81.4,81.0,45.2,47.9,48.6,870.0,895.0,897.0,39.8,13.2,14.4,10.2,7.7,7.2,11.1,16.7,15.0,90.0,96.3,96.5,66.0,66.6,67.0,0.0,0.0,0.0,999.9,999.9,999.9,0,8.8,14.4
16585596,0723,81.1,81.3,80.9,52.0,47.9,48.6,873.0,894.3,897.0,22.3,13.3,15.4,10.6,7.7,7.3,10.1,16.7,14.6,95.0,96.2,96.1,66.2,66.6,67.0,0.33,0.0,0.0,999.9,999.9,999.9,0,8.8,13.8
16585596,0723,82.3,81.3,81.5,41.4,47.9,48.8,999.9,894.3,897.2,10.0,13.4,15.8,4.9,7.7,7.3,18.1,16.7,14.6,99.0,96.3,95.8,73.0,66.6,67.1,0.14,0.0,0.1,999.9,999.9,999.9,0,8.7,13.2
16585596,0723,79.3,81.2,81.7,52.0,47.8,48.6,871.5,895.0,901.4,9.9,13.4,15.8,10.4,7.7,7.1,14.0,16.7,14.6,102.0,96.3,95.8,64.9,66.6,67.5,0.17,0.0,0.1,999.9,999.9,999.9,0,8.6,12.6
16585596,0723,85.2,81.3,81.8,41.4,47.8,48.8,866.4,895.0,901.5,9.9,13.4,15.8,11.6,7.7,7.1,13.0,16.6,14.7,93.0,96.4,96.1,62.1,66.6,67.3,0.0,0.0,0.1,999.9,999.9,999.9,0,8.6,12.6
16585596,0723,74.2,81.3,82.1,50.9,47.8,48.4,873.0,895.0,901.3,10.0,13.4,15.8,6.5,7.7,7.3,34.0,16.6,14.5,93.0,96.3,96.1,71.1,66.6,67.4,0.0,0.0,0.1,999.9,999.9,999.9,18,8.3,12.6
16585596,0723,76.4,81.3,81.9,45.0,47.9,48.2,870.0,895.0,901.4,10.0,13.4,15.8,11.6,7.7,7.3,34.0,16.6,15.0,100.0,96.3,95.7,75.9,66.6,67.4,0.0,0.0,0.1,999.9,999.9,999.9,0,8.4,12.6
16585596,0723,85.4,81.2,81.9,41.2,47.8,47.7,871.4,895.0,897.1,9.9,13.4,15.7,6.2,7.7,7.4,15.9,16.7,15.8,99.0,96.3,95.7,54.0,66.7,67.7,0.0,0.0,0.0,999.9,999.9,999.9,0,8.3,12.6
16585596,0723,78.3,81.2,82.0,50.9,47.7,47.6,869.7,895.0,892.8,9.8,13.3,15.0,5.3,7.7,7.4,11.1,16.7,15.9,93.9,96.3,95.6,63.0,66.6,67.3,0.0,0.0,0.0,999.9,999.9,999.9,18,8.2,12.0
16585596,0723,62.0,81.2,81.9,47.1,47.7,47.8,875.8,895.0,892.6,10.0,13.3,14.3,7.8,7.7,7.4,14.0,16.6,15.9,90.0,96.3,96.1,71.1,66.6,67.0,0.0,0.0,0.0,999.9,999.9,999.9,18,8.3,12.0
16585596,0723,77.1,81.1,81.3,37.5,47.7,47.9,872.4,895.0,892.7,10.0,13.3,14.3,8.2,7.7,7.5,11.1,16.6,15.9,87.1,96.3,95.8,59.0,66.6,67.0,0.0,0.0,0.0,999.9,999.9,999.9,18,8.4,12.6
16585596,0723,74.2,81.1,81.1,44.6,47.5,48.0,873.0,895.1,888.5,41.0,13.3,14.1,4.7,7.7,7.5,20.0,16.6,16.0,98.1,96.2,95.6,66.2,66.6,66.7,0.0,0.0,0.0,999.9,999.9,999.9,2,8.4,12.6
16585596,0723,79.9,81.1,80.7,45.2,47.5,47.9,872.4,895.1,888.5,10.0,13.5,14.2,7.8,7.6,7.4,18.1,16.6,16.1,95.0,96.2,95.7,71.1,66.6,67.1,0.17,0.0,0.0,999.9,999.9,999.9,18,8.4,12.1
16585596,0723,85.4,81.0,80.7,57.2,47.5,47.9,999.9,895.1,888.5,9.7,13.5,14.2,8.8,7.6,7.5,13.0,16.6,16.3,89.1,96.1,95.8,73.9,66.6,67.0,0.02,0.0,0.1,999.9,999.9,999.9,0,8.5,12.7
16585596,0723,83.0,81.0,80.6,50.9,47.6,48.0,999.9,895.8,892.8,9.9,13.5,13.8,8.1,7.6,7.4,15.0,16.6,16.2,95.0,96.1,95.5,70.0,66.6,67.1,0.0,0.0,0.1,999.9,999.9,999.9,18,8.5,12.1
16585596,0723,77.5,81.0,80.6,50.9,47.6,47.7,869.5,896.5,897.1,9.9,13.4,13.8,6.2,7.6,7.3,15.0,16.6,16.3,91.9,96.1,95.4,63.0,66.6,67.0,0.02,0.0,0.1,999.9,999.9,999.9,0,8.5,12.7
16585596,0723,79.9,81.0,80.5,36.2,47.6,47.6,871.5,896.5,897.1,10.0,13.4,13.8,8.7,7.6,7.3,10.1,16.6,16.3,90.0,96.1,95.3,71.1,66.6,66.9,0.0,0.0,0.1,999.9,999.9,999.9,0,8.4,11.1
16585596,0723,85.4,81.0,80.5,48.9,47.5,47.3,872.9,896.5,897.2,10.0,13.4,12.8,8.2,7.6,7.5,13.0,16.6,16.0,91.9,96.1,94.9,66.0,66.6,66.8,0.0,0.0,0.1,999.9,999.9,999.9,0,8.4,10.5
16585596,0723,80.7,81.0,80.6,33.1,47.5,47.1,872.4,896.5,897.3,9.7,13.3,12.4,6.3,7.6,7.6,14.0,16.6,16.1,93.0,96.1,94.8,66.9,66.6,66.6,0.0,0.0,0.1,999.9,999.9,999.9,0,8.4,10.5
16585596,0723,88.8,81.0,80.3,45.2,47.4,46.4,999.9,896.5,893.1,13.5,13.3,12.4,4.7,7.6,7.4,18.1,16.6,16.0,104.0,96.0,94.7,61.0,66.5,66.5,0.0,0.0,0.1,999.9,999.9,999.9,0,8.4,9.9
16585596,0723,87.8,81.0,80.3,58.4,47.5,46.3,866.4,897.2,897.3,9.9,13.4,12.5,5.6,7.6,7.4,18.1,16.5,16.0,98.1,96.1,94.7,66.0,66.6,66.1,0.0,0.0,0.0,999.9,999.9,999.9,0,8.4,9.9
16585596,0723,82.7,81.1,80.6,37.5,47.6,47.0,873.1,897.1,892.8,10.0,13.4,12.5,10.2,7.6,7.5,20.0,16.6,16.0,95.0,96.1,94.8,66.9,66.6,66.2,0.15,0.0,0.0,999.9,999.9,999.9,18,8.4,8.3
16585596,0723,85.2,81.0,80.6,57.2,47.5,46.6,869.5,897.2,892.9,10.0,13.4,12.5,9.6,7.6,7.6,13.0,16.6,16.2,93.9,96.0,94.9,71.1,66.6,66.1,0.0,0.0,0.1,999.9,999.9,999.9,0,8.4,8.9
16585596,0723,89.6,81.1,81.4,39.9,47.5,46.7,873.6,897.1,892.8,10.0,13.3,12.5,8.1,7.6,7.6,12.0,16.6,15.8,93.9,96.1,95.0,54.0,66.7,66.0,0.0,0.0,0.0,999.9,999.9,999.9,0,8.4,8.3
16585596,0723,80.9,81.1,81.8,41.6,47.6,46.8,869.0,897.1,892.8,14.9,13.3,12.5,9.6,7.6,7.7,13.0,16.6,15.9,93.9,96.1,94.8,75.0,66.6,65.6,0.0,0.0,0.0,999.9,999.9,999.9,16,8.4,7.7
16585596,0723,88.1,81.1,81.6,44.1,47.5,46.7,868.1,896.4,892.9,10.0,13.2,12.7,8.8,7.7,7.8,14.0,16.5,15.8,104.0,96.0,95.0,66.9,66.6,66.2,0.0,0.0,0.0,999.9,999.9,999.9,0,8.5,6.6
16585596,0723,81.1,81.2,81.6,50.2,47.5,46.4,866.4,896.4,892.7,10.0,13.2,12.7,6.2,7.7,7.9,19.0,16.5,15.9,90.0,96.0,95.1,71.1,66.6,66.4,0.0,0.0,0.0,999.9,999.9,999.9,18,8.5,6.6
16585596,0723,80.7,81.2,81.3,40.5,47.5,46.6,871.4,896.4,888.3,9.7,13.2,12.7,6.9,7.7,7.9,13.0,16.5,15.9,95.0,96.1,94.7,62.2,66.6,66.7,0.0,0.0,0.0,999.9,999.9,999.9,18,8.5,6.6
16585596,0723,85.2,81.2,81.1,39.9,47.4,46.0,871.5,896.4,888.2,13.5,13.2,12.7,6.9,7.7,7.9,10.1,16.5,15.8,99.0,96.1,94.4,73.9,66.5,66.7,0.0,0.0,0.0,999.9,999.9,999.9,16,8.3,7.2
16585596,0723,81.1,81.2,81.2,49.3,47.4,45.5,869.5,896.4,888.2,10.0,13.1,12.8,7.8,7.7,7.7,24.1,16.4,15.6,99.0,96.1,95.1,61.0,66.6,67.3,0.02,0.0,0.0,999.9,999.9,999.9,18,8.4,7.1
16585596,0723,79.9,81.2,81.3,54.5,47.5,45.8,866.4,896.4,888.1,9.9,13.1,12.8,9.5,7.7,7.9,13.0,16.5,16.0,99.0,96.1,95.1,63.0,66.5,66.8,0.0,0.0,0.0,999.9,999.9,999.9,0,8.5,7.1
16585596,0723,85.2,81.2,81.3,55.6,47.5,46.2,871.5,895.6,888.0,10.0,13.1,11.8,6.2,7.7,7.9,24.3,16.5,16.0,91.9,96.1,95.4,62.1,66.4,66.7,0.0,0.0,0.0,999.9,999.9,999.9,0,8.5,7.1
16585596,0723,80.7,81.2,81.4,39.9,47.5,46.3,873.0,895.6,887.9,10.0,13.0,11.4,9.5,7.7,7.7,14.0,16.5,16.5,100.0,96.1,95.3,71.1,66.4,66.6,0.0,0.0,0.0,999.9,999.9,999.9,48,8.2,7.1
16585596,0723,83.0,81.1,81.4,49.2,47.5,46.2,999.9,895.7,883.7,14.9,13.0,11.4,6.3,7.7,7.9,14.0,16.5,16.4,89.1,96.1,95.3,57.0,66.4,66.5,0.0,0.0,0.0,999.9,999.9,999.9,0,8.5,8.7
16585596,0723,85.4,81.2,81.5,36.2,47.5,46.1,870.5,896.4,888.0,10.0,13.0,11.5,6.4,7.7,7.7,19.0,16.5,16.4,102.9,96.0,94.9,63.0,66.4,66.2,0.03,0.0,0.0,999.9,999.9,999.9,0,8.5,8.7
16585596,0723,85.2,81.2,81.5,41.4,47.4,46.0,872.4,896.4,888.1,30.7,13.0,11.5,8.1,7.7,7.6,10.1,16.5,16.6,99.0,96.1,95.2,66.0,66.4,66.3,0.0,0.0,0.0,999.9,999.9,999.9,0,8.5,8.7
16585596,0723,79.9,81.2,81.9,49.2,47.3,45.6,872.9,896.4,888.1,10.0,13.1,12.2,10.6,7.7,7.6,15.0,16.4,15.8,98.1,96.2,95.4,75.9,66.4,66.1,0.0,0.0,0.0,999.9,999.9,999.9,0,8.5,8.1
16585596,0723,79.9,81.3,82.0,48.9,47.3,45.8,999.9,896.3,888.2,10.0,13.1,12.2,5.3,7.7,7.6,19.0,16.4,15.1,95.0,96.3,95.3,75.9,66.5,66.1,0.0,0.0,0.0,999.9,999.9,999.9,0,8.5,8.1
16585596,0723,83.0,81.4,81.8,34.9,47.4,46.0,999.9,897.1,892.5,10.0,12.9,12.2,6.9,7.7,7.5,20.0,16.4,15.2,104.0,96.3,95.2,73.9,66.6,66.8,0.0,0.0,0.0,999.9,999.9,999.9,0,8.5,8.1
16585596,0723,86.8,81.3,82.0,45.0,47.3,45.5,999.9,897.8,896.8,10.0,12.9,12.2,6.2,7.7,7.6,15.9,16.5,15.5,104.0,96.4,95.5,70.0,66.6,67.2,0.0,0.0,0.0,999.9,999.9,999.9,0,8.4,7.5
16585596,0723,80.7,81.3,82.8,47.1,47.3,45.4,999.9,897.8,901.0,9.8,12.9,12.2,5.1,7.7,7.5,10.1,16.5,15.6,90.0,96.4,96.0,71.1,66.6,67.1,0.0,0.0,0.0,999.9,999.9,999.9,18,8.4,6.9
16585596,0723,89.2,81.3,82.9,57.2,47.4,45.8,869.0,898.5,905.2,39.8,12.9,12.2,9.3,7.7,7.4,15.0,16.4,15.6,100.0,96.3,96.1,59.0,66.6,67.5,0.0,0.0,0.0,999.9,999.9,999.9,18,8.5,6.9
16585596,0723,76.8,81.3,83.4,54.1,47.5,46.2,999.9,897.7,905.1,30.7,13.1,12.2,10.4,7.7,7.6,15.9,16.4,15.4,91.9,96.3,96.2,64.9,66.5,67.3,0.0,0.0,0.0,999.9,999.9,999.9,0,8.5,7.5
16585596,0723,82.7,81.3,83.3,55.9,47.5,46.5,873.0,898.5,909.3,22.2,13.2,12.9,6.5,7.7,7.7,18.1,16.4,15.3,90.0,96.4,96.1,64.9,66.4,67.1,0.0,0.0,0.0,999.9,999.9,999.9,18,8.5,6.9
16585596,0723,89.6,81.3,83.2,41.4,47.5,46.4,869.7,898.4,905.1,10.0,13.3,13.3,9.8,7.7,7.6,10.1,16.5,15.5,98.1,96.4,96.1,62.1,66.5,66.8,0.0,0.0,0.0,999.9,999.9,999.9,0,8.5,7.5
16585596,0723,79.9,81.3,83.4,44.1,47.5,46.1,875.8,898.4,900.8,9.7,13.2,13.3,7.8,7.7,7.7,20.0,16.4,15.3,102.9,96.4,96.2,66.2,66.4,66.5,0.0,0.0,0.0,999.9,999.9,999.9,0,8.5,6.9
16585596,0723,78.4,81.3,83.5,40.5,47.4,45.9,999.9,898.4,901.0,10.0,13.2,13.3,10.6,7.7,7.7,13.0,16.4,15.5,102.0,96.5,96.6,54.0,66.4,66.6,0.0,0.0,0.0,999.9,999.9,999.9,0,8.5,6.9
16585596,0723,89.2,81.2,83.5,54.6,47.3,46.0,872.7,898.4,905.2,9.9,13.1,13.3,9.5,7.7,7.8,34.0,16.4,15.6,93.9,96.4,97.0,73.9,66.4,66.1,0.14,0.0,0.0,999.9,999.9,999.9,18,8.5,6.9
16585596,0723,76.8,81.3,83.6,47.2,47.3,46.2,999.9,897.7,905.2,10.0,13.1,13.3,9.3,7.7,7.8,19.0,16.5,16.3,93.0,96.4,97.0,63.0,66.4,66.3,0.0,0.0,0.0,999.9,999.9,999.9,0,8.5,7.5
16585596,0723,78.4,81.2,83.5,52.0,47.3,46.7,869.7,898.4,909.5,9.7,13.1,13.3,8.8,7.8,7.9,17.1,16.6,16.5,98.1,96.4,97.0,61.0,66.5,66.2,0.0,0.0,0.0,999.9,999.9,999.9,0,8.4,7.5
16585596,0723,82.7,81.2,83.1,57.6,47.3,46.9,869.5,898.4,905.1,20.3,13.1,13.2,6.5,7.8,8.1,19.0,16.6,16.4,93.9,96.4,96.8,61.0,66.4,66.2,0.15,0.0,0.0,999.9,999.9,999.9,18,8.4,7.5
16585596,0723,83.0,81.2,82.9,41.4,47.4,46.9,872.4,898.4,905.2,10.0,13.2,13.5,10.2,7.8,8.1,31.1,16.5,16.5,88.7,96.4,96.7,71.1,66.4,66.0,0.03,0.0,0.0,999.9,999.9,999.9,0,8.5,8.1
16585596,0723,80.7,81.3,82.9,41.6,47.3,47.0,869.7,897.7,905.2,9.9,13.2,13.5,6.9,7.8,8.1,18.1,16.6,16.8,102.9,96.4,96.5,64.9,66.4,66.2,0.0,0.0,0.0,999.9,999.9,999.9,0,8.5,7.5
16585596,0723,81.8,81.2,82.8,50.9,47.3,46.5,869.7,897.7,905.2,10.0,13.1,13.5,9.8,7.8,8.0,15.0,16.6,17.0,102.9,96.4,96.8,66.9,66.4,66.0,0.0,0.0,0.0,999.9,999.9,999.9,0,8.4,7.5
16585596,0723,85.2,81.3,82.5,55.6,47.3,46.9,871.0,897.0,905.1,10.0,12.9,13.5,5.3,7.8,8.1,11.1,16.6,17.1,79.0,96.4,97.1,72.0,66.3,66.4,0.0,0.0,0.0,999.9,999.9,999.9,0,8.4,7.5
16585596,0723,86.6,81.2,82.7,55.6,47.4,47.3,872.4,897.0,905.2,9.9,12.9,13.4,10.2,7.8,7.9,20.0,16.6,17.0,99.0,96.3,96.6,71.1,66.3,66.3,0.03,0.0,0.0,999.9,999.9,999.9,18,8.4,6.9
16585596,0723,82.8,81.2,82.6,45.0,47.4,47.7,869.5,897.0,905.3,10.0,12.9,13.4,10.1,7.8,8.0,34.0,16.6,17.2,93.9,96.3,96.4,68.0,66.4,66.4,0.0,0.0,0.0,999.9,999.9,999.9,0,8.4,7.5
16585596,0723,69.7,81.2,82.7,41.4,47.4,47.5,875.8,897.0,905.4,9.9,12.9,13.4,8.2,7.8,8.1,34.0,16.7,17.7,99.0,96.3,96.5,66.9,66.4,66.3,0.0,0.0,0.0,999.9,999.9,999.9,0,8.3,6.9
16585596,0723,82.8,81.1,82.3,46.5,47.3,47.6,999.9,897.0,905.6,10.0,12.9,13.4,5.3,7.8,8.1,15.9,16.8,18.4,98.1,96.3,96.7,68.0,66.4,66.5,0.15,0.0,0.0,999.9,999.9,999.9,0,8.2,6.3
16585596,0723,79.9,81.2,82.2,34.9,47.4,47.8,872.9,897.7,909.8,9.9,12.9,13.2,8.7,7.8,8.1,13.0,16.8,18.6,102.0,96.3,96.6,73.0,66.4,66.3,0.0,0.0,0.0,999.9,999.9,999.9,0,8.2,5.8
16585596,0723,78.4,81.3,82.2,41.4,47.3,47.3,999.9,897.0,910.0,9.7,12.8,13.2,3.7,7.8,8.1,11.1,16.8,18.3,90.0,96.3,96.7,73.0,66.4,66.7,0.01,0.0,0.0,999.9,999.9,999.9,0,8.2,5.2
16585596,0723,76.8,81.2,82.1,40.5,47.4,46.9,870.4,897.7,914.4,13.5,12.8,13.2,9.3,7.8,7.9,13.0,16.7,18.2,95.0,96.2,96.4,71.1,66.4,67.0,0.0,0.0,0.0,999.9,999.9,999.9,0,8.1,5.2
16585596,0723,74.2,81.2,81.9,55.6,47.4,46.4,869.5,897.7,914.4,9.8,12.8,13.3,4.7,7.8,8.0,24.3,16.6,17.8,87.1,96.2,96.5,72.0,66.4,67.3,0.0,0.0,0.0,999.9,999.9,999.9,0,8.1,5.2
16585596,0723,88.1,81.1,81.7,44.6,47.4,46.9,870.5,897.0,914.3,9.9,12.8,13.3,5.3,7.7,7.9,31.1,16.7,18.2,90.0,96.2,96.1,57.0,66.5,67.4,0.0,0.0,0.0,999.9,999.9,999.9,16,8.1,3.6
16585596,0723,79.9,81.2,81.8,41.4,47.4,46.7,869.5,896.3,909.9,10.0,12.7,13.2,3.7,7.7,7.8,11.1,16.8,18.7,99.0,96.1,96.1,66.9,66.5,67.4,0.0,0.0,0.0,999.9,999.9,999.9,0,8.1,4.1
16585596,0723,79.3,81.2,81.6,54.1,47.4,46.9,869.5,896.3,909.9,9.9,12.7,13.2,11.6,7.7,7.7,24.3,16.7,18.5,99.0,96.1,96.0,70.0,66.4,67.5,0.0,0.0,0.0,999.9,999.9,999.9,0,8.1,4.1
16585596,0723,69.7,81.2,81.4,55.9,47.5,47.3,873.1,896.3,909.8,10.0,12.7,12.5,8.1,7.7,7.9,26.0,16.8,18.9,91.9,96.2,96.0,66.2,66.4,67.6,0.0,0.0,0.0,999.9,999.9,999.9,0,8.1,4.1
16585596,0723,76.8,81.1,81.1,45.0,47.5,47.6,999.9,896.3,909.8,9.9,12.7,12.5,9.5,7.7,7.8,34.0,16.8,19.3,95.0,96.1,95.8,64.9,66.5,67.3,0.0,0.0,0.0,999.9,999.9,999.9,0,8.1,4.1
16585596,0723,74.2,81.1,81.0,40.5,47.5,47.4,999.9,897.0,909.8,10.0,12.7,12.5,8.2,7.7,7.9,18.1,16.9,19.8,95.0,96.1,95.8,70.0,66.4,66.9,0.0,0.0,0.0,999.9,999.9,999.9,18,8.1,4.1
16585596,0723,89.2,81.1,80.7,34.9,47.4,47.6,873.5,897.7,909.8,39.8,12.7,12.5,6.5,7.7,8.0,19.0,16.8,19.7,93.0,96.0,95.5,66.9,66.4,66.8,0.0,0.0,0.0,999.9,999.9,999.9,0,8.1,4.7
16585596,0723,81.1,81.1,80.8,54.6,47.4,47.3,873.1,897.7,905.6,10.0,12.8,13.5,11.6,7.7,8.0,31.1,16.8,19.9,90.0,96.0,95.1,62.2,66.4,66.7,0.0,0.0,0.0,999.9,999.9,999.9,0,8.1,4.7
16585596,0723,78.3,81.1,80.8,37.5,47.4,47.5,869.5,897.7,901.4,9.8,12.8,13.5,6.5,7.8,8.2,13.0,16.9,20.6,99.0,95.9,95.1,73.9,66.4,66.4,0.0,0.0,0.0,999.9,999.9,999.9,18,8.1,4.1
16585596,0723,85.4,81.1,80.4,57.5,47.4,46.9,869.5,897.7,901.4,10.0,12.8,12.5,9.3,7.8,8.1,10.1,16.8,20.5,102.9,95.9,95.1,66.0,66.5,66.9,0.0,0.0,0.0,999.9,999.9,999.9,0,8.1,4.1
16585596,0723,81.1,81.1,80.7,50.9,47.6,47.0,872.4,897.0,897.0,9.7,12.8,11.8,4.7,7.8,8.0,11.1,16.7,20.3,91.9,95.9,95.5,64.9,66.5,66.9,0.02,0.0,0.0,999.9,999.9,999.9,0,8.1,4.1
16585596,0723,78.3,81.2,80.7,47.2,47.6,46.8,869.6,897.0,897.0,10.0,12.8,11.4,7.8,7.8,8.0,10.1,16.7,20.1,93.0,95.9,95.5,73.9,66.5,66.9,0.0,0.0,0.0,999.9,999.9,999.9,18,8.1,3.5
16585596,0723,85.2,81.1,80.3,37.5,47.5,47.0,873.0,897.0,897.0,10.0,12.6,11.4,9.6,7.8,7.9,15.0,16.6,20.1,93.0,95.9,95.4,63.0,66.5,67.3,0.0,0.0,0.0,999.9,999.9,999.9,0,8.1,4.1
16585596,0723,76.7,81.1,80.5,49.2,47.5,46.8,870.5,896.3,896.9,9.9,12.6,11.4,5.1,7.8,8.0,13.0,16.6,19.9,93.9,95.9,95.0,61.0,66.5,67.2,0.14,0.0,0.0,999.9,999.9,999.9,0,8.1,4.1
16585596,0723,79.3,81.2,80.4,54.6,47.5,47.1,870.0,896.3,892.6,10.0,12.6,11.4,10.1,7.8,7.8,13.0,16.6,19.9,87.1,95.8,94.8,71.1,66.4,67.5,0.11,0.0,0.0,999.9,999.9,999.9,0,8.1,4.1
16585596,0723,74.2,81.2,80.1,57.2,47.5,47.1,869.5,896.2,892.5,9.9,12.6,11.4,9.8,7.8,7.8,15.0,16.6,19.2,93.9,95.9,94.5,62.1,66.5,67.4,0.0,0.0,0.0,999.9,999.9,999.9,0,8.1,3.5
16585596,0723,81.1,81.1,80.0,41.6,47.6,47.4,999.9,896.2,888.2,9.9,12.6,11.4,7.8,7.8,7.8,10.1,16.6,19.1,98.1,95.9,94.6,63.0,66.5,67.3,0.0,0.0,0.0,999.9,999.9,999.9,0,8.1,3.5
16585596,0723,85.2,81.1,80.1,50.9,47.6,47.1,871.0,897.0,892.5,10.0,12.6,11.4,9.9,7.7,7.8,17.1,16.6,18.8,100.0,95.9,94.6,61.0,66.5,67.4,0.0,0.0,0.0,999.9,999.9,999.9,0,8.0,3.5
16585596,0723,88.8,81.1,80.2,55.9,47.7,46.9,869.0,897.0,892.6,10.0,12.6,11.0,8.8,7.8,7.9,11.1,16.5,18.8,89.1,95.9,94.8,62.1,66.4,67.4,0.02,0.0,0.0,999.9,999.9,999.9,18,7.9,2.9
16585596,0723,62.0,81.1,80.4,50.2,47.7,47.3,869.6,896.2,892.5,10.0,12.6,11.0,3.7,7.8,7.9,15.9,16.5,18.1,93.9,95.8,94.8,73.0,66.4,67.1,0.15,0.0,0.0,999.9,999.9,999.9,0,8.0,3.5
16585596,0723,86.6,81.0,79.7,57.5,47.6,47.6,869.5,896.2,892.5,10.0,12.6,11.0,9.3,7.7,7.8,19.0,16.5,18.0,102.0,95.9,94.5,66.0,66.4,67.4,0.0,0.0,0.0,999.9,999.9,999.9,0,8.0,3.5
16585596,0723,85.2,81.1,79.9,54.5,47.7,47.8,871.4,896.2,892.4,20.3,12.6,11.0,5.3,7.7,7.7,17.1,16.5,18.2,99.0,95.9,94.5,63.0,66.5,67.3,0.0,0.0,0.0,999.9,999.9,999.9,18,7.9,3.5
16585596,0723,62.0,81.1,79.9,44.1,47.7,47.8,870.0,895.5,892.5,22.2,12.6,11.4,6.3,7.7,7.7,19.0,16.5,18.4,99.0,96.0,95.1,72.0,66.5,67.0,0.0,0.0,0.0,999.9,999.9,999.9,0,7.9,4.1
16585596,0723,62.0,81.0,79.1,41.2,47.6,47.4,872.4,895.5,892.4,9.9,12.7,11.8,5.1,7.7,7.6,10.1,16.5,18.3,95.0,96.1,95.1,61.0,66.6,67.1,0.0,0.0,0.0,999.9,999.9,999.9,16,7.9,3.5
16585596,0723,78.4,80.8,78.4,47.1,47.6,47.3,875.8,895.5,892.5,9.9,12.7,11.8,6.3,7.7,7.5,13.0,16.5,17.5,79.0,96.1,95.2,66.0,66.5,66.8,0.0,0.0,0.0,999.9,999.9,999.9,18,8.0,4.1
16585596,0723,85.2,80.8,78.7,45.2,47.6,47.5,871.5,895.5,892.5,10.0,12.7,11.8,6.2,7.7,7.4,14.0,16.4,16.8,99.0,95.9,94.5,54.0,66.6,66.8,0.0,0.0,0.0,999.9,999.9,999.9,18,8.0,4.7
16585596,0723,69.7,80.8,78.8,41.2,47.6,47.4,870.4,895.5,888.2,10.0,12.7,11.8,9.8,7.7,7.4,14.0,16.4,16.8,102.0,96.0,94.5,64.9,66.6,66.3,0.0,0.0,0.0,999.9,999.9,999.9,0,8.1,5.3
16585596,0723,87.8,80.8,78.4,57.6,47.6,47.7,872.7,895.5,888.1,30.7,12.7,11.8,6.3,7.7,7.5,24.1,16.4,16.8,89.1,96.0,94.5,66.0,66.6,66.1,0.0,0.0,0.0,999.9,999.9,999.9,2,8.0,5.3
16585596,0723,82.3,80.8,78.7,55.6,47.6,48.2,875.8,895.5,883.9,39.8,12.8,12.5,7.8,7.6,7.5,13.0,16.5,17.2,93.0,95.9,94.5,70.0,66.7,65.8,0.0,0.0,0.0,999.9,999.9,999.9,18,8.0,5.3
16585596,0723,76.8,80.8,78.9,50.9,47.6,48.7,871.4,895.5,884.1,9.9,13.0,13.4,3.7,7.6,7.5,15.9,16.5,17.2,102.9,95.9,94.4,64.9,66.7,65.8,0.01,0.0,0.0,999.9,999.9,999.9,0,8.1,5.9
16585596,0723,85.4,80.8,79.0,45.2,47.7,48.5,873.5,895.6,884.1,10.0,12.9,13.4,6.4,7.6,7.5,15.9,16.5,16.9,90.0,95.9,95.0,66.0,66.7,65.6,0.11,0.0,0.0,999.9,999.9,999.9,0,8.0,5.9
16585596,0723,82.7,80.8,78.9,57.5,47.7,48.6,999.9,895.6,884.2,10.0,12.9,13.4,5.3,7.6,7.5,19.0,16.5,16.4,95.0,95.9,95.0,73.0,66.7,65.9,0.0,0.0,0.0,999.9,999.9,999.9,0,8.0,5.4
16585596,0723,77.1,80.8,79.0,34.9,47.8,49.1,873.1,896.3,888.6,9.8,12.9,13.4,8.7,7.6,7.5,14.0,16.5,16.7,95.0,95.9,94.8,63.0,66.8,66.1,0.0,0.0,0.0,999.9,999.9,999.9,0,7.9,5.4
16585596,0723,85.2,80.8,78.9,45.0,47.7,48.5,999.9,896.3,888.7,10.0,12.9,13.4,4.7,7.6,7.5,17.1,16.5,16.4,95.0,95.9,94.7,61.0,66.7,65.8,0.0,0.0,0.0,999.9,999.9,999.9,18,7.9,5.4
16585596,0723,86.6,80.9,79.4,55.9,47.6,48.1,871.5,896.3,892.9,41.0,12.9,13.4,8.2,7.6,7.3,26.0,16.6,16.1,100.0,95.9,94.8,66.9,66.7,65.7,0.0,0.0,0.0,999.9,999.9,999.9,0,7.9,6.0
16585596,0723,69.7,80.9,79.8,54.1,47.6,48.5,866.4,896.3,888.6,10.0,13.0,14.4,6.5,7.6,7.3,18.1,16.6,15.8,93.9,95.9,95.0,71.1,66.7,65.7,0.0,0.0,0.0,999.9,999.9,999.9,18,7.9,6.0
16585596,0723,82.7,80.9,79.6,49.3,47.7,48.9,872.4,896.2,884.2,10.0,13.0,14.4,10.1,7.6,7.2,24.1,16.6,15.8,95.0,95.8,94.9,70.0,66.7,65.8,0.0,0.0,0.0,999.9,999.9,999.9,18,7.9,6.0
16585596,0723,76.4,80.9,79.4,54.5,47.7,49.4,870.4,896.2,884.1,10.0,13.0,13.4,3.7,7.6,7.4,8.9,16.6,16.0,99.0,95.8,95.0,57.0,66.7,65.9,0.0,0.0,0.0,999.9,999.9,999.9,0,8.0,6.6
16585596,0723,76.8,80.8,79.2,48.9,47.8,49.4,999.9,896.2,884.1,10.0,13.0,13.4,7.8,7.6,7.1,13.0,16.5,15.2,99.0,95.8,95.3,66.0,66.7,65.7,0.0,0.0,0.0,999.9,999.9,999.9,0,8.0,6.6
16585596,0723,85.4,80.8,79.2,54.1,47.8,49.8,871.5,896.9,888.4,9.7,12.8,13.4,10.2,7.5,7.1,19.0,16.5,15.2,102.0,95.8,95.3,71.1,66.6,65.4,0.33,0.0,0.0,999.9,999.9,999.9,18,7.9,6.0
16585596,0723,80.9,80.8,79.2,55.6,47.8,49.7,869.6,897.0,888.5,9.9,12.8,13.4,5.3,7.6,7.2,18.1,16.5,15.5,95.0,95.9,95.3,62.1,66.7,65.6,0.33,0.0,0.0,999.9,999.9,999.9,0,8.0,6.6
16585596,0723,81.1,80.8,79.2,36.2,47.9,49.8,872.4,896.2,888.4,9.7,12.7,13.4,6.4,7.6,7.2,12.0,16.4,15.8,93.0,95.9,95.4,57.9,66.7,65.5,0.0,0.0,0.0,999.9,999.9,999.9,0,8.0,6.6
16585596,0723,88.1,80.8,79.3,54.1,47.8,49.4,873.1,896.2,888.5,9.9,12.7,13.4,6.6,7.5,7.1,24.3,16.4,15.8,95.0,95.8,95.4,64.9,66.7,65.0,0.0,0.0,0.0,999.9,999.9,999.9,18,7.9,6.0
16585596,0723,81.8,80.8,79.4,50.9,47.7,50.0,872.4,896.3,888.5,9.7,12.7,13.4,10.4,7.5,7.0,15.0,16.5,16.1,95.0,95.8,95.4,73.9,66.7,65.0,0.02,0.0,0.0,999.9,999.9,999.9,0,8.0,6.6
16585596,0723,69.7,80.8,79.6,46.5,47.8,50.0,873.0,896.3,888.5,9.8,12.7,13.4,6.3,7.5,7.2,12.0,16.5,16.2,93.0,95.9,95.5,66.9,66.7,65.5,0.0,0.0,0.0,999.9,999.9,999.9,0,8.0,6.6
16585596,0723,88.8,80.7,79.2,54.1,47.8,49.8,873.0,896.3,888.6,39.8,12.6,13.4,10.1,7.6,7.1,13.0,16.5,16.2,102.0,95.9,95.7,61.0,66.8,65.3,0.0,0.0,0.0,999.9,999.9,999.9,0,8.0,6.6
16585596,0723,86.8,80.8,79.7,34.9,47.8,49.7,870.5,896.3,888.7,20.3,12.8,14.4,6.9,7.6,7.1,10.1,16.5,16.1,102.0,95.9,95.9,71.1,66.7,65.3,0.0,0.0,0.0,999.9,999.9,999.9,0,8.0,6.6
16585596,0723,80.9,80.8,79.9,55.6,47.7,49.5,872.4,895.6,884.4,9.9,12.9,14.7,8.2,7.6,7.1,19.0,16.5,16.1,102.9,96.0,96.1,62.1,66.8,65.6,0.0,0.0,0.0,999.9,999.9,999.9,0,8.0,6.6
16585596,0723,69.7,80.8,79.8,57.2,47.8,49.6,870.5,895.6,884.5,10.0,12.9,14.7,5.3,7.6,7.0,18.1,16.5,16.2,93.0,96.0,96.2,64.9,66.8,65.6,0.0,0.0,0.0,999.9,999.9,999.9,0,7.9,6.6
16585596,0723,82.3,80.7,79.1,57.2,47.8,49.7,999.9,894.9,884.5,30.7,12.9,14.7,8.2,7.5,6.9,18.1,16.5,16.4,79.0,95.9,96.3,62.2,66.7,65.7,0.33,0.0,0.0,999.9,999.9,999.9,18,7.9,6.0
16585596,0723,85.2,80.8,79.8,45.2,47.9,49.9,873.6,895.6,888.9,39.8,13.0,15.4,8.2,7.5,7.0,13.0,16.5,16.5,93.0,95.8,95.8,75.0,66.7,65.3,0.0,0.0,0.0,999.9,999.9,999.9,16,8.0,6.6
16585596,0723,77.1,80.8,79.8,49.2,47.8,49.5,873.0,895.6,889.0,9.9,13.1,16.4,3.7,7.6,7.0,19.0,16.5,16.3,91.9,95.8,95.5,59.0,66.7,65.6,0.0,0.0,0.0,999.9,999.9,999.9,0,8.0,7.1
16585596,0723,82.7,80.8,79.5,54.5,47.9,49.3,869.5,894.9,889.1,14.9,13.1,16.1,9.3,7.5,7.0,19.0,16.4,16.3,99.0,95.7,95.3,71.1,66.6,65.5,0.0,0.0,0.0,999.9,999.9,999.9,18,8.0,6.5
16585596,0723,78.4,80.9,80.2,55.6,47.9,49.6,999.9,894.9,889.0,39.8,13.2,15.8,10.6,7.5,7.1,11.1,16.5,16.3,100.0,95.7,95.3,66.0,66.6,65.5,0.11,0.0,0.0,999.9,999.9,999.9,18,8.1,7.1
16585596,0723,82.8,80.9,80.7,37.5,47.9,50.1,873.1,895.6,893.3,22.3,13.3,16.8,9.9,7.6,7.2,19.0,16.5,16.4,87.1,95.7,95.4,62.1,66.6,65.6,0.0,0.0,0.0,999.9,999.9,999.9,18,8.1,7.2
16585596,0723,82.3,80.9,80.9,33.1,47.8,49.8,999.9,895.6,893.2,39.8,13.4,17.2,9.3,7.6,7.4,12.0,16.5,16.6,102.9,95.7,95.7,64.9,66.6,65.5,0.0,0.0,0.0,999.9,999.9,999.9,0,8.1,7.2
16585596,0723,89.2,80.9,80.8,57.5,47.8,49.4,873.0,895.6,897.5,10.0,13.6,18.2,8.1,7.6,7.5,24.1,16.5,16.5,93.9,95.7,95.8,64.9,66.6,65.9,0.0,0.0,0.0,999.9,999.9,999.9,0,8.1,6.6
16585596,0723,78.4,80.9,81.4,55.6,47.9,49.9,873.0,895.6,897.6,13.5,13.6,18.2,6.2,7.6,7.4,18.1,16.5,16.8,93.9,95.7,95.6,71.1,66.7,65.9,0.11,0.0,0.0,999.9,999.9,999.9,0,8.0,6.6
16585596,0723,62.0,80.9,81.1,41.2,48.0,49.9,999.9,895.6,897.6,9.9,13.6,17.7,5.6,7.6,7.4,31.1,16.5,16.6,100.0,95.7,95.7,71.1,66.7,66.0,0.03,0.0,0.0,999.9,999.9,999.9,0,8.0,6.5
16585596,0723,79.3,80.8,80.4,48.9,48.0,49.4,871.0,896.3,901.7,22.2,13.6,16.7,5.6,7.6,7.3,10.1,16.6,17.2,93.0,95.7,95.9,61.0,66.8,66.1,0.0,0.0,0.0,999.9,999.9,999.9,0,7.9,5.9
16585596,0723,80.9,80.8,80.5,36.2,48.0,49.3,873.5,896.3,901.7,10.0,13.6,17.1,10.1,7.6,7.4,19.0,16.5,17.0,95.0,95.8,95.6,62.1,66.7,65.9,0.0,0.0,0.0,999.9,999.9,999.9,0,7.8,5.9
16585596,0723,85.4,80.8,80.4,33.1,47.9,49.0,869.0,896.3,901.7,10.0,13.6,17.1,4.7,7.6,7.5,18.1,16.5,17.1,95.0,95.7,95.8,61.0,66.7,65.8,0.02,0.0,0.0,999.9,999.9,999.9,18,7.8,5.9
16585596,0723,87.8,80.8,80.5,44.6,47.8,48.2,999.9,895.6,897.3,22.3,13.6,17.1,3.7,7.6,7.5,13.0,16.5,17.1,93.0,95.8,95.8,70.0,66.6,65.4,0.0,0.0,0.0,999.9,999.9,999.9,0,7.8,6.5
16585596,0723,69.7,80.8,80.8,49.2,47.8,48.5,999.9,895.6,901.6,10.0,13.7,17.5,8.1,7.5,7.3,24.3,16.5,17.1,89.1,95.7,95.7,71.1,66.6,65.6,0.01,0.0,0.0,999.9,999.9,999.9,0,7.7,6.5
16585596,0723,82.7,80.8,80.3,57.5,47.9,48.7,869.0,896.3,901.6,30.7,13.7,17.5,6.5,7.5,7.4,18.1,16.6,17.3,102.0,95.7,95.5,68.0,66.7,66.0,0.01,0.0,0.0,999.9,999.9,999.9,18,7.7,5.9
16585596,0723,82.8,80.8,80.2,40.5,48.0,48.7,873.6,895.6,901.5,9.9,13.8,17.1,5.6,7.5,7.4,13.0,16.6,17.1,99.0,95.7,95.6,66.0,66.7,66.0,0.0,0.0,0.0,999.9,999.9,999.9,2,7.8,6.5
16585596,0723,89.6,80.8,80.6,45.2,48.0,48.3,873.6,895.6,901.7,10.0,13.8,17.1,11.6,7.5,7.4,24.1,16.6,16.9,104.0,95.7,95.8,54.0,66.7,65.8,0.0,0.0,0.0,999.9,999.9,999.9,18,7.8,6.0
16585596,0723,76.4,80.8,80.8,44.1,48.0,48.1,999.9,895.6,901.8,10.0,13.8,17.1,9.5,7.6,7.4,18.1,16.6,16.9,104.0,95.7,96.1,75.9,66.6,65.3,0.14,0.0,0.0,999.9,999.9,999.9,0,7.8,6.0
16585596,0723,86.6,80.8,80.8,47.2,47.9,47.8,869.7,896.3,906.1,10.0,13.8,17.1,5.3,7.6,7.6,8.9,16.6,17.2,102.0,95.7,96.2,57.9,66.6,65.9,0.33,0.0,0.0,999.9,999.9,999.9,0,7.7,6.0
16585596,0723,79.9,80.8,81.2,47.2,47.9,47.7,873.0,896.3,901.7,9.8,13.8,17.1,4.7,7.6,7.5,19.0,16.5,17.1,93.0,95.8,96.3,71.1,66.6,65.7,0.11,0.0,0.1,999.9,999.9,999.9,18,7.6,6.0
16585596,0723,79.3,80.7,81.0,48.9,47.8,47.5,869.0,896.3,901.8,10.0,13.8,17.1,6.6,7.6,7.3,11.1,16.5,17.1,102.9,95.7,96.0,75.9,66.6,65.7,0.0,0.0,0.1,999.9,999.9,999.9,0,7.7,6.0
16585596,0723,88.8,80.7,80.9,41.4,47.8,47.3,870.5,895.6,901.8,9.9,13.8,17.2,5.3,7.5,7.4,15.9,16.5,16.8,102.0,95.7,96.3,71.1,66.7,66.1,0.0,0.0,0.0,999.9,999.9,999.9,2,7.7,6.0
16585596,0723,89.2,80.7,81.2,49.2,47.8,47.5,873.0,895.6,901.7,9.9,13.8,17.2,5.6,7.5,7.3,14.0,16.5,17.0,98.1,95.7,96.6,73.9,66.6,66.6,0.0,0.0,0.0,999.9,999.9,999.9,18,7.7,6.1
16585596,0723,80.7,80.8,81.2,54.5,47.9,47.3,873.1,895.6,901.7,9.8,13.8,17.2,9.6,7.5,7.3,15.0,16.5,16.6,93.9,95.8,96.7,62.1,66.7,66.9,0.0,0.0,0.0,999.9,999.9,999.9,0,7.7,6.1
16585596,0723,83.0,80.9,81.2,55.6,47.9,47.4,872.4,895.6,901.7,10.0,13.8,17.2,6.6,7.5,7.3,20.0,16.5,16.6,99.0,95.8,96.7,73.0,66.7,66.5,0.0,0.0,0.0,999.9,999.9,999.9,0,7.7,6.1
16585596,0723,89.2,80.9,81.6,46.5,47.9,47.7,870.5,895.6,901.7,9.7,13.8,17.2,9.3,7.5,7.3,15.9,16.6,16.9,98.1,95.9,96.9,73.0,66.7,66.7,0.0,0.0,0.0,999.9,999.9,999.9,0,7.7,6.1
16585596,0723,78.4,80.9,81.6,50.2,47.8,47.5,869.6,895.6,901.6,10.0,13.8,16.2,3.7,7.5,7.3,17.1,16.6,17.0,104.0,95.9,96.7,66.0,66.8,67.1,0.0,0.0,0.0,999.9,999.9,999.9,0,7.6,6.1
16585596,0723,89.6,80.9,81.4,47.1,47.9,48.0,872.4,894.9,901.6,14.9,13.8,15.8,3.7,7.5,7.2,18.1,16.7,17.2,93.0,96.0,96.8,62.1,66.7,66.9,0.0,0.0,0.0,999.9,999.9,999.9,0,7.6,6.1
16585596,0723,86.8,81.0,81.6,41.4,47.9,47.7,871.0,894.9,901.6,9.9,13.8,16.0,9.5,7.5,7.0,10.1,16.7,17.2,93.0,95.9,96.5,61.0,66.6,66.9,0.0,0.0,0.0,999.9,999.9,999.9,0,7.5,6.1
16585596,0723,82.3,81.0,82.2,39.9,47.9,47.2,999.9,894.9,901.6,9.9,13.8,16.0,7.8,7.5,7.1,11.1,16.7,16.9,102.9,95.9,96.5,71.1,66.7,66.8,0.14,0.0,0.0,999.9,999.9,999.9,0,7.4,6.1
16585596,0723,80.9,81.0,82.2,47.1,47.8,46.6,999.9,895.6,901.6,20.3,13.8,15.3,6.4,7.5,7.1,20.0,16.7,16.7,95.0,95.9,97.3,73.9,66.6,67.1,0.0,0.0,0.0,999.9,999.9,999.9,0,7.4,5.5
16585596,0723,85.2,81.1,82.1,44.1,47.8,46.7,999.9,896.3,905.8,9.9,13.8,14.6,9.8,7.5,7.1,15.9,16.7,16.9,102.9,95.8,97.3,75.9,66.7,67.0,0.0,0.0,0.0,999.9,999.9,999.9,18,7.3,4.9
16585596,0723,85.4,81.0,82.3,47.1,47.7,46.5,999.9,897.0,910.1,9.7,13.8,14.6,9.8,7.5,7.3,17.1,16.7,16.8,95.0,95.8,97.7,62.2,66.7,67.6,0.0,0.0,0.0,999.9,999.9,999.9,0,7.4,5.5
16585596,0723,81.1,81.1,82.4,41.6,47.6,46.2,872.4,897.7,914.4,10.0,13.8,14.5,9.3,7.5,7.3,20.0,16.6,16.7,87.1,95.9,97.6,71.1,66.7,67.3,0.0,0.0,0.0,999.9,999.9,999.9,18,7.4,4.9
16585596,0723,82.3,81.1,82.5,54.5,47.5,45.8,870.4,897.8,910.2,10.0,13.8,13.5,3.7,7.5,7.3,14.0,16.6,17.0,95.0,95.9,97.1,62.1,66.7,67.5,0.02,0.0,0.0,999.9,999.9,999.9,18,7.4,4.9
16585596,0723,78.3,81.1,82.5,44.1,47.7,46.3,871.4,897.8,910.1,10.0,13.8,13.1,9.8,7.5,7.0,15.9,16.6,16.9,91.9,95.9,97.4,66.9,66.7,67.5,0.33,0.0,0.0,999.9,999.9,999.9,18,7.4,4.9
16585596,0723,69.7,81.1,82.4,40.5,47.6,46.7,875.8,897.7,905.8,20.3,13.8,12.1,6.5,7.5,7.1,15.0,16.6,17.0,93.9,95.9,97.0,57.0,66.7,67.5,0.0,0.0,0.0,999.9,999.9,999.9,0,7.5,5.5
16585596,0723,80.3,81.0,81.7,33.1,47.6,46.1,999.9,897.8,905.9,10.0,13.8,12.4,5.3,7.5,7.0,11.1,16.6,16.7,102.0,95.9,97.0,71.1,66.6,67.3,0.14,0.0,0.0,999.9,999.9,999.9,18,7.4,5.5
16585596,0723,80.3,81.0,81.8,40.5,47.5,45.4,999.9,898.5,910.1,13.5,13.8,12.3,9.5,7.5,7.0,13.0,16.5,16.5,88.7,95.9,97.3,71.1,66.6,67.3,0.14,0.0,0.0,999.9,999.9,999.9,0,7.4,6.1
16585596,0723,85.2,81.1,82.4,57.6,47.5,45.4,872.9,899.2,910.1,20.3,13.8,12.4,6.2,7.5,7.1,18.1,16.5,15.9,98.1,95.8,96.9,71.1,66.7,67.3,0.11,0.0,0.0,999.9,999.9,999.9,18,7.3,6.1
16585596,0723,81.1,81.1,82.6,33.1,47.5,45.7,999.9,899.2,910.2,30.7,13.9,12.4,9.9,7.5,7.1,13.0,16.5,16.1,102.9,95.8,97.1,71.1,66.7,67.6,0.0,0.0,0.1,999.9,999.9,999.9,18,7.3,6.7
16585596,0723,81.8,81.2,82.6,57.5,47.5,45.6,871.5,899.9,914.4,9.9,14.0,13.0,11.6,7.5,7.1,18.1,16.5,15.9,93.0,95.9,97.3,62.1,66.7,67.9,0.0,0.0,0.1,999.9,999.9,999.9,0,7.4,7.3
16585596,0723,69.7,81.2,82.5,57.5,47.5,46.4,872.7,899.9,914.5,9.7,14.0,13.0,8.8,7.5,7.4,19.0,16.5,15.9,95.0,95.9,97.3,62.1,66.8,68.0,0.0,0.0,0.0,999.9,999.9,999.9,0,7.4,6.7
16585596,0723,76.4,81.1,81.9,57.5,47.5,46.8,870.4,900.0,910.2,9.7,14.0,12.6,4.9,7.5,7.5,15.0,16.6,16.1,90.0,95.8,97.3,64.9,66.7,67.7,0.0,0.0,0.0,999.9,999.9,999.9,0,7.3,6.7
16585596,0723,80.7,81.1,82.1,46.5,47.5,47.1,999.9,899.2,905.9,9.8,14.0,12.6,10.1,7.5,7.4,13.0,16.6,15.8,90.0,95.8,97.4,61.0,66.7,67.5,0.01,0.0,0.0,999.9,999.9,999.9,18,7.3,6.7
16585596,0723,89.2,81.1,82.0,54.6,47.5,46.7,999.9,899.2,910.3,10.0,13.9,11.9,3.7,7.5,7.5,10.1,16.6,15.7,98.1,95.7,97.0,61.0,66.7,67.3,0.11,0.0,0.0,999.9,999.9,999.9,18,7.3,6.7
16585596,0723,89.2,81.2,82.2,33.1,47.6,47.2,872.7,899.9,914.5,9.9,13.7,11.9,3.7,7.5,7.5,18.1,16.6,15.6,102.9,95.8,97.0,73.9,66.6,67.1,0.0,0.0,0.1,999.9,999.9,999.9,18,7.3,7.3
16585596,0723,88.1,81.2,82.2,52.0,47.5,46.8,873.5,899.9,914.4,10.0,13.7,11.9,10.4,7.5,7.2,15.9,16.6,15.4,98.1,95.8,96.9,71.1,66.6,67.8,0.0,0.0,0.1,999.9,999.9,999.9,48,7.4,7.3
16585596,0723,88.8,81.2,82.6,44.6,47.6,47.0,870.0,899.2,910.2,39.8,13.7,11.9,6.2,7.5,7.2,19.0,16.6,15.3,87.1,95.8,96.7,71.1,66.6,67.6,0.33,0.0,0.0,999.9,999.9,999.9,0,7.5,8.9
16585596,0723,69.7,81.3,82.7,41.4,47.6,47.0,873.0,899.2,910.2,10.0,13.7,12.9,6.2,7.5,7.3,19.0,16.7,15.6,99.0,95.8,96.2,71.1,66.7,68.0,0.0,0.0,0.0,999.9,999.9,999.9,0,7.4,8.9
16585596,0723,80.7,81.2,82.4,57.2,47.5,46.8,869.0,899.2,910.2,9.9,13.7,12.9,5.3,7.5,7.3,13.0,16.7,15.6,102.0,95.8,96.4,66.0,66.7,68.0,0.03,0.0,0.0,999.9,999.9,999.9,18,7.4,8.3
16585596,0723,79.9,81.2,82.4,50.2,47.6,47.0,869.6,899.2,910.2,9.7,13.7,12.9,6.5,7.5,7.3,18.1,16.7,15.7,93.0,95.9,96.4,64.9,66.7,67.7,0.02,0.0,0.0,999.9,999.9,999.9,0,7.4,8.9
16585596,0723,81.8,81.2,82.1,37.5,47.5,47.3,869.5,899.2,910.2,9.9,13.7,12.9,6.2,7.4,7.3,31.1,16.7,15.8,98.1,95.8,96.1,68.0,66.6,67.5,0.0,0.0,0.0,999.9,999.9,999.9,0,7.4,8.8
16585596,0723,78.3,81.2,81.9,36.2,47.4,46.9,999.9,899.2,910.1,22.3,13.7,12.9,5.3,7.5,7.3,13.0,16.8,16.3,102.0,95.9,96.1,62.1,66.7,67.3,0.0,0.0,0.0,999.9,999.9,999.9,18,7.2,8.2
16585596,0723,80.9,81.1,81.8,57.6,47.4,46.3,873.0,899.9,914.3,10.0,13.6,13.3,10.6,7.5,7.2,11.1,16.8,16.3,93.9,95.8,96.4,66.9,66.6,67.3,0.02,0.0,0.0,999.9,999.9,999.9,18,7.2,8.8
16585596,0723,81.1,81.1,81.7,41.6,47.4,46.4,999.9,900.0,914.3,9.9,13.5,13.3,6.4,7.5,7.3,19.0,16.8,16.0,87.1,95.8,96.2,64.9,66.6,67.1,0.0,0.0,0.0,999.9,999.9,999.9,18,7.3,9.4
16585596,0723,81.1,81.1,81.4,52.0,47.3,46.2,999.9,900.0,918.7,10.0,13.5,13.3,8.1,7.5,7.2,19.0,16.8,16.1,102.9,95.8,95.8,71.1,66.5,66.8,0.0,0.0,0.0,999.9,999.9,999.9,0,7.3,10.0
16585596,0723,76.7,81.1,81.5,57.2,47.3,46.3,875.8,900.7,923.0,9.9,13.5,13.3,5.3,7.5,7.4,8.9,16.8,16.1,90.0,95.8,95.8,73.0,66.5,67.0,0.01,0.0,0.0,999.9,999.9,999.9,18,7.3,10.0
16585596,0723,76.8,81.0,81.1,44.1,47.4,46.6,999.9,900.0,923.1,10.0,13.5,13.2,4.7,7.5,7.4,11.1,16.7,15.8,99.0,95.8,95.7,66.0,66.6,67.4,0.0,0.0,0.0,999.9,999.9,999.9,18,7.1,10.6
16585596,0723,78.3,81.0,80.8,55.6,47.4,46.7,999.9,900.7,927.4,10.0,13.5,13.2,6.9,7.5,7.3,15.9,16.7,15.9,95.0,95.8,95.9,63.0,66.6,67.5,0.0,0.0,0.0,999.9,999.9,999.9,18,7.2,11.2
16585596,0723,81.8,81.1,80.6,44.1,47.4,47.2,870.4,901.4,927.4,10.0,13.5,13.2,7.8,7.5,7.2,11.1,16.7,16.0,88.7,95.8,95.6,66.0,66.5,67.3,0.0,0.0,0.0,999.9,999.9,999.9,0,7.2,11.8
16585596,0723,78.3,81.1,80.7,44.6,47.5,47.1,872.4,901.4,923.1,10.0,13.5,12.8,6.2,7.5,7.3,8.9,16.7,15.7,89.1,95.8,95.4,70.0,66.5,67.0,0.0,0.0,0.0,999.9,999.9,999.9,0,7.1,11.8
16585596,0723,89.6,81.1,80.4,41.6,47.5,47.2,869.5,901.4,918.8,9.9,13.5,12.8,3.7,7.5,7.2,11.1,16.6,15.5,102.0,95.8,95.0,64.9,66.6,66.8,0.0,0.0,0.0,999.9,999.9,999.9,18,6.8,11.2
16585596,0723,77.5,81.1,80.6,57.6,47.4,47.0,868.1,901.4,914.5,9.9,13.5,12.8,10.1,7.5,7.0,11.1,16.6,15.3,99.0,95.8,95.2,70.0,66.6,66.9,0.0,0.0,0.0,999.9,999.9,999.9,0,6.9,11.8
16585596,0723,88.8,81.0,80.5,57.6,47.5,47.5,999.9,900.7,914.4,10.0,13.5,12.8,10.6,7.5,7.0,19.0,16.6,15.0,102.0,95.7,95.6,75.0,66.6,66.9,0.17,0.0,0.0,999.9,999.9,999.9,18,6.8,11.2
16585596,0723,81.1,81.0,80.7,49.2,47.5,47.6,871.0,901.4,918.7,10.0,13.5,12.8,9.8,7.5,7.2,22.0,16.6,15.2,95.0,95.7,95.8,64.9,66.7,67.3,0.14,0.0,0.0,999.9,999.9,999.9,18,6.9,11.2
16585596,0723,76.8,81.0,80.8,36.2,47.4,47.8,869.6,901.4,918.7,9.9,13.5,12.8,10.2,7.5,7.2,34.0,16.6,15.4,104.0,95.8,95.9,72.0,66.8,67.2,0.0,0.0,0.0,999.9,999.9,999.9,0,6.9,11.2
16585596,0723,89.6,81.0,81.0,33.1,47.4,47.6,872.4,901.3,918.5,10.0,13.5,12.5,10.4,7.5,7.3,10.1,16.8,16.0,93.9,95.9,96.3,62.1,66.7,67.7,0.0,0.0,0.0,999.9,999.9,999.9,0,6.8,11.2
16585596,0723,89.2,81.1,81.3,44.6,47.4,47.6,871.0,901.4,914.2,10.0,13.3,12.5,8.8,7.5,7.5,15.0,16.8,16.0,93.0,95.9,96.0,54.0,66.7,67.4,0.0,0.0,0.0,999.9,999.9,999.9,16,6.8,10.6
16585596,0723,76.8,81.1,81.6,44.6,47.3,47.8,869.5,901.3,909.9,13.5,13.3,12.4,10.2,7.5,7.5,13.0,16.8,16.0,98.1,95.9,96.1,73.9,66.6,66.8,0.0,0.0,0.0,999.9,999.9,999.9,48,6.9,11.1
16585596,0723,79.3,81.1,81.3,39.9,47.3,47.3,872.4,900.6,909.8,10.0,13.3,12.1,8.1,7.6,7.6,34.0,16.8,15.9,98.1,95.9,96.1,66.0,66.7,66.9,0.0,0.0,0.0,999.9,999.9,999.9,0,7.2,12.1
16585596,0723,78.3,81.1,81.3,49.3,47.3,47.6,999.9,900.6,905.5,10.0,13.3,11.5,10.6,7.5,7.6,11.1,16.9,16.6,104.0,95.8,96.0,72.0,66.7,66.8,0.0,0.0,0.0,999.9,999.9,999.9,18,7.2,11.5
16585596,0723,78.3,81.0,81.1,49.2,47.3,47.3,869.0,901.4,909.8,10.0,13.3,11.5,9.9,7.5,7.5,17.1,16.9,16.3,93.9,95.9,96.3,66.0,66.7,67.1,0.0,0.0,0.0,999.9,999.9,999.9,0,7.3,12.1
16585596,0723,85.4,81.1,81.4,47.1,47.3,47.0,870.4,901.3,909.7,10.0,13.3,11.5,11.6,7.6,7.6,8.9,16.8,16.3,102.0,95.9,96.3,59.0,66.7,67.2,0.0,0.0,0.0,999.9,999.9,999.9,0,7.2,12.1
16585596,0723,69.7,81.1,81.7,47.1,47.3,46.7,873.1,901.3,909.7,10.0,13.3,11.5,5.6,7.6,7.8,26.0,16.6,16.1,90.0,95.9,96.7,62.1,66.6,67.0,0.0,0.0,0.0,999.9,999.9,999.9,0,7.2,12.1
16585596,0723,85.2,81.0,81.4,37.5,47.3,46.7,866.4,901.4,905.5,10.0,13.3,11.5,9.3,7.6,7.6,18.1,16.7,16.5,93.0,95.9,96.7,66.0,66.6,67.1,0.0,0.0,0.0,999.9,999.9,999.9,0,7.2,11.5
16585596,0723,88.1,81.1,81.2,45.0,47.3,46.1,872.7,901.3,901.0,14.9,13.3,11.5,5.1,7.6,7.8,12.0,16.7,16.8,95.0,95.9,96.5,62.1,66.7,67.2,0.0,0.0,0.0,999.9,999.9,999.9,0,7.1,10.9
16585596,0723,86.6,81.2,81.2,52.0,47.3,46.5,872.4,901.3,901.0,10.0,13.3,11.7,10.2,7.6,7.9,19.0,16.7,16.6,102.0,95.9,96.3,61.0,66.6,66.8,0.0,0.0,0.0,999.9,999.9,999.9,0,7.0,10.3
16585596,0723,88.8,81.3,81.1,54.6,47.3,46.5,999.9,901.3,901.0,20.3,13.3,11.7,6.9,7.6,7.9,18.1,16.7,16.7,93.9,96.0,96.4,66.9,66.6,66.5,0.0,0.0,0.0,999.9,999.9,999.9,0,6.9,8.7
16585596,0723,81.1,81.3,81.1,41.4,47.4,46.9,872.4,902.0,905.3,10.0,13.2,11.0,6.3,7.6,7.9,13.0,16.7,16.6,93.0,96.0,96.6,66.9,66.6,66.4,0.33,0.0,0.0,999.9,999.9,999.9,0,6.9,8.7
16585596,0723,78.4,81.3,81.5,48.9,47.4,46.9,872.9,902.0,905.3,10.0,13.2,11.0,6.3,7.6,7.9,18.1,16.7,16.4,102.0,95.9,96.4,61.0,66.6,66.2,0.0,0.0,0.0,999.9,999.9,999.9,0,6.8,8.7
16585596,0723,88.1,81.3,81.5,54.5,47.3,46.6,869.6,901.3,905.4,10.0,13.2,11.0,5.3,7.6,7.9,22.0,16.7,16.6,93.0,96.0,96.4,57.9,66.5,66.1,0.03,0.0,0.0,999.9,999.9,999.9,0,6.8,8.1
16585596,0723,74.2,81.3,81.7,44.6,47.3,46.7,873.5,900.6,905.4,9.8,13.2,11.0,5.6,7.5,7.9,12.0,16.8,16.7,102.9,96.0,96.4,71.1,66.5,65.8,0.0,0.0,0.0,999.9,999.9,999.9,0,6.7,8.1
16585596,0723,79.9,81.3,81.5,52.0,47.3,47.0,871.5,900.6,905.6,9.7,13.2,11.0,5.1,7.5,7.9,11.1,16.8,16.1,99.0,96.1,96.6,73.9,66.5,65.9,0.0,0.0,0.0,999.9,999.9,999.9,16,6.7,8.1
16585596,0723,89.6,81.3,81.5,54.1,47.4,47.5,999.9,900.6,901.3,20.3,13.2,10.6,10.2,7.5,7.9,24.1,16.8,16.0,99.0,96.1,96.5,66.2,66.5,66.3,0.0,0.0,0.0,999.9,999.9,999.9,0,6.8,8.1
16585596,0723,81.1,81.3,81.8,41.4,47.4,47.4,999.9,901.3,905.5,9.9,13.3,10.9,11.6,7.5,7.8,11.1,16.8,16.5,91.9,96.2,96.7,71.1,66.5,66.3,0.0,0.0,0.0,999.9,999.9,999.9,0,6.8,7.5
16585596,0723,76.8,81.3,81.8,37.5,47.5,47.4,872.4,902.0,905.5,9.9,13.3,10.9,10.4,7.6,8.0,10.1,16.8,16.2,87.1,96.1,96.8,61.0,66.5,66.5,0.0,0.0,0.0,999.9,999.9,999.9,0,6.8,6.9
16585596,0723,76.7,81.3,81.7,37.5,47.4,46.9,875.8,901.3,901.3,10.0,13.2,10.9,10.2,7.6,8.1,18.1,16.8,15.9,102.9,96.1,96.3,70.0,66.5,66.2,0.0,0.0,0.0,999.9,999.9,999.9,18,6.8,6.9
16585596,0723,81.1,81.2,81.7,40.5,47.3,46.2,999.9,901.4,901.3,10.0,13.2,10.9,11.6,7.6,8.3,10.1,16.8,16.2,89.1,96.1,96.7,66.0,66.6,66.1,0.0,0.0,0.0,999.9,999.9,999.9,48,6.9,6.9
16585596,0723,76.4,81.2,81.8,47.2,47.3,46.1,870.0,902.1,901.3,9.8,13.2,10.9,11.6,7.6,8.5,10.1,16.7,16.2,102.0,96.0,96.4,73.9,66.6,66.1,0.0,0.0,0.0,999.9,999.9,999.9,0,7.0,7.9
16585596,0723,87.8,81.2,81.8,47.1,47.3,45.8,873.6,902.1,896.9,10.0,13.2,10.9,3.7,7.6,8.6,22.0,16.7,16.0,95.0,96.1,96.6,63.0,66.6,66.4,0.0,0.0,0.0,999.9,999.9,999.9,18,7.0,7.3
16585596,0723,86.8,81.1,82.0,41.4,47.3,45.9,873.0,902.1,897.0,10.0,13.2,10.9,6.6,7.6,8.5,13.0,16.7,16.3,89.1,96.1,96.8,66.2,66.6,66.3,0.0,0.0,0.0,999.9,999.9,999.9,16,7.1,7.9
16585596,0723,89.2,81.2,82.2,45.2,47.3,45.8,873.0,902.1,897.1,22.3,13.2,10.9,6.9,7.6,8.5,13.0,16.7,16.5,99.0,96.1,96.8,72.0,66.6,66.2,0.0,0.0,0.0,999.9,999.9,999.9,0,7.1,8.4
16585596,0723,76.7,81.2,82.2,40.5,47.3,45.9,870.0,902.1,897.2,10.0,13.3,11.3,5.6,7.6,8.6,12.0,16.7,16.5,98.1,96.0,96.7,62.2,66.6,66.4,0.0,0.0,0.0,999.9,999.9,999.9,18,7.1,7.8
16585596,0723,80.7,81.2,82.2,37.5,47.3,45.4,873.6,902.2,897.2,10.0,13.3,11.3,3.7,7.6,8.5,11.1,16.7,16.6,102.9,96.1,96.7,66.9,66.6,66.2,0.0,0.0,0.0,999.9,999.9,999.9,0,7.1,8.4
16585596,0723,78.4,81.2,81.9,57.5,47.3,44.7,870.0,902.2,893.0,14.9,13.3,11.3,5.3,7.6,8.2,19.0,16.7,16.3,79.0,96.1,96.7,64.9,66.6,65.9,0.0,0.0,0.0,999.9,999.9,999.9,16,7.0,7.8
16585596,0723,80.9,81.1,81.8,34.9,47.3,45.0,999.9,902.2,893.0,10.0,13.3,11.5,6.2,7.6,8.1,11.1,16.7,16.2,93.0,96.0,96.2,73.0,66.5,65.9,0.15,0.0,0.0,999.9,999.9,999.9,18,7.0,7.7
16585596,0723,88.1,81.1,82.0,45.2,47.3,44.9,869.5,902.9,897.3,14.9,13.3,11.5,10.4,7.5,8.0,15.9,16.7,15.4,102.0,96.0,95.8,73.9,66.6,65.9,0.0,0.0,0.0,999.9,999.9,999.9,0,7.0,8.3
16585596,0723,86.8,81.2,81.9,48.9,47.2,45.3,871.5,902.9,897.2,10.0,13.3,11.7,3.7,7.6,8.0,34.0,16.7,15.6,89.1,96.0,96.1,73.9,66.7,66.3,0.0,0.0,0.0,999.9,999.9,999.9,18,7.0,8.3
16585596,0723,86.8,81.2,81.8,47.1,47.2,45.5,868.1,902.9,897.3,30.7,13.3,11.7,6.9,7.5,7.8,15.0,16.7,16.3,102.9,96.0,96.0,73.0,66.7,67.0,0.15,0.0,0.0,999.9,999.9,999.9,18,7.1,8.4
16585596,0723,82.7,81.2,82.2,41.4,47.2,45.6,869.6,902.9,897.2,9.7,13.4,12.2,8.1,7.5,7.7,18.1,16.7,16.3,99.0,96.0,96.1,73.0,66.7,67.0,0.0,0.0,0.0,999.9,999.9,999.9,0,7.0,7.4
16585596,0723,88.1,81.2,82.3,50.9,47.2,45.6,870.4,902.1,897.1,10.0,13.4,12.2,10.2,7.5,7.7,10.1,16.8,15.8,95.0,96.1,96.2,71.1,66.8,67.2,0.0,0.0,0.0,999.9,999.9,999.9,0,7.0,7.4
16585596,0723,86.6,81.2,82.6,55.9,47.3,45.7,873.0,902.1,892.8,41.0,13.4,12.2,8.8,7.6,7.7,22.0,16.7,15.8,93.9,96.0,95.9,66.0,66.9,67.2,0.0,0.0,0.0,999.9,999.9,999.9,0,7.0,6.8
16585596,0723,79.9,81.2,82.9,37.5,47.3,45.9,999.9,902.2,892.9,10.0,13.5,13.3,8.8,7.6,7.6,8.9,16.8,15.9,93.0,96.0,95.9,66.0,66.9,67.2,0.0,0.0,0.0,999.9,999.9,999.9,48,7.0,6.8
16585596,0723,80.7,81.2,82.7,57.5,47.3,45.6,868.1,902.9,897.2,9.9,13.5,13.3,9.8,7.5,7.5,24.3,16.8,15.9,95.0,96.0,95.6,63.0,66.8,67.4,0.11,0.0,0.0,999.9,999.9,999.9,0,7.2,8.4
16585596,0723,79.9,81.2,83.1,34.9,47.3,45.9,875.8,902.1,897.1,10.0,13.5,13.3,10.4,7.6,7.7,15.9,16.8,15.9,102.9,96.0,95.7,54.0,66.7,67.4,0.01,0.0,0.0,999.9,999.9,999.9,2,7.2,8.4
16585596,0723,69.7,81.2,82.9,54.5,47.3,45.8,869.5,901.4,897.4,39.8,13.5,13.3,9.8,7.6,7.7,11.1,16.8,15.8,91.9,96.0,96.1,75.9,66.6,67.0,0.0,0.0,0.0,999.9,999.9,999.9,18,7.2,8.5
16585596,0723,83.0,81.1,82.3,50.2,47.4,46.1,869.7,900.7,897.3,10.0,13.6,14.1,5.6,7.6,7.9,31.1,16.7,15.8,79.0,95.9,96.0,64.9,66.7,67.5,0.11,0.0,0.0,999.9,999.9,999.9,18,7.3,9.1
16585596,0723,89.2,81.1,82.2,44.6,47.4,46.1,872.4,900.0,897.2,22.2,13.6,14.1,6.4,7.6,7.7,12.0,16.8,16.2,104.0,95.8,95.2,62.1,66.6,67.6,0.0,0.0,0.0,999.9,999.9,999.9,0,7.3,9.7
16585596,0723,76.7,81.1,82.2,34.9,47.3,45.7,866.4,900.0,892.9,41.0,13.5,14.2,6.2,7.6,7.7,26.0,16.8,16.0,93.0,95.8,95.5,66.9,66.6,67.5,0.02,0.0,0.0,999.9,999.9,999.9,16,7.2,9.7
16585596,0723,81.1,81.1,82.0,40.5,47.2,45.5,869.7,899.3,892.7,10.0,13.6,15.2,6.4,7.6,7.7,8.9,16.9,16.4,99.0,95.9,95.5,71.1,66.7,67.5,0.0,0.0,0.0,999.9,999.9,999.9,18,7.3,10.2
16585596,0723,81.1,81.1,82.1,58.4,47.1,45.2,872.7,899.2,892.6,10.0,13.5,15.2,6.2,7.6,7.7,26.0,16.8,16.1,95.0,95.9,95.4,63.0,66.7,67.8,0.02,0.0,0.0,999.9,999.9,999.9,16,7.3,10.8
16585596,0723,85.4,81.1,81.9,45.2,47.2,45.4,873.0,899.3,892.7,10.0,13.5,15.2,10.2,7.6,7.7,34.0,16.9,16.2,91.9,95.9,95.5,62.1,66.7,68.0,0.0,0.0,0.0,999.9,999.9,999.9,18,7.4,11.3
16585596,0723,79.9,81.1,82.3,54.1,47.2,45.4,999.9,899.2,892.7,10.0,13.5,15.2,7.8,7.6,7.9,15.0,17.0,17.0,90.0,95.8,95.1,66.0,66.7,67.7,0.0,0.0,0.0,999.9,999.9,999.9,0,7.5,11.9
16585596,0723,81.1,81.1,82.3,52.0,47.3,45.5,999.9,899.2,897.0,14.9,13.5,15.2,8.7,7.6,8.0,12.0,17.0,17.1,89.1,95.8,94.8,71.1,66.7,67.4,0.0,0.0,0.0,999.9,999.9,999.9,18,7.5,11.4
16585596,0723,76.8,81.1,82.0,57.5,47.3,45.4,872.9,900.0,897.0,10.0,13.5,15.0,5.6,7.5,7.9,10.1,16.9,16.7,99.0,95.7,94.5,54.0,66.7,67.6,0.11,0.0,0.0,999.9,999.9,999.9,18,7.5,12.0
16585596,0723,77.1,81.1,81.8,54.5,47.3,45.9,999.9,899.2,892.8,9.9,13.5,15.0,10.2,7.5,7.7,10.1,16.8,16.7,87.1,95.8,94.7,64.9,66.7,67.0,0.01,0.0,0.0,999.9,999.9,999.9,0,7.6,12.6
16585596,0723,81.8,81.1,81.8,57.2,47.4,46.5,873.6,900.0,897.0,10.0,13.5,15.0,10.4,7.5,7.7,10.1,16.8,16.7,99.0,95.7,94.7,71.1,66.7,67.1,0.0,0.0,0.0,999.9,999.9,999.9,0,7.6,12.6
16585596,0723,81.1,81.1,82.0,54.6,47.4,47.2,869.6,900.0,897.0,10.0,13.5,15.0,6.6,7.6,7.7,11.1,16.8,16.4,99.0,95.7,94.6,75.9,66.8,67.2,0.0,0.0,0.0,999.9,999.9,999.9,0,7.5,12.0
16585596,0723,85.2,81.1,82.0,33.1,47.4,47.6,869.5,900.0,892.6,10.0,13.5,15.0,6.3,7.5,7.6,26.0,16.6,16.4,102.0,95.8,94.9,73.0,66.8,67.5,0.0,0.0,0.0,999.9,999.9,999.9,18,7.5,10.4
16585596,0723,88.8,81.1,82.3,41.4,47.4,47.2,869.0,900.0,892.6,10.0,13.5,15.0,10.6,7.5,7.4,13.0,16.7,17.0,89.1,95.8,94.9,71.1,66.8,67.5,0.0,0.0,0.0,999.9,999.9,999.9,0,7.6,11.0
16585596,0723,88.1,81.1,82.3,45.2,47.3,47.0,873.0,900.0,892.4,9.7,13.5,15.0,11.6,7.5,7.6,18.1,16.7,16.7,93.0,95.7,94.7,63.0,66.8,67.7,0.11,0.0,0.0,999.9,999.9,999.9,0,7.6,10.4
16585596,0723,89.6,81.1,82.4,40.5,47.3,47.1,999.9,900.0,892.4,10.0,13.5,15.0,6.9,7.6,7.8,18.1,16.7,16.8,89.1,95.8,94.9,66.0,66.8,67.6,0.02,0.0,0.0,999.9,999.9,999.9,0,7.6,9.9
16585596,0723,74.2,81.1,82.4,57.2,47.2,46.9,999.9,900.7,896.7,9.9,13.5,14.6,6.9,7.6,7.8,17.1,16.7,17.0,99.0,95.7,94.5,62.1,66.8,67.4,0.0,0.0,0.0,999.9,999.9,999.9,0,7.5,9.9
16585596,0723,82.7,81.1,82.3,55.6,47.3,47.5,868.1,901.4,901.0,10.0,13.5,14.6,6.3,7.5,7.8,15.9,16.6,17.2,102.0,95.8,94.6,57.0,66.7,67.4,0.0,0.0,0.0,999.9,999.9,999.9,0,7.5,9.3
16585596,0723,74.2,81.2,82.4,50.9,47.3,48.1,873.6,901.4,900.8,22.2,13.5,14.6,10.6,7.5,7.9,18.1,16.5,17.3,102.0,95.8,94.5,59.0,66.7,67.1,0.02,0.0,0.0,999.9,999.9,999.9,0,7.5,9.3
16585596,0723,77.5,81.1,82.2,46.5,47.4,47.9,872.4,900.7,900.9,9.9,13.6,14.9,5.1,7.6,8.1,19.0,16.5,17.3,104.0,95.8,95.3,62.1,66.6,66.9,0.0,0.0,0.0,999.9,999.9,999.9,18,7.5,8.7
16585596,0723,88.8,81.1,82.1,50.2,47.4,48.3,999.9,900.7,896.7,10.0,13.6,14.9,9.3,7.5,8.1,10.1,16.6,17.6,79.0,95.8,95.7,66.0,66.6,66.5,0.0,0.0,0.0,999.9,999.9,999.9,18,7.6,8.7
16585596,0723,87.8,81.2,82.2,37.5,47.5,48.4,870.0,900.7,901.0,10.0,13.6,14.7,8.2,7.6,8.0,15.9,16.6,17.4,102.0,95.7,94.9,57.9,66.5,66.3,0.11,0.0,0.0,999.9,999.9,999.9,16,7.7,9.3
16585596,0723,78.4,81.2,82.2,48.9,47.5,48.1,999.9,900.7,901.0,20.3,13.5,14.7,6.2,7.6,8.2,12.0,16.6,16.8,99.0,95.8,95.3,62.1,66.5,65.7,0.0,0.0,0.0,999.9,999.9,999.9,18,7.8,9.3
16585596,0723,78.3,81.3,81.9,39.9,47.4,48.1,868.1,901.4,905.4,10.0,13.6,14.3,9.8,7.6,8.1,31.1,16.5,16.7,93.9,95.9,95.2,66.9,66.4,65.4,0.0,0.0,0.0,999.9,999.9,999.9,0,7.9,9.3
16585596,0723,77.1,81.2,81.8,50.2,47.4,48.1,869.5,901.4,905.3,13.5,13.6,14.4,6.9,7.6,8.2,10.1,16.5,17.1,102.0,95.9,95.0,66.0,66.5,65.2,0.0,0.0,0.0,999.9,999.9,999.9,18,7.8,9.3
16585596,0723,76.8,81.2,81.4,33.1,47.4,48.0,869.5,901.4,905.3,9.7,13.6,14.5,6.2,7.6,8.1,34.0,16.5,17.1,100.0,95.9,95.3,57.9,66.5,65.0,0.03,0.0,0.0,999.9,999.9,999.9,18,7.9,9.9
16585596,0723,79.3,81.2,81.1,41.2,47.3,47.3,999.9,901.4,905.2,41.0,13.6,13.4,10.2,7.6,8.0,18.1,16.5,17.5,104.0,95.9,95.5,59.0,66.4,64.7,0.0,0.0,0.0,999.9,999.9,999.9,0,8.0,10.5
16585596,0723,76.4,81.2,81.0,34.9,47.2,47.4,869.0,902.1,905.2,22.3,13.8,14.5,11.6,7.6,8.0,17.1,16.5,17.8,93.0,96.0,95.8,61.0,66.3,64.5,0.0,0.0,0.0,999.9,999.9,999.9,0,8.0,8.9
16585596,0723,76.8,81.2,80.9,54.5,47.2,46.6,873.0,901.4,905.2,14.9,13.9,14.9,5.3,7.6,8.1,18.1,16.4,17.6,99.0,96.0,95.8,66.0,66.3,64.4,0.33,0.0,0.0,999.9,999.9,999.9,18,8.0,8.9
16585596,0723,76.8,81.2,80.8,39.9,47.3,47.3,871.5,900.7,905.1,10.0,13.9,15.0,11.6,7.6,7.9,12.0,16.4,17.6,88.7,96.0,95.6,70.0,66.3,64.8,0.02,0.0,0.0,999.9,999.9,999.9,18,8.0,9.4
16585596,0723,86.6,81.2,81.0,33.1,47.3,46.8,999.9,900.6,905.2,10.0,13.7,14.0,11.6,7.6,8.0,24.3,16.4,17.7,93.0,96.0,95.5,64.9,66.3,64.6,0.0,0.0,0.0,999.9,999.9,999.9,0,8.1,9.4
16585596,0723,89.6,81.2,81.2,46.5,47.2,46.2,873.6,901.3,909.5,10.0,13.7,14.0,11.6,7.6,8.2,24.1,16.3,17.4,93.9,96.0,96.0,68.0,66.3,64.6,0.03,0.0,0.0,999.9,999.9,999.9,18,8.1,8.8
16585596,0723,76.8,81.3,81.2,44.1,47.2,46.3,871.4,901.4,909.6,14.9,13.7,13.6,4.9,7.6,8.4,31.1,16.4,17.9,95.0,95.9,95.7,63.0,66.3,64.8,0.0,0.0,0.0,999.9,999.9,999.9,0,8.1,9.4
16585596,0723,78.3,81.2,81.2,58.4,47.2,46.6,999.9,901.4,909.7,9.9,13.7,12.8,9.6,7.6,8.3,10.1,16.5,18.0,95.0,95.9,95.7,61.0,66.3,64.7,0.02,0.0,0.0,999.9,999.9,999.9,0,8.1,8.9
16585596,0723,69.7,81.2,81.1,57.5,47.2,47.2,871.0,902.1,914.1,9.9,13.7,12.8,8.7,7.6,8.4,12.0,16.5,18.1,98.1,95.9,95.6,71.1,66.3,64.4,0.17,0.0,0.0,999.9,999.9,999.9,2,8.1,8.3
16585596,0723,78.3,81.1,80.7,49.2,47.3,47.2,866.4,902.1,914.0,9.8,13.7,12.8,6.2,7.7,8.5,10.1,16.5,17.6,102.9,95.9,95.7,73.9,66.2,64.6,0.0,0.0,0.0,999.9,999.9,999.9,18,8.0,7.8
16585596,0723,76.7,81.1,80.5,57.2,47.3,47.3,869.5,902.1,913.8,10.0,13.7,12.8,8.8,7.6,8.4,12.0,16.5,16.8,98.1,96.0,96.1,59.0,66.3,65.0,0.11,0.0,0.0,999.9,999.9,999.9,18,8.1,7.8
16585596,0723,79.9,81.1,80.4,33.1,47.4,47.4,870.5,902.1,909.4,9.8,13.7,12.8,9.3,7.7,8.4,26.0,16.5,16.7,88.7,96.0,96.3,59.0,66.3,64.8,0.11,0.0,0.0,999.9,999.9,999.9,18,8.2,8.4
16585596,0723,80.3,81.1,80.3,50.2,47.2,46.8,873.0,902.1,905.1,20.3,13.7,12.6,9.6,7.7,8.4,34.0,16.6,17.2,102.9,96.0,96.3,66.0,66.2,64.4,0.15,0.0,0.0,999.9,999.9,999.9,18,8.3,8.4
16585596,0723,85.4,81.1,80.4,58.4,47.2,46.5,870.5,902.1,905.1,10.0,13.8,12.9,8.2,7.7,8.6,14.0,16.7,18.0,90.0,96.1,96.5,64.9,66.3,64.8,0.0,0.0,0.0,999.9,999.9,999.9,0,8.4,8.4
16585596,0723,85.2,81.2,80.7,55.9,47.3,46.7,999.9,901.4,900.8,9.9,13.8,12.9,9.8,7.7,8.5,15.9,16.7,18.1,102.9,96.0,96.5,61.0,66.3,64.8,0.02,0.0,0.0,999.9,999.9,999.9,0,8.4,8.4
16585596,0723,78.4,81.2,80.8,41.6,47.3,46.6,870.0,902.1,905.0,9.9,13.8,12.9,6.2,7.7,8.5,15.9,16.7,18.3,79.0,96.1,96.7,71.1,66.3,64.5,0.0,0.0,0.0,999.9,999.9,999.9,18,8.4,8.4
16585596,0723,78.4,81.1,80.7,37.5,47.2,46.2,869.5,902.1,905.0,10.0,13.8,12.9,5.1,7.6,8.5,17.1,16.7,18.4,79.0,96.0,96.0,66.2,66.3,64.3,0.0,0.0,0.0,999.9,999.9,999.9,18,8.4,9.0
16585596,0723,62.0,81.2,80.5,55.9,47.2,46.3,873.0,902.1,905.0,10.0,13.8,12.9,6.2,7.6,8.4,19.0,16.7,18.1,99.0,95.9,95.2,66.0,66.3,64.1,0.15,0.0,0.0,999.9,999.9,999.9,0,8.5,9.0
16585596,0723,86.6,81.1,79.6,45.2,47.2,46.8,875.8,902.1,905.2,10.0,13.8,12.9,11.6,7.6,8.3,19.0,16.7,18.3,104.0,95.9,95.6,66.0,66.3,63.9,0.0,0.0,0.0,999.9,999.9,999.9,18,8.5,9.0
16585596,0723,78.4,81.1,79.6,57.6,47.1,46.8,999.9,902.1,905.3,9.9,13.7,12.9,11.6,7.7,8.3,24.3,16.7,18.4,99.0,95.9,95.9,57.0,66.3,64.0,0.0,0.0,0.0,999.9,999.9,999.9,18,8.5,9.6
16585596,0723,85.2,81.2,79.2,41.2,47.2,47.4,872.4,902.8,905.3,10.0,13.7,12.9,10.6,7.7,8.4,12.0,16.7,18.6,102.0,95.9,96.3,64.9,66.2,63.7,0.0,0.0,0.0,999.9,999.9,999.9,18,8.6,10.2
16585596,0723,82.8,81.3,79.6,57.5,47.2,46.9,873.6,902.8,901.0,10.0,13.7,12.9,5.3,7.7,8.6,26.0,16.8,18.4,95.0,96.0,96.4,64.9,66.2,63.8,0.15,0.0,0.0,999.9,999.9,999.9,18,8.6,10.8
16585596,0723,80.7,81.3,79.6,58.4,47.2,46.9,875.8,902.8,901.2,9.8,13.7,12.9,4.7,7.7,8.5,10.1,16.8,18.8,102.0,96.1,96.1,62.1,66.2,64.1,0.0,0.0,0.0,999.9,999.9,999.9,0,8.6,11.4
16585596,0723,89.2,81.3,79.8,47.1,47.3,47.2,873.1,902.9,901.3,10.0,13.7,12.5,8.1,7.7,8.3,13.0,16.8,18.5,102.9,96.1,96.1,71.1,66.3,64.2,0.0,0.0,0.0,999.9,999.9,999.9,0,8.5,11.4
16585596,0723,82.8,81.4,80.2,46.5,47.4,47.2,999.9,902.9,901.3,9.9,13.7,12.5,6.5,7.7,8.4,13.0,16.8,18.3,95.0,96.1,96.1,57.9,66.3,64.5,0.0,0.0,0.0,999.9,999.9,999.9,0,8.5,10.8
16585596,0723,78.3,81.4,80.0,57.2,47.3,47.1,873.6,903.6,901.3,10.0,13.6,12.5,4.9,7.7,8.3,11.1,16.7,18.4,95.0,96.1,96.6,57.0,66.3,64.2,0.03,0.0,0.0,999.9,999.9,999.9,0,8.5,10.2
16585596,0723,77.5,81.4,79.7,46.5,47.3,47.7,999.9,903.6,901.4,10.0,13.4,12.5,8.2,7.7,8.2,13.0,16.7,18.2,100.0,96.1,96.4,66.0,66.2,64.2,0.0,0.0,0.0,999.9,999.9,999.9,0,8.4,9.7
16585596,0723,76.7,81.4,79.6,58.4,47.3,47.7,873.1,904.3,901.4,10.0,13.4,12.2,10.4,7.7,8.3,13.0,16.7,18.3,93.0,96.1,96.4,66.0,66.2,64.3,0.15,0.0,0.0,999.9,999.9,999.9,0,8.4,9.1
16585596,0723,79.9,81.3,79.6,50.2,47.3,48.3,869.5,904.3,901.6,9.9,13.4,12.2,5.6,7.7,8.3,34.0,16.7,17.6,93.0,96.1,96.4,62.2,66.2,64.3,0.0,0.0,0.0,999.9,999.9,999.9,0,8.4,9.1
16585596,0723,76.4,81.3,79.7,52.0,47.3,48.3,999.9,903.5,901.6,9.9,13.4,12.1,6.9,7.7,8.3,19.0,16.8,18.4,98.1,96.1,96.1,73.9,66.1,64.1,0.15,0.0,0.0,999.9,999.9,999.9,0,8.4,8.5
16585596,0723,85.2,81.3,79.6,37.5,47.4,48.9,870.5,904.3,905.9,20.3,13.4,12.1,6.6,7.7,8.3,12.0,16.8,17.9,79.0,96.1,96.0,71.1,66.2,64.7,0.33,0.0,0.1,999.9,999.9,999.9,0,8.4,7.9
16585596,0723,81.1,81.3,79.8,44.1,47.4,48.8,869.0,903.5,901.6,9.9,13.4,11.4,10.1,7.7,8.2,18.1,16.8,17.7,99.0,96.0,95.2,75.0,66.2,65.1,0.0,0.0,0.1,999.9,999.9,999.9,0,8.3,7.9
16585596,0723,76.8,81.3,80.0,54.1,47.3,49.1,875.8,903.5,901.6,10.0,13.3,11.0,9.3,7.7,8.1,24.1,16.7,17.8,99.0,96.0,95.4,68.0,66.3,65.5,0.15,0.0,0.1,999.9,999.9,999.9,18,8.3,7.9
16585596,0723,88.8,81.3,80.0,33.1,47.3,49.1,871.4,903.6,901.7,9.9,13.3,10.8,4.7,7.8,8.3,12.0,16.8,18.0,93.0,96.1,95.4,64.9,66.3,65.6,0.0,0.0,0.1,999.9,999.9,999.9,18,8.3,7.9
16585596,0723,88.1,81.3,80.4,58.4,47.2,48.8,873.6,903.6,901.7,10.0,13.3,10.8,10.2,7.7,8.0,14.0,16.7,18.0,93.9,96.0,95.5,75.9,66.2,65.4,0.0,0.0,0.1,999.9,999.9,999.9,0,8.3,7.9
16585596,0723,80.7,81.4,80.5,40.5,47.2,49.7,868.1,903.6,897.5,10.0,13.3,10.8,8.8,7.8,8.0,12.0,16.7,17.6,104.0,96.0,95.6,71.1,66.4,65.8,0.11,0.0,0.1,999.9,999.9,999.9,2,8.3,7.9
16585596,0723,88.1,81.4,80.2,33.1,47.2,49.5,872.4,902.9,897.3,20.3,13.3,10.8,10.2,7.8,7.9,15.9,16.7,17.2,95.0,96.0,95.9,62.1,66.4,65.9,0.15,0.0,0.1,999.9,999.9,999.9,0,8.3,7.3
16585596,0723,76.4,81.4,80.5,50.2,47.1,49.1,873.6,902.9,897.4,41.0,13.3,11.0,4.7,7.8,8.1,17.1,16.7,16.7,93.9,96.0,95.9,57.0,66.3,65.9,0.0,0.0,0.1,999.9,999.9,999.9,0,8.2,7.3
16585596,0723,80.7,81.4,80.5,41.2,47.0,48.8,872.4,902.9,893.1,10.0,13.5,12.0,6.9,7.8,7.9,26.0,16.7,17.0,99.0,96.0,95.9,72.0,66.3,65.7,0.0,0.0,0.1,999.9,999.9,999.9,18,8.2,7.3
16585596,0723,82.3,81.4,80.8,44.1,47.1,48.3,870.0,902.9,893.2,9.8,13.5,12.0,4.9,7.8,7.8,26.0,16.8,17.4,93.0,96.0,95.9,64.9,66.4,65.8,0.11,0.0,0.1,999.9,999.9,999.9,18,8.3,7.9
16585596,0723,78.3,81.4,81.0,57.2,47.0,48.1,866.4,902.9,893.3,10.0,13.5,12.0,10.1,7.8,7.8,13.0,16.8,18.0,79.0,96.0,95.6,59.0,66.4,65.5,0.0,0.0,0.1,999.9,999.9,999.9,18,8.3,7.9
16585596,0723,89.6,81.4,81.0,40.5,47.0,48.1,866.4,902.8,893.2,41.0,13.5,12.0,6.9,7.8,7.8,15.0,16.8,18.0,90.0,95.9,94.9,59.0,66.3,65.5,0.0,0.0,0.1,999.9,999.9,999.9,0,8.4,7.9
16585596,0723,88.8,81.5,81.3,41.4,47.0,48.4,999.9,902.8,893.1,13.5,13.7,13.1,9.6,7.8,7.8,10.1,16.8,17.6,79.0,95.9,95.0,64.9,66.3,65.5,0.0,0.0,0.1,999.9,999.9,999.9,18,8.4,7.3
16585596,0723,82.7,81.5,81.6,58.4,46.9,48.1,872.9,903.5,897.3,10.0,13.5,12.8,9.6,7.8,7.8,22.0,16.8,16.8,104.0,95.8,94.2,66.0,66.3,65.4,0.0,0.0,0.1,999.9,999.9,999.9,18,8.5,7.3
16585596,0723,88.1,81.4,81.5,36.2,47.1,48.1,869.0,903.5,897.4,9.7,13.5,12.8,11.6,7.8,7.8,15.9,16.8,17.1,93.9,95.8,94.7,71.1,66.2,65.5,0.33,0.0,0.1,999.9,999.9,999.9,0,8.6,7.9
16585596,0723,80.9,81.5,81.6,39.9,47.0,47.4,875.8,903.5,893.0,9.9,13.5,12.8,3.7,7.8,7.9,10.1,16.8,17.1,88.7,95.7,94.4,66.2,66.3,65.8,0.0,0.0,0.1,999.9,999.9,999.9,18,8.6,7.9
16585596,0723,79.9,81.5,81.7,49.3,46.9,47.4,866.4,903.5,893.2,10.0,13.5,12.8,9.6,7.8,7.8,26.0,16.8,16.9,95.0,95.7,94.7,75.0,66.3,65.6,0.0,0.0,0.1,999.9,999.9,999.9,18,8.7,7.9
16585596,0723,89.6,81.5,81.8,57.6,46.8,47.8,868.1,902.8,893.1,10.0,13.4,12.8,11.6,7.8,7.9,15.0,16.8,17.2,104.0,95.8,95.2,75.0,66.4,65.9,0.0,0.0,0.1,999.9,999.9,999.9,18,8.7,7.9
16585596,0723,79.3,81.6,82.7,47.1,46.9,47.8,872.4,902.8,892.9,10.0,13.2,12.8,5.3,7.8,8.1,14.0,16.8,17.1,91.9,95.9,95.4,68.0,66.4,66.2,0.0,0.0,0.1,999.9,999.9,999.9,0,8.7,8.5
16585596,0723,80.7,81.6,82.4,54.6,46.9,47.9,870.4,902.7,892.8,10.0,13.2,12.8,4.7,7.8,7.9,19.0,16.8,16.9,98.1,95.9,95.0,62.1,66.4,66.3,0.0,0.0,0.1,999.9,999.9,999.9,0,8.7,7.9
16585596,0723,79.9,81.6,82.5,44.6,46.9,47.8,870.0,902.8,888.5,9.7,13.2,12.8,3.7,7.8,7.7,13.0,16.8,16.7,93.9,95.9,94.9,62.1,66.4,66.5,0.0,0.0,0.1,999.9,999.9,999.9,16,8.6,7.3
16585596,0723,80.3,81.6,82.3,54.1,46.8,47.9,999.9,902.0,888.4,10.0,13.0,12.8,6.2,7.8,7.4,14.0,16.8,16.8,102.9,95.8,94.7,66.0,66.4,66.4,0.01,0.0,0.1,999.9,999.9,999.9,18,8.6,7.2
16585596,0723,79.9,81.6,82.3,57.5,46.9,47.8,873.1,902.7,892.6,10.0,12.9,12.8,8.1,7.7,7.5,10.1,16.8,16.4,95.0,95.9,94.9,57.9,66.4,66.4,0.0,0.0,0.1,999.9,999.9,999.9,0,8.6,7.2
16585596,0723,89.6,81.5,82.2,45.0,47.0,47.8,872.7,902.0,892.6,10.0,12.8,12.8,6.9,7.7,7.6,8.9,16.8,16.4,93.0,95.9,94.7,66.0,66.3,66.3,0.0,0.0,0.1,999.9,999.9,999.9,0,8.6,7.2
16585596,0723,89.6,81.5,82.2,57.6,47.0,47.7,869.7,902.0,892.5,22.2,12.8,12.8,5.3,7.7,7.5,11.1,16.7,16.2,104.0,95.9,94.4,66.0,66.3,66.1,0.0,0.0,0.1,999.9,999.9,999.9,18,8.6,7.2
16585596,0723,89.2,81.6,82.5,40.5,47.0,48.1,872.4,902.0,888.2,9.7,12.8,13.2,5.6,7.7,7.5,8.9,16.7,16.1,99.0,95.9,94.7,66.9,66.3,66.4,0.0,0.0,0.1,999.9,999.9,999.9,18,8.7,7.8
16585596,0723,87.8,81.8,82.8,41.6,47.0,47.5,871.0,901.3,888.2,30.7,12.8,13.2,5.6,7.7,7.5,11.1,16.5,16.1,93.9,95.9,94.8,73.9,66.3,66.7,0.0,0.0,0.0,999.9,999.9,999.9,0,8.8,8.4
16585596,0723,81.1,81.8,83.2,45.2,46.9,47.3,868.1,901.3,883.9,20.3,12.9,13.9,4.9,7.7,7.4,15.9,16.5,16.0,95.0,95.9,94.6,64.9,66.4,67.0,0.0,0.0,0.0,999.9,999.9,999.9,0,8.8,8.4
16585596,0723,76.4,81.8,83.3,57.5,47.0,46.9,869.6,901.3,883.7,9.7,12.9,14.3,5.6,7.7,7.3,11.1,16.5,16.1,79.0,95.9,94.7,66.0,66.4,66.9,0.0,0.0,0.0,999.9,999.9,999.9,18,8.8,8.4
16585596,0723,79.3,81.8,83.2,57.5,47.1,47.1,999.9,901.3,883.7,9.7,12.9,14.2,6.2,7.7,7.3,19.0,16.5,15.3,100.0,95.8,94.2,75.0,66.4,67.1,0.0,0.0,0.0,999.9,999.9,999.9,0,8.8,9.0
16585596,0723,77.5,81.7,83.3,54.6,47.2,47.3,869.6,901.3,883.7,10.0,12.8,14.2,5.3,7.7,7.2,34.0,16.5,15.3,87.1,95.9,94.3,54.0,66.4,67.1,0.0,0.0,0.0,999.9,999.9,999.9,0,8.8,9.0
16585596,0723,79.9,81.7,83.0,54.6,47.2,47.9,873.0,900.6,883.7,30.7,12.8,13.9,10.4,7.7,7.2,13.0,16.6,16.1,98.1,95.9,94.5,71.1,66.3,66.5,0.0,0.0,0.0,999.9,999.9,999.9,18,8.8,9.0
16585596,0723,83.0,81.7,83.0,55.9,47.2,48.2,873.0,900.6,883.8,10.0,12.8,14.6,3.7,7.7,7.2,19.0,16.5,15.9,98.1,95.8,94.5,70.0,66.4,66.4,0.0,0.0,0.0,999.9,999.9,999.9,0,8.8,9.6
16585596,0723,81.1,81.7,83.2,49.2,47.3,48.3,872.4,900.6,883.7,9.8,12.9,14.6,6.2,7.7,7.0,31.1,16.6,15.7,102.9,95.8,94.5,75.9,66.4,66.5,0.0,0.0,0.0,999.9,999.9,999.9,0,8.8,9.0
16585596,0723,85.2,81.7,83.0,46.5,47.3,48.8,870.0,900.6,883.7,13.5,12.8,14.6,10.6,7.7,7.1,34.0,16.6,16.4,102.9,95.8,94.8,75.9,66.5,66.8,0.0,0.0,0.0,999.9,999.9,999.9,0,8.7,8.4
16585596,0723,89.2,81.7,82.9,58.4,47.3,48.4,873.1,899.8,883.6,10.0,12.9,14.7,7.8,7.7,7.1,15.9,16.7,17.0,93.0,95.8,95.1,62.2,66.5,66.8,0.0,0.0,0.0,999.9,999.9,999.9,0,8.7,8.4
16585596,0723,76.7,81.7,83.1,41.4,47.4,49.0,873.0,899.9,883.8,10.0,12.9,14.7,5.1,7.7,7.0,15.0,16.7,17.2,87.1,95.8,94.7,66.9,66.5,66.5,0.03,0.0,0.0,999.9,999.9,999.9,0,8.7,8.3
16585596,0723,87.8,81.7,82.8,34.9,47.4,49.3,869.5,899.9,883.8,10.0,12.9,14.4,9.8,7.7,6.9,18.1,16.7,17.1,87.1,95.7,94.5,75.0,66.5,66.7,0.0,0.0,0.0,999.9,999.9,999.9,0,8.6,8.3
16585596,0723,80.9,81.8,83.1,55.6,47.3,48.8,873.5,899.9,883.7,10.0,12.9,13.3,6.4,7.7,7.0,15.9,16.8,17.2,93.0,95.7,94.3,63.0,66.5,67.3,0.0,0.0,0.0,999.9,999.9,999.9,18,8.6,8.3
16585596,0723,81.1,81.7,83.2,47.1,47.4,49.3,870.5,899.9,883.7,9.7,12.9,13.3,6.4,7.7,7.0,14.0,16.8,16.8,100.0,95.6,94.1,66.0,66.5,67.0,0.0,0.0,0.0,999.9,999.9,999.9,18,8.7,8.3
16585596,0723,79.9,81.7,83.1,54.5,47.4,49.4,999.9,899.9,883.7,20.3,12.9,13.3,8.8,7.7,7.1,13.0,16.8,16.4,99.0,95.6,94.3,70.0,66.4,67.0,0.0,0.0,0.0,999.9,999.9,999.9,0,8.7,8.3
16585596,0723,78.3,81.7,83.2,36.2,47.4,49.3,870.4,900.6,888.2,20.3,12.9,13.7,9.8,7.7,7.0,8.9,16.8,16.4,89.1,95.6,95.0,66.0,66.5,67.4,0.0,0.0,0.0,999.9,999.9,999.9,0,8.7,7.7
16585596,0723,81.1,81.7,82.8,41.4,47.2,49.2,999.9,900.6,888.3,9.9,13.0,13.0,6.2,7.7,7.1,19.0,16.7,16.2,95.0,95.6,94.9,66.9,66.4,67.6,0.0,0.0,0.0,999.9,999.9,999.9,0,8.7,7.7
16585596,0723,80.7,81.6,82.5,52.0,47.2,49.2,872.4,901.3,888.3,13.5,13.0,12.9,10.2,7.7,7.0,17.1,16.7,16.5,93.0,95.6,95.5,62.1,66.4,67.7,0.0,0.0,0.0,999.9,999.9,999.9,0,8.7,7.1
16585596,0723,80.9,81.6,82.5,37.5,47.2,48.9,872.4,901.3,888.3,10.0,13.0,13.0,9.5,7.8,7.0,15.0,16.7,16.4,100.0,95.5,95.1,66.2,66.4,67.6,0.11,0.0,0.0,999.9,999.9,999.9,18,8.7,6.5
16585596,0723,88.1,81.6,82.2,36.2,47.2,49.0,999.9,901.3,888.4,9.8,13.0,13.0,4.7,7.8,7.0,14.0,16.7,16.3,95.0,95.6,95.3,70.0,66.4,67.4,0.0,0.0,0.0,999.9,999.9,999.9,0,8.8,7.1
16585596,0723,82.3,81.6,82.5,47.1,47.1,48.9,866.4,902.0,892.5,10.0,13.0,13.0,5.6,7.8,7.0,15.0,16.7,16.5,102.0,95.6,95.5,71.1,66.4,67.5,0.0,0.0,0.0,999.9,999.9,999.9,18,8.8,6.5
16585596,0723,89.6,81.6,82.5,47.1,47.2,48.8,870.0,901.3,892.5,10.0,13.0,13.0,11.6,7.8,6.9,14.0,16.7,16.1,102.9,95.6,95.7,57.0,66.4,67.4,0.0,0.0,0.0,999.9,999.9,999.9,0,8.9,6.5
16585596,0723,78.3,81.6,82.5,44.6,47.2,48.4,869.0,900.5,892.6,39.8,12.9,13.0,5.1,7.8,6.9,14.0,16.7,16.1,99.0,95.6,95.7,72.0,66.3,66.8,0.0,0.0,0.0,999.9,999.9,999.9,48,8.9,5.9
16585596,0723,88.1,81.6,82.5,44.1,47.2,48.4,872.4,899.8,892.5,10.0,13.1,14.0,8.7,7.8,6.9,19.0,16.7,16.1,93.9,95.6,95.9,73.9,66.3,66.9,0.11,0.0,0.0,999.9,999.9,999.9,18,9.1,7.5
16585596,0723,77.5,81.6,82.8,47.1,47.2,48.0,871.4,899.1,892.6,9.9,13.1,14.0,10.2,7.7,7.0,19.0,16.7,16.1,93.9,95.6,95.8,63.0,66.4,67.3,0.03,0.0,0.0,999.9,999.9,999.9,0,9.2,8.1
16585596,0723,80.9,81.6,82.7,57.5,47.2,48.1,873.0,899.1,892.6,9.9,13.1,14.0,5.6,7.8,7.2,12.0,16.7,16.3,88.7,95.6,95.8,73.9,66.3,67.4,0.0,0.0,0.0,999.9,999.9,999.9,18,9.1,7.6
16585596,0723,79.3,81.6,82.7,49.2,47.2,48.2,870.0,899.1,888.4,9.9,13.1,14.0,8.1,7.8,7.2,12.0,16.7,16.2,102.0,95.6,95.3,64.9,66.4,67.6,0.0,0.0,0.0,999.9,999.9,999.9,18,9.1,7.6
16585596,0723,85.4,81.6,82.7,49.2,47.2,47.9,870.5,899.1,888.3,22.2,13.1,14.0,6.9,7.8,7.2,15.0,16.7,16.3,93.0,95.6,95.6,64.9,66.4,67.9,0.0,0.0,0.0,999.9,999.9,999.9,0,9.1,8.2
16585596,0723,82.7,81.7,82.5,36.2,47.3,48.1,868.1,899.1,888.2,14.9,13.1,14.4,4.7,7.8,7.2,15.9,16.7,16.5,93.9,95.6,95.6,70.0,66.4,67.8,0.0,0.0,0.0,999.9,999.9,999.9,0,9.1,8.2
16585596,0723,74.2,81.7,82.3,45.2,47.3,47.3,870.0,898.4,888.1,9.7,13.1,14.1,10.2,7.8,7.2,11.1,16.7,16.6,102.9,95.6,95.2,70.0,66.4,68.0,0.0,0.0,0.0,999.9,999.9,999.9,18,9.0,7.6
16585596,0723,89.6,81.7,81.8,48.9,47.3,47.5,871.4,897.6,888.1,10.0,13.1,14.1,6.5,7.8,7.3,19.0,16.7,16.7,93.0,95.7,95.3,71.1,66.4,68.1,0.0,0.0,0.0,999.9,999.9,999.9,18,9.1,7.6
16585596,0723,74.2,81.7,81.9,55.9,47.3,47.7,875.8,897.6,888.1,10.0,13.0,13.4,9.6,7.8,7.4,14.0,16.7,17.0,93.0,95.6,95.3,61.0,66.4,68.0,0.0,0.0,0.0,999.9,999.9,999.9,0,9.1,8.2
16585596,0723,89.2,81.6,81.6,37.5,47.4,48.1,873.0,896.9,888.3,10.0,12.9,13.1,9.9,7.8,7.5,24.3,16.7,16.9,102.9,95.6,95.3,66.9,66.4,67.8,0.0,0.0,0.0,999.9,999.9,999.9,0,9.0,8.2
16585596,0723,80.7,81.7,82.1,45.0,47.3,47.4,873.5,896.9,888.4,41.0,12.9,13.1,5.3,7.7,7.7,31.1,16.7,17.3,102.0,95.6,96.0,64.9,66.4,67.9,0.33,0.0,0.0,999.9,999.9,999.9,0,9.0,7.6
16585596,0723,76.4,81.7,82.1,49.3,47.2,47.0,870.5,896.9,884.2,30.7,13.1,14.2,9.9,7.7,7.6,15.9,16.8,17.7,91.9,95.7,96.1,62.1,66.4,67.5,0.0,0.0,0.0,999.9,999.9,999.9,0,9.0,7.6
16585596,0723,78.4,81.7,82.1,57.5,47.2,46.8,872.7,896.9,884.3,14.9,13.2,14.8,3.7,7.8,7.8,10.1,16.8,17.1,99.0,95.7,96.3,64.9,66.4,67.8,0.0,0.0,0.0,999.9,999.9,999.9,18,9.0,7.6
16585596,0723,81.1,81.7,82.0,54.6,47.3,46.9,869.6,896.2,884.3,10.0,13.3,14.3,7.8,7.7,7.6,15.9,16.8,17.0,104.0,95.7,96.3,75.0,66.4,67.6,0.0,0.0,0.0,999.9,999.9,999.9,18,9.0,7.6
16585596,0723,76.8,81.7,82.0,45.2,47.3,46.9,873.1,895.5,884.1,9.9,13.3,14.3,9.5,7.7,7.7,18.1,16.8,16.9,87.1,95.8,96.5,71.1,66.5,67.8,0.0,0.0,0.0,999.9,999.9,999.9,0,9.0,8.2
16585596,0723,86.6,81.6,81.8,34.9,47.3,46.8,869.5,895.5,884.2,10.0,13.3,14.3,5.1,7.8,7.8,14.0,16.8,16.5,95.0,95.7,96.0,62.1,66.5,67.6,0.0,0.0,0.0,999.9,999.9,999.9,0,8.9,8.2
16585596,0723,85.4,81.6,81.9,49.2,47.2,46.4,869.6,895.5,884.1,10.0,13.3,14.2,6.6,7.7,7.6,12.0,16.8,15.8,93.9,95.7,95.7,61.0,66.4,67.1,0.14,0.0,0.0,999.9,999.9,999.9,0,8.6,8.2
16585596,0723,85.4,81.6,81.7,45.2,47.2,46.1,999.9,895.5,884.0,13.5,13.1,14.2,5.6,7.7,7.6,19.0,16.8,15.7,104.0,95.7,95.7,57.0,66.4,67.1,0.0,0.0,0.0,999.9,999.9,999.9,0,8.6,8.2
16585596,0723,82.8,81.7,82.0,40.5,47.3,46.2,873.6,896.2,888.3,10.0,13.1,14.3,3.7,7.7,7.6,18.1,16.8,15.8,93.9,95.7,96.3,75.0,66.3,66.8,0.0,0.0,0.0,999.9,999.9,999.9,0,8.6,8.2
16585596,0723,81.1,81.7,81.9,44.6,47.2,46.4,869.7,896.2,888.4,10.0,13.1,14.3,6.2,7.7,7.4,8.9,16.8,15.8,88.7,95.7,96.5,70.0,66.3,66.8,0.0,0.0,0.0,999.9,999.9,999.9,0,8.5,8.2
16585596,0723,85.4,81.7,81.9,54.6,47.1,46.0,872.4,896.2,888.3,10.0,13.1,14.3,10.4,7.7,7.4,15.9,16.7,15.6,95.0,95.7,96.4,66.0,66.4,67.0,0.0,0.0,0.0,999.9,999.9,999.9,0,8.5,7.6
16585596,0723,81.1,81.7,82.0,41.4,47.2,46.3,870.5,896.2,888.3,9.9,13.1,14.3,9.5,7.8,7.5,15.0,16.7,15.7,93.0,95.6,96.2,68.0,66.4,67.0,0.0,0.0,0.0,999.9,999.9,999.9,0,8.5,7.0
16585596,0723,78.3,81.7,82.1,40.5,47.3,45.8,869.7,895.5,884.0,22.3,13.0,14.0,10.6,7.8,7.5,13.0,16.7,15.7,98.1,95.6,96.0,66.0,66.4,66.9,0.0,0.0,0.0,999.9,999.9,999.9,0,8.4,7.0
16585596,0723,80.3,81.7,82.1,54.5,47.2,46.0,999.9,895.5,884.0,10.0,13.1,14.1,10.2,7.8,7.6,12.0,16.7,15.9,79.0,95.6,96.3,72.0,66.4,66.9,0.11,0.0,0.0,999.9,999.9,999.9,0,8.3,7.0
16585596,0723,81.1,81.7,82.0,54.6,47.2,46.4,868.1,895.5,884.0,9.9,13.1,14.1,10.4,7.8,7.7,19.0,16.6,15.6,102.9,95.6,95.8,73.9,66.4,67.1,0.0,0.0,0.0,999.9,999.9,999.9,18,8.2,7.0
16585596,0723,77.5,81.7,82.0,52.0,47.3,46.5,872.4,894.8,883.9,9.9,13.1,13.9,10.1,7.8,7.7,18.1,16.6,15.7,87.1,95.6,96.1,66.9,66.4,67.5,0.0,0.0,0.0,999.9,999.9,999.9,18,8.3,7.6
16585596,0723,86.8,81.7,81.9,50.2,47.2,47.0,872.7,894.8,883.9,10.0,13.1,13.9,8.8,7.8,7.7,17.1,16.7,15.8,93.9,95.6,95.7,62.1,66.4,67.5,0.02,0.0,0.0,999.9,999.9,999.9,18,8.3,7.6
16585596,0723,82.8,81.8,81.9,54.1,47.3,47.4,869.5,894.0,879.6,20.3,13.1,13.9,9.6,7.9,7.9,13.0,16.7,15.9,104.0,95.5,95.7,57.9,66.4,67.3,0.17,0.0,0.0,999.9,999.9,999.9,0,8.3,8.2
16585596,0723,79.3,81.8,81.9,55.6,47.3,47.7,873.0,893.3,879.7,9.9,13.2,14.3,10.2,7.9,8.0,18.1,16.7,15.9,98.1,95.6,95.7,61.0,66.4,66.8,0.0,0.0,0.0,999.9,999.9,999.9,18,8.2,7.6
16585596,0723,88.1,81.8,81.6,46.5,47.3,48.0,870.4,893.3,879.8,10.0,13.2,14.3,11.6,7.9,8.0,12.0,16.7,16.0,79.0,95.6,95.6,54.0,66.3,67.0,0.0,0.0,0.0,999.9,999.9,999.9,16,8.3,8.2
16585596,0723,88.1,81.8,81.9,44.6,47.3,48.0,870.4,893.3,879.9,9.9,13.2,13.3,6.9,7.9,8.2,8.9,16.8,15.9,95.0,95.6,94.9,61.0,66.2,66.4,0.0,0.0,0.0,999.9,999.9,999.9,0,8.4,7.1
16585596,0723,81.1,81.8,81.9,41.6,47.3,48.0,872.4,893.3,879.8,9.7,13.2,13.3,5.3,7.9,8.1,13.0,16.7,15.6,102.9,95.5,94.9,66.0,66.2,65.9,0.17,0.0,0.0,999.9,999.9,999.9,0,8.3,6.5
16585596,0723,79.9,81.8,82.0,34.9,47.3,47.9,999.9,893.4,879.8,10.0,13.2,13.3,8.1,7.9,7.9,24.1,16.8,15.4,102.9,95.6,95.2,71.1,66.2,66.0,0.0,0.0,0.0,999.9,999.9,999.9,18,8.3,6.5
16585596,0723,79.9,81.8,82.0,41.2,47.1,47.1,872.4,893.4,884.1,9.7,13.2,13.3,10.4,7.9,8.0,11.1,16.8,15.8,91.9,95.6,95.7,72.0,66.2,65.9,0.0,0.0,0.0,999.9,999.9,999.9,18,8.3,6.5
16585596,0723,77.5,81.8,82.0,44.6,47.1,46.8,873.0,893.4,884.1,10.0,13.2,13.3,9.8,7.9,8.1,13.0,16.7,15.8,102.9,95.5,95.4,71.1,66.2,66.2,0.0,0.0,0.0,999.9,999.9,999.9,0,8.3,6.5
16585596,0723,78.4,81.8,81.7,44.6,47.1,46.7,873.6,893.4,884.2,9.8,13.2,12.9,11.6,7.9,8.2,13.0,16.6,15.7,79.0,95.5,95.7,72.0,66.2,66.4,0.0,0.0,0.0,999.9,999.9,999.9,16,8.3,6.5
16585596,0723,77.5,81.7,81.6,40.5,47.2,47.0,872.4,893.4,884.4,10.0,13.2,12.7,6.2,7.9,8.4,15.9,16.6,15.6,98.1,95.5,95.2,57.0,66.3,66.4,0.0,0.0,0.0,999.9,999.9,999.9,18,8.4,7.1
16585596,0723,81.1,81.7,81.7,41.6,47.2,46.8,999.9,893.4,884.5,14.9,13.2,12.7,5.1,7.9,8.3,22.0,16.6,15.8,102.0,95.5,95.0,75.0,66.3,66.0,0.0,0.0,0.0,999.9,999.9,999.9,2,8.4,7.1
16585596,0723,69.7,81.7,81.4,50.2,47.2,46.6,871.5,894.1,888.8,10.0,13.2,12.9,9.6,7.9,8.3,19.0,16.7,15.9,87.1,95.5,95.3,62.2,66.3,66.1,0.0,0.0,0.0,999.9,999.9,999.9,0,8.1,6.5
16585596,0723,69.7,81.6,81.3,52.0,47.2,46.4,873.6,894.1,888.6,9.9,13.2,12.9,5.1,7.9,8.3,14.0,16.6,16.0,104.0,95.4,95.1,54.0,66.3,66.2,0.11,0.0,0.0,999.9,999.9,999.9,0,8.1,6.5
16585596,0723,81.1,81.6,80.6,54.1,47.2,46.9,873.0,893.4,888.6,10.0,13.2,12.9,7.8,7.8,8.1,10.1,16.6,15.7,99.0,95.4,95.2,73.0,66.2,65.7,0.0,0.0,0.0,999.9,999.9,999.9,18,8.0,6.5
16585596,0723,69.7,81.6,80.6,49.3,47.3,47.2,872.7,893.4,888.6,9.9,13.2,11.8,5.6,7.8,8.2,18.1,16.6,15.0,95.0,95.5,95.1,62.2,66.2,66.0,0.0,0.0,0.0,999.9,999.9,999.9,0,8.1,7.1
16585596,0723,78.3,81.5,80.4,41.6,47.3,47.2,869.6,893.4,888.7,41.0,13.2,11.1,5.6,7.8,8.0,15.9,16.6,15.1,102.9,95.4,95.2,73.9,66.2,66.0,0.02,0.0,0.0,999.9,999.9,999.9,0,8.1,7.1
16585596,0723,80.3,81.6,80.4,34.9,47.2,46.6,869.5,893.4,888.6,9.8,13.3,12.0,6.9,7.8,8.1,10.1,16.6,15.2,99.0,95.5,95.3,70.0,66.3,66.3,0.17,0.0,0.0,999.9,999.9,999.9,0,8.1,6.5
16585596,0723,80.9,81.5,80.4,50.9,47.2,46.0,866.4,893.4,888.6,9.9,13.3,12.0,3.7,7.8,8.1,13.0,16.5,15.1,87.1,95.5,95.1,62.1,66.3,66.2,0.0,0.0,0.0,999.9,999.9,999.9,0,8.1,5.9
16585596,0723,89.6,81.5,80.5,45.0,47.3,46.2,869.7,893.4,888.4,10.0,13.3,12.0,6.2,7.8,7.9,10.1,16.5,14.9,102.0,95.5,95.1,64.9,66.3,65.8,0.0,0.0,0.0,999.9,999.9,999.9,0,8.1,5.9
16585596,0723,81.8,81.5,80.6,57.5,47.2,46.5,999.9,893.4,888.4,10.0,13.3,12.0,9.3,7.8,7.9,13.0,16.5,14.8,99.0,95.5,95.4,71.1,66.3,65.9,0.0,0.0,0.0,999.9,999.9,999.9,18,8.1,5.9
16585596,0723,83.0,81.5,80.5,52.0,47.2,46.8,999.9,893.4,892.7,9.9,13.3,12.0,3.7,7.8,8.0,18.1,16.5,14.8,99.0,95.5,95.5,71.1,66.4,66.3,0.03,0.0,0.0,999.9,999.9,999.9,16,8.2,6.5
16585596,0723,80.9,81.5,80.4,49.2,47.3,47.0,871.4,894.1,892.7,41.0,13.3,11.9,8.8,7.8,7.9,11.1,16.5,14.8,99.0,95.6,95.4,66.9,66.4,66.8,0.0,0.0,0.0,999.9,999.9,999.9,18,8.3,7.1
16585596,0723,82.3,81.5,80.3,44.6,47.3,47.3,875.8,894.1,892.7,10.0,13.4,12.9,9.9,7.8,8.1,18.1,16.4,14.5,102.9,95.5,95.6,62.1,66.4,66.5,0.15,0.0,0.0,999.9,999.9,999.9,0,8.4,7.7
16585596,0723,82.3,81.5,80.4,57.5,47.2,47.3,866.4,894.1,892.9,10.0,13.4,12.9,4.7,7.8,8.2,20.0,16.4,14.8,99.0,95.6,96.0,62.1,66.4,66.2,0.0,0.0,0.0,999.9,999.9,999.9,0,8.4,7.7
16585596,0723,81.8,81.5,80.3,40.5,47.3,47.4,999.9,894.1,892.7,10.0,13.4,12.9,6.3,7.8,8.0,24.3,16.5,15.0,88.7,95.6,96.2,63.0,66.4,66.1,0.0,0.0,0.0,999.9,999.9,999.9,48,8.4,7.7
16585596,0723,80.9,81.5,80.3,57.5,47.3,47.4,999.9,894.8,897.0,39.8,13.4,12.9,6.2,7.8,7.9,11.1,16.5,15.3,102.9,95.5,96.0,71.1,66.3,65.9,0.0,0.0,0.0,999.9,999.9,999.9,0,8.6,9.3
16585596,0723,86.8,81.5,80.4,41.4,47.3,47.9,999.9,894.8,901.3,9.9,13.5,13.5,8.8,7.8,7.8,12.0,16.5,15.2,99.0,95.5,96.2,64.9,66.3,66.1,0.0,0.0,0.0,999.9,999.9,999.9,0,8.6,9.3
16585596,0723,79.9,81.5,80.6,50.2,47.3,47.5,999.9,894.8,901.3,10.0,13.5,13.5,5.3,7.8,7.7,15.9,16.5,15.2,99.0,95.6,96.8,66.9,66.3,65.9,0.02,0.0,0.0,999.9,999.9,999.9,0,8.6,9.3
16585596,0723,89.6,81.5,80.6,33.1,47.3,47.3,999.9,895.5,905.7,10.0,13.5,13.5,6.4,7.7,7.6,13.0,16.5,15.1,95.0,95.6,96.7,61.0,66.3,65.6,0.33,0.0,0.0,999.9,999.9,999.9,0,8.6,8.7
16585596,0723,80.9,81.6,81.0,34.9,47.3,46.7,871.5,896.2,910.0,9.9,13.5,13.5,6.9,7.7,7.4,24.1,16.5,14.9,93.9,95.6,97.0,70.0,66.3,65.4,0.0,0.0,0.0,999.9,999.9,999.9,18,8.5,8.1
16585596,0723,81.8,81.6,80.8,45.2,47.3,46.2,873.6,895.5,909.9,10.0,13.5,13.5,5.6,7.7,7.4,12.0,16.6,15.2,88.7,95.6,97.0,66.9,66.3,65.7,0.11,0.0,0.0,999.9,999.9,999.9,18,8.3,8.1
16585596,0723,80.7,81.6,80.7,57.5,47.3,45.9,870.4,895.5,910.0,13.5,13.5,13.2,10.2,7.6,7.3,19.0,16.6,15.1,93.9,95.6,96.5,61.0,66.3,66.0,0.11,0.0,0.0,999.9,999.9,999.9,0,8.4,8.7
16585596,0723,80.7,81.6,80.8,55.6,47.3,46.0,872.4,895.5,910.0,13.5,13.6,13.3,10.4,7.7,7.3,26.0,16.5,15.2,93.0,95.5,96.3,62.2,66.3,66.0,0.0,0.0,0.0,999.9,999.9,999.9,0,8.3,8.1
16585596,0723,83.0,81.6,80.5,45.0,47.4,46.3,999.9,895.5,910.0,39.8,13.6,13.4,5.3,7.7,7.2,19.0,16.6,15.6,87.1,95.6,96.8,70.0,66.2,66.3,0.0,0.0,0.0,999.9,999.9,999.9,18,8.3,7.5
16585596,0723,77.1,81.5,80.4,57.2,47.4,46.3,869.0,896.2,914.3,22.3,13.7,14.4,6.2,7.7,7.2,18.1,16.7,16.0,93.9,95.5,96.5,66.9,66.2,66.6,0.33,0.0,0.0,999.9,999.9,999.9,2,8.4,8.1
16585596,0723,83.0,81.5,80.2,57.2,47.5,46.8,872.4,896.2,914.2,10.0,13.7,14.8,6.2,7.7,7.2,18.1,16.7,16.1,93.0,95.5,96.2,70.0,66.3,66.6,0.0,0.0,0.0,999.9,999.9,999.9,0,8.3,8.2
16585596,0723,78.3,81.5,80.3,57.5,47.6,47.6,866.4,896.2,910.0,10.0,13.7,14.8,8.8,7.7,7.1,18.1,16.7,15.9,100.0,95.4,95.9,61.0,66.3,66.6,0.0,0.0,0.0,999.9,999.9,999.9,0,8.3,7.6
16585596,0723,81.8,81.5,80.3,47.1,47.6,48.1,875.8,896.2,909.8,41.0,13.7,14.8,6.9,7.7,7.1,19.0,16.7,16.2,93.0,95.5,96.2,72.0,66.3,66.2,0.02,0.0,0.0,999.9,999.9,999.9,0,8.2,7.0
16585596,0723,62.0,81.5,80.4,44.6,47.7,48.2,869.7,895.5,909.9,10.0,13.9,15.9,7.8,7.7,7.0,19.0,16.8,16.4,89.1,95.5,95.8,72.0,66.3,66.2,0.11,0.0,0.0,999.9,999.9,999.9,0,8.1,7.0
16585596,0723,88.1,81.4,79.9,57.2,47.7,48.2,870.4,895.5,909.7,22.2,13.9,15.9,8.1,7.7,6.9,10.1,16.8,16.6,104.0,95.5,96.2,66.0,66.2,66.2,0.0,0.0,0.1,999.9,999.9,999.9,18,8.1,6.5
16585596,0723,79.9,81.4,80.2,39.9,47.7,48.7,871.5,895.5,909.7,9.9,13.9,16.3,6.2,7.7,6.9,22.0,16.7,16.4,98.1,95.6,96.4,61.0,66.2,66.5,0.0,0.0,0.1,999.9,999.9,999.9,0,8.1,6.5
16585596,0723,81.1,81.4,80.2,44.6,47.7,48.7,866.4,895.5,905.4,10.0,13.8,16.1,10.2,7.7,7.0,19.0,16.7,16.4,93.9,95.5,96.2,62.1,66.1,66.1,0.0,0.0,0.1,999.9,999.9,999.9,18,8.0,6.4
16585596,0723,81.1,81.4,80.6,41.4,47.7,48.5,999.9,895.5,905.2,41.0,13.8,16.1,4.9,7.8,7.0,13.0,16.7,16.4,95.0,95.5,96.5,57.0,66.1,66.0,0.0,0.0,0.1,999.9,999.9,999.9,0,8.1,7.0
16585596,0723,89.6,81.3,81.0,46.5,47.6,48.1,873.5,896.2,909.4,39.8,14.0,17.1,6.2,7.7,7.0,11.1,16.7,16.3,102.0,95.5,96.2,71.1,66.0,66.1,0.01,0.0,0.0,999.9,999.9,999.9,2,8.1,7.0
16585596,0723,89.6,81.3,81.2,44.1,47.6,47.9,875.8,896.2,909.5,10.0,14.0,18.1,8.1,7.7,6.9,15.9,16.6,16.4,90.0,95.5,96.3,72.0,66.0,66.1,0.0,0.0,0.0,999.9,999.9,999.9,0,8.1,6.5
16585596,0723,78.3,81.4,81.9,57.2,47.6,47.7,870.0,895.5,909.6,10.0,14.0,18.1,6.6,7.7,7.0,12.0,16.7,16.3,102.9,95.5,96.1,62.1,66.1,66.4,0.02,0.0,0.0,999.9,999.9,999.9,18,7.8,6.5
16585596,0723,89.6,81.4,81.9,54.5,47.6,48.2,873.0,895.5,909.6,39.8,14.0,17.1,9.6,7.7,7.0,15.9,16.6,16.2,99.0,95.6,96.1,54.0,66.0,66.0,0.0,0.0,0.0,999.9,999.9,999.9,0,7.9,7.1
16585596,0723,81.8,81.4,82.2,40.5,47.7,48.9,869.7,895.5,909.7,9.9,14.1,18.1,10.2,7.7,7.1,34.0,16.6,16.4,88.7,95.5,96.1,61.0,66.0,65.5,0.0,0.0,0.0,999.9,999.9,999.9,0,7.9,7.1
16585596,0723,88.1,81.5,82.2,57.2,47.7,48.5,869.0,895.5,909.8,9.9,14.0,18.1,10.2,7.7,7.3,20.0,16.7,17.1,98.1,95.5,96.2,66.0,66.0,65.4,0.0,0.0,0.0,999.9,999.9,999.9,0,7.8,7.1
16585596,0723,89.6,81.5,82.2,54.6,47.7,48.9,873.5,895.5,909.8,41.0,14.0,18.1,6.5,7.7,7.5,18.1,16.7,17.4,93.9,95.6,96.0,62.2,66.0,65.5,0.0,0.0,0.0,999.9,999.9,999.9,0,7.7,7.1
16585596,0723,86.8,81.5,82.5,50.9,47.8,48.9,869.5,895.5,905.6,10.0,14.1,19.1,8.1,7.7,7.4,18.1,16.7,17.6,99.0,95.6,95.9,63.0,66.0,65.2,0.0,0.0,0.0,999.9,999.9,999.9,48,7.7,6.5
16585596,0723,77.1,81.6,82.6,54.5,47.8,48.8,999.9,895.5,901.2,20.3,13.9,19.1,6.9,7.7,7.5,31.1,16.7,17.6,90.0,95.6,95.9,71.1,66.0,64.9,0.0,0.0,0.0,999.9,999.9,999.9,0,7.9,7.5
16585596,0723,78.4,81.6,82.5,34.9,47.9,49.0,869.0,896.2,905.5,39.8,14.0,18.4,8.8,7.7,7.5,18.1,16.8,18.2,99.0,95.6,95.6,62.1,66.0,65.1,0.33,0.0,0.0,999.9,999.9,999.9,0,7.8,6.9
16585596,0723,76.8,81.5,82.3,41.4,47.8,48.7,872.9,896.2,905.3,10.0,14.1,19.4,5.6,7.7,7.4,20.0,16.8,18.2,93.9,95.6,95.4,59.0,65.9,65.1,0.14,0.0,0.0,999.9,999.9,999.9,0,7.7,6.9
16585596,0723,76.8,81.5,82.1,54.5,47.8,48.1,999.9,896.2,905.5,10.0,14.1,19.4,9.5,7.7,7.4,10.1,16.7,18.2,102.9,95.6,95.3,71.1,65.9,65.0,0.15,0.0,0.1,999.9,999.9,999.9,0,7.6,6.9
16585596,0723,87.8,81.5,82.0,58.4,47.8,48.6,873.1,896.2,905.5,9.8,14.1,19.4,6.4,7.7,7.6,15.9,16.7,17.8,95.0,95.7,95.7,66.9,66.0,65.2,0.11,0.0,0.1,999.9,999.9,999.9,18,7.6,5.3
16585596,0723,78.3,81.5,82.2,45.2,47.8,48.6,871.4,895.5,901.3,9.9,14.1,18.4,9.3,7.7,7.6,11.1,16.7,17.9,90.0,95.7,95.5,61.0,65.9,65.1,0.11,0.0,0.1,999.9,999.9,999.9,0,7.6,5.9
16585596,0723,85.4,81.5,81.9,34.9,47.7,48.8,873.6,895.5,897.0,20.3,14.1,18.4,7.8,7.7,7.6,24.1,16.7,17.9,99.0,95.6,95.2,70.0,66.0,65.0,0.0,0.0,0.1,999.9,999.9,999.9,0,7.5,5.9
16585596,0723,79.3,81.6,82.1,41.6,47.6,48.2,999.9,894.8,892.8,13.5,14.2,18.8,7.8,7.7,7.7,24.3,16.8,18.2,102.9,95.7,95.2,70.0,66.0,65.1,0.0,0.0,0.1,999.9,999.9,999.9,0,7.5,5.9
16585596,0723,76.4,81.6,81.8,54.1,47.5,48.5,869.0,895.5,892.8,22.3,14.2,18.9,8.7,7.7,7.7,13.0,16.8,18.5,102.9,95.7,95.4,66.2,66.0,65.4,0.0,0.0,0.1,999.9,999.9,999.9,16,7.5,5.9
16585596,0723,89.6,81.5,81.6,41.6,47.5,49.2,869.0,895.5,892.7,9.8,14.3,19.3,4.9,7.7,7.8,19.0,16.8,18.2,102.0,95.8,95.7,73.9,65.9,65.2,0.0,0.0,0.1,999.9,999.9,999.9,0,7.6,5.9
16585596,0723,80.3,81.6,81.9,57.5,47.6,49.0,872.7,895.5,892.5,22.2,14.2,19.3,10.2,7.7,7.7,13.0,16.8,18.4,90.0,95.8,96.2,62.1,65.9,65.5,0.0,0.0,0.0,999.9,999.9,999.9,18,7.5,5.3
16585596,0723,79.9,81.5,81.9,57.2,47.7,49.0,999.9,895.5,892.6,9.9,14.3,19.6,6.9,7.7,7.7,18.1,16.8,18.2,87.1,95.8,96.0,62.1,65.9,65.5,0.0,0.0,0.0,999.9,999.9,999.9,18,7.6,5.9
16585596,0723,79.9,81.5,81.8,41.2,47.7,49.1,870.4,896.2,896.9,22.3,14.3,19.5,8.1,7.7,7.6,15.0,16.8,17.9,93.0,95.7,95.8,66.0,65.9,65.5,0.0,0.0,0.0,999.9,999.9,999.9,18,7.7,6.5
16585596,0723,88.8,81.4,81.7,54.6,47.7,49.0,873.5,895.5,892.5,39.8,14.4,18.9,6.3,7.7,7.7,10.1,16.8,17.8,102.0,95.8,96.0,66.9,65.9,65.4,0.0,0.0,0.0,999.9,999.9,999.9,16,7.8,6.5
16585596,0723,74.2,81.5,82.1,39.9,47.7,48.9,872.4,894.8,892.7,10.0,14.6,19.5,10.1,7.7,7.7,26.0,16.7,17.5,102.9,95.8,96.3,66.0,65.9,65.4,0.0,0.0,0.0,999.9,999.9,999.9,18,7.9,6.9
16585596,0723,78.3,81.4,81.8,52.0,47.6,48.3,872.9,894.8,892.7,20.3,14.6,19.5,5.3,7.7,7.9,19.0,16.8,17.8,99.0,95.8,96.6,73.9,66.0,65.2,0.0,0.0,0.0,999.9,999.9,999.9,18,8.0,7.5
16585596,0723,81.1,81.5,81.8,57.5,47.7,48.1,869.5,894.8,892.9,14.9,14.5,19.8,4.7,7.7,7.7,11.1,16.8,17.8,95.0,95.8,96.6,62.1,66.1,65.7,0.0,0.0,0.0,999.9,999.9,999.9,18,8.1,8.1
16585596,0723,77.1,81.5,81.8,34.9,47.7,48.5,875.8,894.8,892.7,39.8,14.6,19.0,5.3,7.7,7.7,18.1,16.8,17.6,95.0,95.7,96.7,66.0,66.1,65.3,0.0,0.0,0.0,999.9,999.9,999.9,2,8.1,8.7
16585596,0723,78.4,81.4,82.3,47.2,47.6,48.1,869.5,894.1,892.9,10.0,14.7,19.9,5.3,7.6,7.6,15.9,16.8,17.5,98.1,95.8,96.9,66.2,66.1,65.1,0.33,0.0,0.0,999.9,999.9,999.9,18,8.0,8.8
16585596,0723,79.3,81.4,82.0,41.2,47.7,47.8,871.0,894.1,892.9,20.3,14.7,19.5,10.6,7.6,7.5,31.1,16.8,17.7,95.0,95.8,96.7,64.9,66.1,65.1,0.0,0.0,0.0,999.9,999.9,999.9,18,8.0,8.8
16585596,0723,76.7,81.4,82.0,57.6,47.6,47.9,870.4,893.4,892.9,22.3,14.7,19.9,9.3,7.7,7.6,11.1,16.9,18.0,95.0,95.8,96.6,57.0,66.1,65.3,0.14,0.0,0.0,999.9,999.9,999.9,18,8.0,9.4
16585596,0723,85.2,81.4,81.8,45.2,47.7,48.3,870.0,893.4,893.0,9.8,14.8,20.3,5.3,7.7,7.6,13.0,16.8,17.8,87.1,95.8,96.6,70.0,66.1,65.1,0.0,0.0,0.0,999.9,999.9,999.9,18,8.1,9.4
16585596,0723,78.4,81.4,82.0,58.4,47.7,48.4,871.4,893.4,888.7,22.2,14.8,19.3,6.2,7.6,7.6,10.1,16.8,17.8,98.1,95.7,96.3,64.9,66.1,65.5,0.0,0.0,0.0,999.9,999.9,999.9,0,8.1,10.0
16585596,0723,82.8,81.4,81.6,57.6,47.9,48.8,871.4,893.4,888.6,30.7,14.9,18.7,5.3,7.6,7.6,18.1,16.7,17.7,98.1,95.7,96.2,73.9,66.1,65.3,0.0,0.0,0.0,999.9,999.9,999.9,0,8.0,9.9
16585596,0723,83.0,81.4,81.3,55.6,47.9,49.3,873.6,892.7,888.4,9.9,14.8,19.4,5.3,7.6,7.5,18.1,16.7,17.8,93.0,95.6,96.5,63.0,66.2,65.4,0.02,0.0,0.0,999.9,999.9,999.9,48,8.0,9.9
16585596,0723,81.1,81.5,81.5,49.2,48.1,49.2,868.1,892.7,888.6,9.9,14.7,19.4,6.2,7.6,7.5,17.1,16.7,18.0,90.0,95.6,96.2,62.1,66.2,65.4,0.0,0.0,0.0,999.9,999.9,999.9,0,8.3,10.9
16585596,0723,80.7,81.5,81.2,45.0,48.0,49.0,873.1,892.7,888.4,9.8,14.7,18.4,6.2,7.6,7.4,18.1,16.7,18.1,99.0,95.6,95.9,66.0,66.2,65.7,0.0,0.0,0.0,999.9,999.9,999.9,0,8.2,10.9
16585596,0723,77.5,81.5,81.2,52.0,48.1,49.2,870.0,892.7,888.5,10.0,14.7,18.4,6.4,7.6,7.2,18.1,16.7,17.5,88.7,95.6,96.2,66.0,66.2,65.9,0.0,0.0,0.0,999.9,999.9,999.9,0,8.1,10.9
16585596,0723,77.5,81.5,80.8,50.9,48.2,49.0,999.9,892.0,888.5,10.0,14.7,18.4,8.1,7.5,7.1,26.0,16.7,17.5,79.0,95.6,95.9,57.0,66.2,65.9,0.0,0.0,0.0,999.9,999.9,999.9,0,8.1,10.9
16585596,0723,81.8,81.4,80.4,46.5,48.2,48.9,868.1,892.7,892.8,10.0,14.7,17.3,4.7,7.5,7.2,19.0,16.7,17.7,87.1,95.5,95.4,71.1,66.1,65.7,0.0,0.0,0.0,999.9,999.9,999.9,0,8.0,10.9
16585596,0723,77.5,81.4,80.3,47.1,48.2,48.7,872.9,892.7,892.7,14.9,14.7,17.3,9.3,7.5,7.0,13.0,16.6,17.8,93.0,95.5,95.0,75.0,66.2,66.0,0.15,0.0,0.0,999.9,999.9,999.9,0,8.0,9.3
16585596,0723,80.3,81.4,80.3,57.6,48.1,48.5,870.5,892.0,888.5,22.3,14.7,17.1,9.5,7.5,7.1,19.0,16.6,17.2,102.9,95.5,95.1,59.0,66.2,66.1,0.0,0.0,0.0,999.9,999.9,999.9,0,8.0,9.3
16585596,0723,80.3,81.5,80.3,37.5,48.1,49.3,872.7,892.0,888.5,9.8,14.8,16.6,6.5,7.5,7.2,34.0,16.7,17.2,90.0,95.5,95.2,62.1,66.2,66.0,0.33,0.0,0.0,999.9,999.9,999.9,0,8.0,9.3
16585596,0723,88.1,81.5,80.5,41.6,48.1,49.1,870.4,892.0,888.5,10.0,14.8,16.6,9.8,7.5,7.2,18.1,16.8,17.7,93.9,95.4,95.1,75.9,66.1,66.1,0.15,0.0,0.0,999.9,999.9,999.9,0,7.9,9.3
16585596,0723,62.0,81.6,80.8,54.5,48.0,48.7,873.1,892.0,884.2,13.5,14.8,16.6,8.7,7.5,7.2,15.9,16.9,17.9,102.9,95.4,94.8,66.9,66.2,66.2,0.15,0.0,0.0,999.9,999.9,999.9,18,7.8,9.3
16585596,0723,74.2,81.5,80.0,40.5,48.1,48.6,869.5,892.0,884.2,9.7,14.8,16.7,6.3,7.5,7.3,12.0,16.8,17.9,98.1,95.5,95.1,64.9,66.2,66.2,0.17,0.0,0.0,999.9,999.9,999.9,0,7.8,9.3
16585596,0723,81.8,81.4,79.8,54.6,48.0,48.4,999.9,892.0,884.1,10.0,14.7,16.7,10.2,7.5,7.2,15.9,16.7,18.0,102.0,95.5,95.3,64.9,66.2,66.4,0.0,0.0,0.0,999.9,999.9,999.9,0,7.7,9.3
16585596,0723,87.8,81.4,79.7,48.9,48.0,49.1,873.6,892.7,888.4,20.3,14.7,16.3,6.9,7.5,7.2,26.0,16.7,17.7,89.1,95.5,95.4,66.0,66.2,66.2,0.0,0.0,0.0,999.9,999.9,999.9,18,7.7,9.3
16585596,0723,85.4,81.4,80.0,45.2,48.0,49.3,869.7,892.0,884.1,22.3,14.8,16.6,5.6,7.5,7.2,19.0,16.7,17.7,88.7,95.5,95.0,66.9,66.3,66.1,0.0,0.0,0.0,999.9,999.9,999.9,0,7.8,9.9
16585596,0723,78.3,81.5,80.3,45.2,48.0,49.0,869.5,892.0,884.2,41.0,14.9,16.6,9.8,7.5,7.1,15.0,16.8,17.9,93.9,95.5,94.5,61.0,66.2,66.1,0.0,0.0,0.0,999.9,999.9,999.9,0,7.7,9.4
16585596,0723,82.8,81.5,79.9,57.5,48.1,49.1,871.0,892.0,884.2,10.0,15.0,17.6,9.3,7.5,7.3,18.1,16.7,17.8,102.9,95.6,94.2,70.0,66.2,65.7,0.0,0.0,0.0,999.9,999.9,999.9,18,7.6,9.4
16585596,0723,69.7,81.6,80.0,54.1,48.1,49.1,873.5,892.0,884.1,9.9,15.0,17.2,9.3,7.5,7.3,11.1,16.7,18.0,98.1,95.6,94.7,62.1,66.2,65.9,0.02,0.0,0.0,999.9,999.9,999.9,18,7.7,9.4
16585596,0723,81.1,81.5,79.7,33.1,48.1,49.0,869.6,892.0,879.9,9.9,15.0,17.2,9.6,7.5,7.3,8.9,16.7,17.7,99.0,95.6,95.0,62.2,66.2,65.9,0.0,0.0,0.0,999.9,999.9,999.9,0,7.7,9.4
16585596,0723,88.8,81.5,79.7,41.4,48.0,48.8,868.1,891.3,879.9,10.0,15.0,16.8,10.6,7.5,7.4,20.0,16.6,17.5,95.0,95.6,95.2,62.1,66.2,65.8,0.0,0.0,0.0,999.9,999.9,999.9,0,7.6,8.8
16585596,0723,86.6,81.5,79.7,39.9,48.0,48.3,873.0,891.2,879.7,10.0,15.0,15.8,6.2,7.5,7.5,19.0,16.7,17.9,90.0,95.5,95.0,66.9,66.2,65.6,0.0,0.0,0.0,999.9,999.9,999.9,18,7.5,8.3
16585596,0723,76.8,81.5,80.1,57.6,47.9,48.3,999.9,891.2,879.7,10.0,15.0,15.8,5.3,7.5,7.4,34.0,16.6,17.6,95.0,95.5,94.6,54.0,66.2,65.7,0.0,0.0,0.0,999.9,999.9,999.9,0,7.5,8.3
16585596,0723,76.7,81.5,80.1,37.5,47.9,48.5,873.5,891.9,884.0,10.0,15.0,15.4,10.2,7.5,7.4,11.1,16.8,18.1,104.0,95.5,94.4,66.0,66.2,65.0,0.0,0.0,0.0,999.9,999.9,999.9,0,7.5,7.7
16585596,0723,76.7,81.4,79.9,57.2,47.8,47.8,869.0,891.9,884.1,10.0,15.0,15.3,10.2,7.5,7.6,26.0,16.7,18.1,79.0,95.5,94.7,64.9,66.2,65.1,0.0,0.0,0.0,999.9,999.9,999.9,2,7.5,7.1
16585596,0723,83.0,81.4,79.9,34.9,47.9,48.6,871.5,891.2,883.9,9.9,15.0,14.3,8.2,7.5,7.7,18.1,16.8,18.4,93.0,95.4,94.2,62.1,66.2,65.1,0.0,0.0,0.0,999.9,999.9,999.9,0,7.5,7.1
16585596,0723,78.4,81.4,80.1,58.4,47.8,48.2,875.8,891.2,883.9,10.0,15.0,14.3,10.2,7.6,7.8,13.0,16.9,18.5,79.0,95.4,94.0,70.0,66.2,65.0,0.33,0.0,0.0,999.9,999.9,999.9,0,7.5,6.5
16585596,0723,77.5,81.4,80.0,55.9,47.8,48.7,869.5,890.5,884.1,10.0,15.0,13.9,9.9,7.6,7.8,20.0,16.9,17.9,95.0,95.3,93.5,73.0,66.3,65.1,0.0,0.0,0.0,999.9,999.9,999.9,18,7.5,5.9
16585596,0723,86.8,81.4,80.1,55.9,47.8,48.7,869.0,890.5,884.1,9.9,15.0,13.5,5.6,7.6,7.8,11.1,16.9,18.2,102.9,95.3,93.5,66.0,66.3,65.7,0.0,0.0,0.0,999.9,999.9,999.9,18,7.6,5.9
16585596,0723,89.6,81.5,80.1,36.2,47.8,49.0,870.0,890.5,884.0,10.0,15.0,13.5,11.6,7.6,7.9,18.1,16.8,18.1,95.0,95.3,94.0,62.1,66.3,65.5,0.0,0.0,0.0,999.9,999.9,999.9,18,7.7,5.9
16585596,0723,83.0,81.6,80.5,54.5,47.8,48.3,873.5,889.8,884.0,14.9,15.0,13.1,8.1,7.6,8.0,14.0,16.8,18.4,99.0,95.3,93.9,70.0,66.2,65.4,0.15,0.0,0.0,999.9,999.9,999.9,18,7.8,6.5
16585596,0723,80.3,81.5,80.5,55.9,47.8,48.2,875.8,889.8,884.0,10.0,15.0,12.6,9.8,7.6,8.1,19.0,16.8,18.2,104.0,95.4,93.9,62.1,66.2,65.3,0.0,0.0,0.0,999.9,999.9,999.9,0,7.9,7.1
16585596,0723,89.2,81.5,80.4,57.5,47.9,48.2,999.9,889.8,884.1,9.9,15.0,12.6,9.5,7.6,8.3,14.0,16.8,18.3,102.9,95.4,94.3,71.1,66.2,65.3,0.0,0.0,0.0,999.9,999.9,999.9,18,7.9,5.5
16585596,0723,79.9,81.6,80.7,39.9,47.9,48.5,869.0,890.5,888.5,9.7,15.0,12.6,9.8,7.6,8.4,13.0,16.7,18.2,99.0,95.5,94.7,70.0,66.2,65.6,0.0,0.0,0.0,999.9,999.9,999.9,18,7.9,6.1
16585596,0723,89.6,81.6,80.6,45.2,48.0,48.3,875.8,890.5,888.4,10.0,15.0,12.6,9.5,7.6,8.5,15.0,16.7,18.0,102.0,95.5,94.7,63.0,66.2,65.7,0.0,0.0,0.0,999.9,999.9,999.9,18,7.9,6.7
16585596,0723,80.7,81.6,81.0,47.2,47.9,48.1,872.9,890.5,888.6,9.9,15.0,12.6,5.3,7.6,8.6,15.9,16.7,17.9,79.0,95.5,95.2,62.1,66.1,65.6,0.0,0.0,0.0,999.9,999.9,999.9,0,8.0,7.3
16585596,0723,76.7,81.6,81.2,36.2,47.9,48.0,870.0,890.5,884.3,9.9,15.0,12.6,6.2,7.6,8.5,10.1,16.8,17.5,91.9,95.4,95.2,71.1,66.1,65.8,0.0,0.0,0.0,999.9,999.9,999.9,0,8.0,7.3
16585596,0723,78.4,81.5,81.0,41.4,47.9,47.6,869.5,890.5,884.4,14.9,14.9,12.6,11.6,7.6,8.6,11.1,16.7,17.2,93.9,95.4,95.3,71.1,66.1,65.8,0.01,0.0,0.0,999.9,999.9,999.9,18,8.0,7.3
16585596,0723,76.7,81.5,81.0,57.5,47.9,47.4,868.1,890.5,884.3,22.3,14.8,12.6,5.3,7.6,8.6,15.0,16.7,17.2,102.0,95.4,95.4,62.1,66.2,65.6,0.11,0.0,0.0,999.9,999.9,999.9,18,8.1,7.9
16585596,0723,80.7,81.5,80.9,39.9,48.0,47.4,869.6,890.5,884.2,22.2,14.9,12.6,6.6,7.6,8.5,19.0,16.6,17.1,90.0,95.4,95.3,62.1,66.2,65.8,0.11,0.0,0.0,999.9,999.9,999.9,18,8.1,8.5
16585596,0723,82.8,81.5,80.9,36.2,48.0,47.5,866.4,890.5,884.1,9.9,14.9,13.0,8.1,7.6,8.5,13.0,16.6,16.6,102.9,95.4,95.3,71.1,66.2,65.8,0.0,0.0,0.0,999.9,999.9,999.9,0,8.1,9.1
16585596,0723,76.4,81.5,80.7,49.2,47.9,47.3,999.9,890.5,884.0,10.0,14.9,13.0,10.2,7.6,8.4,18.1,16.6,16.4,99.0,95.5,95.6,72.0,66.2,65.6,0.0,0.0,0.0,999.9,999.9,999.9,0,8.0,9.1
16585596,0723,62.0,81.4,81.2,44.1,47.9,47.2,873.6,891.2,888.2,10.0,14.8,12.9,9.3,7.6,8.5,15.0,16.6,16.5,90.0,95.6,95.5,66.2,66.3,65.8,0.0,0.0,0.0,999.9,999.9,999.9,18,8.0,8.5
16585596,0723,80.3,81.3,80.8,55.6,47.9,47.3,869.5,890.5,888.3,10.0,14.7,12.9,9.8,7.6,8.6,34.0,16.6,16.6,90.0,95.6,95.2,71.1,66.3,65.8,0.0,0.0,0.0,999.9,999.9,999.9,0,8.0,9.1
16585596,0723,80.3,81.3,80.8,57.5,47.9,47.3,869.6,890.5,884.0,30.7,14.7,12.9,6.9,7.6,8.6,11.1,16.7,17.2,95.0,95.6,94.8,66.0,66.3,66.0,0.0,0.0,0.0,999.9,999.9,999.9,0,7.9,9.1
16585596,0723,74.2,81.2,80.5,54.1,48.0,47.6,873.6,890.5,883.9,9.9,14.9,13.2,9.8,7.6,8.6,34.0,16.7,16.7,99.0,95.6,95.0,71.1,66.3,66.0,0.0,0.0,0.0,999.9,999.9,999.9,18,7.9,8.5
16585596,0723,80.7,81.2,80.1,45.2,48.1,47.9,999.9,890.5,884.0,10.0,14.9,12.8,9.9,7.6,8.7,18.1,16.8,17.2,99.0,95.6,95.4,62.1,66.3,66.2,0.0,0.0,0.0,999.9,999.9,999.9,18,7.9,9.1
16585596,0723,79.9,81.2,80.2,48.9,48.1,47.9,872.9,891.2,888.3,13.5,14.9,11.8,10.6,7.6,8.7,17.1,16.8,17.3,93.0,95.6,95.6,71.1,66.3,66.2,0.0,0.0,0.0,999.9,999.9,999.9,2,7.9,9.7
16585596,0723,81.1,81.1,80.1,54.6,48.0,47.6,871.5,891.3,888.4,10.0,14.9,11.9,10.1,7.6,8.8,15.0,16.8,17.2,99.0,95.6,95.2,62.2,66.2,66.2,0.0,0.0,0.0,999.9,999.9,999.9,0,7.8,9.1
16585596,0723,79.9,81.2,80.5,47.2,48.1,47.6,873.0,891.2,888.3,20.3,14.9,11.9,4.7,7.7,8.8,20.0,16.8,17.4,98.1,95.6,95.3,66.9,66.2,66.2,0.02,0.0,0.0,999.9,999.9,999.9,2,7.8,8.5
16585596,0723,76.4,81.2,80.5,45.2,48.0,48.1,873.5,891.3,888.4,9.9,14.9,12.3,9.9,7.7,8.6,18.1,16.8,17.7,104.0,95.6,95.2,64.9,66.2,66.4,0.0,0.0,0.0,999.9,999.9,999.9,0,7.8,8.6
16585596,0723,83.0,81.1,80.0,44.1,48.0,48.2,999.9,891.3,888.6,9.7,14.9,12.3,5.6,7.7,8.6,20.0,16.8,17.7,95.0,95.7,95.5,66.2,66.2,66.5,0.0,0.0,0.0,999.9,999.9,999.9,0,7.7,8.6
16585596,0723,80.7,81.1,79.9,41.4,48.0,48.4,870.4,891.3,892.9,22.2,14.9,12.2,11.6,7.7,8.6,13.0,16.8,17.7,87.1,95.6,95.7,66.9,66.2,66.5,0.0,0.0,0.0,999.9,999.9,999.9,0,7.6,8.0
16585596,0723,87.8,81.2,80.1,37.5,47.9,47.8,869.7,891.3,888.5,22.3,15.0,12.7,3.7,7.7,8.8,11.1,16.9,17.0,99.0,95.6,95.4,66.0,66.3,66.9,0.14,0.0,0.0,999.9,999.9,999.9,0,7.6,8.0
16585596,0723,76.4,81.1,80.4,57.5,47.8,47.8,873.6,891.2,888.4,10.0,15.1,13.1,6.4,7.7,8.6,15.0,16.9,17.0,102.0,95.6,95.3,62.1,66.3,66.9,0.0,0.0,0.0,999.9,999.9,999.9,0,7.6,8.0
16585596,0723,85.2,81.1,80.4,57.6,47.8,47.8,869.7,891.3,888.6,22.2,15.0,13.1,8.7,7.7,8.5,22.0,16.9,16.6,89.1,95.6,96.0,66.9,66.3,66.8,0.0,0.0,0.0,999.9,999.9,999.9,0,7.5,7.9
16585596,0723,85.2,81.0,80.5,39.9,47.9,48.6,999.9,891.3,888.5,10.0,15.1,13.5,4.9,7.7,8.5,15.9,17.0,16.8,91.9,95.6,95.9,66.9,66.3,67.0,0.03,0.0,0.0,999.9,999.9,999.9,0,7.4,7.9
16585596,0723,79.9,81.0,80.7,39.9,47.9,48.0,869.5,892.0,892.6,10.0,15.0,13.5,8.8,7.7,8.3,15.0,17.0,16.9,99.0,95.5,96.3,63.0,66.2,66.9,0.0,0.0,0.0,999.9,999.9,999.9,0,7.4,7.9
16585596,0723,89.6,81.0,80.8,57.6,47.9,47.4,999.9,892.0,892.6,39.8,14.9,13.5,8.8,7.7,8.3,12.0,17.0,16.7,89.1,95.6,96.5,71.1,66.2,66.5,0.11,0.0,0.0,999.9,999.9,999.9,0,7.4,7.3
16585596,0723,89.6,81.1,80.9,57.6,47.9,47.5,873.6,892.7,897.0,30.7,15.1,14.5,10.6,7.8,8.4,11.1,17.0,16.7,95.0,95.6,96.0,72.0,66.3,66.7,0.02,0.0,0.0,999.9,999.9,999.9,0,7.3,6.7
16585596,0723,82.8,81.2,80.9,54.6,47.9,48.2,872.7,892.0,897.1,10.0,15.2,15.2,8.8,7.8,8.3,15.9,16.9,16.5,79.0,95.6,96.0,63.0,66.2,67.0,0.0,0.0,0.0,999.9,999.9,999.9,18,7.3,6.1
16585596,0723,82.7,81.2,80.9,54.5,47.9,48.2,873.5,892.0,897.1,10.0,15.2,15.0,5.6,7.8,8.4,34.0,16.8,16.6,95.0,95.6,95.3,57.9,66.3,66.8,0.0,0.0,0.0,999.9,999.9,999.9,0,7.4,6.1
16585596,0723,76.8,81.2,81.0,50.2,47.9,48.2,870.5,892.0,897.0,9.9,15.1,15.0,9.8,7.8,8.2,18.1,17.0,17.1,87.1,95.5,95.0,71.1,66.2,66.6,0.0,0.0,0.0,999.9,999.9,999.9,0,7.3,6.1
16585596,0723,76.7,81.2,80.5,37.5,47.9,47.9,869.5,892.0,892.7,39.8,15.1,15.0,6.5,7.8,8.2,18.1,17.0,17.2,93.0,95.5,94.5,57.0,66.2,66.6,0.0,0.0,0.0,999.9,999.9,999.9,18,7.3,5.5
16585596,0723,76.7,81.1,80.4,54.1,47.8,47.8,873.0,892.0,892.7,9.7,15.2,16.0,11.6,7.8,8.1,12.0,16.9,17.4,93.0,95.4,94.3,72.0,66.1,66.2,0.14,0.0,0.0,999.9,999.9,999.9,0,7.4,5.5
16585596,0723,82.7,81.1,80.0,36.2,47.8,48.1,869.6,892.0,892.6,39.8,15.2,16.0,8.1,7.8,8.2,15.9,16.8,17.3,99.0,95.4,94.0,61.0,66.1,66.5,0.0,0.0,0.0,999.9,999.9,999.9,2,7.4,4.9
16585596,0723,69.7,81.1,80.1,39.9,47.7,47.8,869.0,892.0,892.5,9.8,15.4,17.0,9.3,7.8,8.3,11.1,16.8,17.3,95.0,95.4,94.7,62.1,66.1,66.5,0.11,0.0,0.0,999.9,999.9,999.9,0,7.4,5.0
16585596,0723,79.9,81.0,79.8,37.5,47.7,47.9,999.9,892.0,892.5,10.0,15.4,17.0,10.4,7.8,8.4,15.9,16.7,17.3,79.0,95.4,94.8,66.0,66.1,66.2,0.0,0.0,0.0,999.9,999.9,999.9,0,7.4,5.0
16585596,0723,78.4,81.0,79.9,45.2,47.7,47.8,870.0,892.7,896.8,22.3,15.4,16.8,9.9,7.8,8.3,34.0,16.7,17.5,99.0,95.4,94.3,62.1,66.0,66.0,0.0,0.0,0.0,999.9,999.9,999.9,18,7.4,4.4
16585596,0723,86.8,81.0,80.0,45.2,47.7,47.4,870.4,892.7,896.9,13.5,15.4,16.8,6.2,7.9,8.5,26.0,16.8,18.1,95.0,95.4,94.2,73.9,66.0,66.0,0.0,0.0,0.0,999.9,999.9,999.9,0,7.4,4.4
16585596,0723,78.4,81.0,80.2,39.9,47.7,47.5,873.0,892.7,896.9,9.9,15.5,16.5,5.6,7.9,8.5,15.9,16.9,18.3,102.9,95.4,94.3,75.9,66.0,66.4,0.0,0.0,0.0,999.9,999.9,999.9,0,7.3,3.8
16585596,0723,85.4,81.0,80.0,57.6,47.6,47.7,872.7,892.0,897.1,9.9,15.4,16.5,10.2,7.8,8.4,10.1,16.9,18.4,79.0,95.4,94.3,71.1,66.1,66.6,0.0,0.0,0.0,999.9,999.9,999.9,0,7.3,3.8
16585596,0723,81.8,81.0,80.3,37.5,47.7,47.9,869.6,892.0,892.9,10.0,15.3,16.5,4.7,7.8,8.4,13.0,16.9,18.1,102.0,95.4,93.7,54.0,66.1,66.5,0.0,0.0,0.0,999.9,999.9,999.9,0,7.3,3.8
16585596,0723,83.0,81.0,81.0,57.2,47.7,47.7,869.5,891.3,892.8,10.0,15.4,16.5,6.5,7.8,8.2,22.0,16.9,18.1,102.9,95.4,94.1,63.0,66.0,66.1,0.17,0.0,0.0,999.9,999.9,999.9,18,7.3,3.2
16585596,0723,89.6,81.0,81.1,44.1,47.7,47.8,872.4,891.2,892.8,9.9,15.3,16.5,11.6,7.8,8.1,15.0,16.9,17.7,95.0,95.5,94.5,63.0,66.0,65.8,0.0,0.0,0.0,999.9,999.9,999.9,16,7.4,3.8
16585596,0723,83.0,81.1,81.4,34.9,47.7,47.3,873.6,891.2,892.9,9.7,15.3,15.8,10.4,7.8,8.3,10.1,16.9,17.8,99.0,95.4,94.5,71.1,66.0,65.8,0.0,0.0,0.0,999.9,999.9,999.9,0,7.4,4.3
16585596,0723,81.8,81.1,81.7,45.0,47.7,46.7,999.9,890.5,892.9,9.8,15.3,15.8,11.6,7.9,8.3,24.1,16.9,17.0,88.7,95.5,94.5,61.0,66.0,65.7,0.0,0.0,0.0,999.9,999.9,999.9,0,7.4,3.7
16585596,0723,76.7,81.1,81.7,55.6,47.7,46.7,999.9,891.3,892.9,22.2,15.3,15.8,10.2,7.9,8.4,19.0,16.9,17.2,102.0,95.4,94.2,73.9,66.0,65.7,0.0,0.0,0.0,999.9,999.9,999.9,18,7.3,3.1
16585596,0723,82.7,81.0,81.6,55.9,47.8,46.9,872.4,892.0,897.1,10.0,15.4,16.1,8.1,7.9,8.4,31.1,17.0,17.3,102.9,95.4,94.5,73.9,66.1,65.8,0.17,0.0,0.0,999.9,999.9,999.9,0,7.4,3.7
16585596,0723,79.9,81.0,81.6,54.6,47.8,46.9,873.6,892.0,897.1,13.5,15.2,16.1,10.6,7.9,8.3,14.0,17.1,17.8,90.0,95.4,94.6,62.1,66.1,66.2,0.0,0.0,0.0,999.9,999.9,999.9,0,7.1,3.7
16585596,0723,80.3,81.0,81.6,45.2,47.9,47.2,873.6,892.0,897.1,10.0,15.3,15.9,9.9,7.9,8.5,15.0,17.0,17.6,98.1,95.4,94.3,66.9,66.0,66.0,0.0,0.0,0.0,999.9,999.9,999.9,0,7.0,3.6
16585596,0723,89.2,81.0,81.8,39.9,47.9,47.2,866.4,892.0,897.1,10.0,15.3,15.9,8.1,7.9,8.5,12.0,17.0,17.5,99.0,95.4,94.1,63.0,66.0,66.1,0.0,0.0,0.0,999.9,999.9,999.9,0,7.0,3.6
16585596,0723,82.7,81.0,82.0,54.1,47.8,47.0,869.0,892.0,892.7,10.0,15.3,15.9,8.8,7.9,8.6,8.9,17.0,17.2,95.0,95.5,94.3,62.1,66.0,66.0,0.14,0.0,0.0,999.9,999.9,999.9,0,6.9,3.6
16585596,0723,79.9,81.0,82.0,54.5,47.8,47.5,870.5,892.0,892.7,10.0,15.3,15.5,10.6,7.9,8.5,13.0,17.0,17.1,102.9,95.4,94.5,66.0,66.0,65.8,0.14,0.0,0.0,999.9,999.9,999.9,0,6.8,3.6
16585596,0723,77.1,81.0,81.8,46.5,47.8,48.0,875.8,892.0,892.7,10.0,15.2,15.1,6.6,8.0,8.7,13.0,17.0,17.2,90.0,95.5,94.7,70.0,66.0,65.8,0.0,0.0,0.0,999.9,999.9,999.9,48,6.8,3.6
16585596,0723,81.1,81.0,81.8,45.0,47.9,47.7,868.1,892.0,892.8,41.0,15.2,15.1,10.1,8.0,8.7,22.0,17.0,17.1,99.0,95.5,94.3,62.1,66.0,66.1,0.0,0.0,0.0,999.9,999.9,999.9,0,7.1,5.2
16585596,0723,86.8,81.0,81.7,58.4,47.9,47.2,869.5,892.0,892.7,20.3,15.3,15.7,6.6,8.0,8.8,14.0,17.0,17.1,95.0,95.4,94.6,70.0,65.9,65.9,0.01,0.0,0.0,999.9,999.9,999.9,0,7.0,5.2
16585596,0723,78.3,81.0,81.7,54.5,47.9,47.9,875.8,892.0,888.4,9.9,15.4,16.0,5.6,8.0,8.8,15.0,17.0,17.0,95.0,95.4,94.7,57.0,65.9,66.0,0.0,0.0,0.0,999.9,999.9,999.9,0,6.9,5.2
16585596,0723,83.0,81.0,81.7,49.3,47.9,48.4,873.1,892.0,888.6,41.0,15.4,16.0,5.3,7.9,8.7,10.1,17.0,17.0,93.0,95.5,94.6,71.1,65.9,65.8,0.02,0.0,0.0,999.9,999.9,999.9,0,6.9,5.2
16585596,0723,88.1,81.0,81.5,37.5,48.0,48.1,999.9,892.0,884.3,9.8,15.6,16.1,9.9,7.9,8.6,11.1,16.9,17.0,104.0,95.4,94.7,66.0,65.9,65.8,0.0,0.0,0.0,999.9,999.9,999.9,0,6.9,5.2
16585596,0723,76.8,81.0,81.4,54.6,48.0,47.4,872.7,892.7,888.5,9.9,15.4,15.4,6.9,7.9,8.6,15.0,16.8,17.0,102.0,95.4,95.0,68.0,65.9,65.6,0.0,0.0,0.0,999.9,999.9,999.9,0,6.9,5.2
16585596,0723,77.1,81.0,81.2,44.6,48.0,47.4,873.6,892.7,888.5,10.0,15.3,15.4,5.3,7.9,8.5,15.0,16.8,17.0,98.1,95.5,95.8,73.9,66.0,65.8,0.0,0.0,0.0,999.9,999.9,999.9,0,6.9,4.6
16585596,0723,76.7,81.0,81.0,47.1,47.9,47.1,871.0,892.7,888.5,41.0,15.2,15.4,5.3,7.9,8.5,19.0,16.8,16.3,90.0,95.5,95.9,66.0,66.0,66.3,0.0,0.0,0.0,999.9,999.9,999.9,0,6.8,4.6
16585596,0723,86.8,81.0,81.0,45.0,47.9,47.0,999.9,892.7,888.6,14.9,15.4,16.4,8.2,7.9,8.3,10.1,16.9,16.3,99.0,95.4,96.0,66.9,66.0,66.2,0.01,0.0,0.0,999.9,999.9,999.9,18,6.7,4.6
16585596,0723,78.4,81.1,81.3,57.6,47.9,47.2,866.4,893.4,892.9,22.2,15.4,15.6,11.6,7.9,8.4,10.1,16.8,16.1,95.0,95.4,96.2,62.2,65.9,66.5,0.15,0.0,0.0,999.9,999.9,999.9,0,6.8,4.6
16585596,0723,76.8,81.0,81.4,41.6,48.0,47.3,869.0,893.4,892.7,10.0,15.5,16.0,8.8,7.9,8.4,31.1,16.8,16.0,93.0,95.4,96.2,66.9,65.9,66.2,0.0,0.0,0.0,999.9,999.9,999.9,0,6.8,4.6
16585596,0723,89.2,81.0,81.2,47.2,48.0,47.5,870.5,893.4,892.7,10.0,15.5,15.0,9.8,8.0,8.4,15.0,16.9,16.5,88.7,95.4,96.0,70.0,66.0,66.4,0.01,0.0,0.0,999.9,999.9,999.9,0,6.8,4.5
16585596,0723,82.3,81.0,81.9,45.0,48.0,47.8,873.6,892.7,892.7,10.0,15.5,15.0,8.7,8.0,8.4,19.0,16.9,16.7,102.9,95.4,95.8,66.0,66.0,66.6,0.17,0.0,0.0,999.9,999.9,999.9,18,6.8,4.5
16585596,0723,79.3,81.0,81.9,50.9,48.0,48.0,869.6,892.7,888.5,10.0,15.5,15.0,10.1,8.0,8.4,11.1,16.9,16.8,93.0,95.4,96.6,70.0,66.0,66.6,0.0,0.0,0.0,999.9,999.9,999.9,16,6.9,5.1
16585596,0723,76.8,81.0,82.0,54.6,48.0,48.2,873.0,892.7,888.5,9.7,15.5,14.6,5.6,8.0,8.4,15.0,16.9,16.0,79.0,95.4,96.4,68.0,66.0,66.9,0.0,0.0,0.0,999.9,999.9,999.9,18,7.0,5.1
16585596,0723,87.8,80.9,81.6,41.2,48.0,48.5,873.6,892.7,888.6,9.9,15.5,14.5,8.1,8.0,8.4,18.1,16.9,15.6,102.9,95.3,95.9,57.9,66.0,66.7,0.0,0.0,0.0,999.9,999.9,999.9,0,7.1,5.7
16585596,0723,87.8,81.0,81.9,47.1,48.0,48.6,866.4,892.7,888.6,9.9,15.5,14.5,9.5,8.0,8.5,8.9,16.9,15.7,90.0,95.4,95.9,57.0,65.9,66.1,0.02,0.0,0.0,999.9,999.9,999.9,0,7.1,5.7
16585596,0723,82.8,81.0,82.0,50.9,48.1,48.2,872.4,892.7,888.4,22.3,15.4,14.5,9.6,8.0,8.4,11.1,16.9,15.7,79.0,95.4,96.2,62.2,65.9,65.6,0.11,0.0,0.0,999.9,999.9,999.9,0,7.1,5.7
16585596,0723,86.6,81.0,82.1,44.6,48.0,48.7,999.9,892.0,888.5,9.9,15.5,14.9,11.6,8.0,8.6,10.1,16.9,15.6,93.0,95.4,95.5,62.1,65.8,65.9,0.0,0.0,0.0,999.9,999.9,999.9,0,7.1,5.7
16585596,0723,88.8,81.1,82.2,52.0,48.0,48.2,872.4,892.7,892.8,39.8,15.5,14.9,3.7,8.0,8.8,14.0,16.8,15.2,91.9,95.3,95.1,66.0,65.8,65.9,0.17,0.0,0.0,999.9,999.9,999.9,0,7.0,5.1
16585596,0723,82.3,81.1,82.2,54.5,48.0,48.5,870.0,892.7,892.8,9.9,15.7,15.9,4.9,8.0,8.5,12.0,16.8,15.2,98.1,95.3,95.0,66.0,65.8,66.0,0.0,0.0,0.0,999.9,999.9,999.9,0,6.9,4.5
16585596,0723,88.1,81.1,82.1,44.1,48.0,49.1,871.4,892.7,892.7,10.0,15.7,15.9,9.6,7.9,8.3,26.0,16.8,15.2,102.9,95.3,95.0,64.9,65.8,65.8,0.0,0.0,0.0,999.9,999.9,999.9,2,6.8,4.5
16585596,0723,80.3,81.1,82.3,52.0,48.0,49.1,873.5,892.7,888.4,9.7,15.6,15.9,9.3,7.9,8.3,34.0,16.9,15.3,87.1,95.3,95.5,66.0,65.8,65.9,0.0,0.0,0.0,999.9,999.9,999.9,0,6.8,4.6
16585596,0723,79.9,81.1,82.5,55.9,47.9,49.0,870.0,892.7,884.2,9.7,15.6,15.5,6.9,7.9,8.2,13.0,16.9,15.8,102.9,95.3,95.0,59.0,65.9,65.7,0.0,0.0,0.0,999.9,999.9,999.9,18,6.7,4.0
16585596,0723,86.8,81.1,82.4,55.6,48.0,49.0,999.9,892.7,884.1,10.0,15.6,15.5,8.1,7.9,8.2,11.1,16.9,15.2,95.0,95.4,95.0,54.0,65.9,65.2,0.0,0.0,0.0,999.9,999.9,999.9,18,6.7,4.6
16585596,0723,76.4,81.1,82.6,50.2,48.1,49.0,999.9,893.5,888.4,10.0,15.6,15.4,10.2,7.9,8.1,12.0,17.0,15.1,102.9,95.4,95.2,75.9,65.8,64.9,0.0,0.0,0.0,999.9,999.9,999.9,2,6.8,5.2
16585596,0723,85.4,81.1,82.5,57.2,48.1,49.2,869.0,894.2,892.6,10.0,15.6,15.4,4.7,7.9,8.1,14.0,17.0,15.0,90.0,95.4,95.3,66.0,65.9,65.2,0.33,0.0,0.0,999.9,999.9,999.9,18,6.8,5.3
16585596,0723,86.8,81.1,82.3,45.2,48.2,49.8,873.1,893.4,892.6,22.3,15.6,15.4,6.5,7.9,8.0,13.0,16.9,15.1,95.0,95.3,95.0,66.9,65.9,65.3,0.0,0.0,0.0,999.9,999.9,999.9,0,6.8,5.9
16585596,0723,78.3,81.1,82.5,44.6,48.2,49.5,869.7,893.4,892.8,10.0,15.7,15.8,9.3,7.9,7.9,17.1,16.9,15.2,87.1,95.4,95.0,62.1,65.8,65.5,0.0,0.0,0.0,999.9,999.9,999.9,18,6.7,5.9
16585596,0723,76.7,81.1,82.4,40.5,48.2,49.2,872.4,893.4,892.8,10.0,15.7,15.8,5.3,7.9,7.9,19.0,16.9,15.3,99.0,95.3,94.5,70.0,65.8,65.3,0.0,0.0,0.0,999.9,999.9,999.9,18,6.8,6.5
16585596,0723,78.4,81.1,82.4,39.9,48.2,49.0,872.4,893.4,892.6,9.7,15.7,15.8,5.6,7.9,7.8,14.0,17.0,15.5,89.1,95.4,94.8,66.0,65.8,65.3,0.11,0.0,0.0,999.9,999.9,999.9,18,6.8,5.5
16585596,0723,76.7,81.1,82.3,49.2,48.2,48.8,999.9,893.4,892.8,10.0,15.7,14.7,9.5,7.9,7.7,24.3,17.0,15.3,104.0,95.3,94.5,66.9,65.8,65.5,0.0,0.0,0.0,999.9,999.9,999.9,18,6.8,6.1
16585596,0723,76.4,81.1,82.0,39.9,48.3,48.5,999.9,893.4,897.1,39.8,15.6,14.4,10.6,7.9,7.8,18.1,17.0,15.6,99.0,95.3,94.8,72.0,65.8,65.4,0.0,0.0,0.0,999.9,999.9,999.9,0,6.9,6.7
16585596,0723,77.5,81.1,81.9,50.9,48.2,48.0,873.0,894.1,901.3,10.0,15.8,15.4,6.9,7.9,7.9,14.0,17.0,15.7,95.0,95.4,94.9,75.0,65.8,65.9,0.11,0.0,0.0,999.9,999.9,999.9,0,6.9,6.7
16585596,0723,81.8,81.2,81.7,57.6,48.2,48.0,873.0,894.1,901.3,9.7,15.8,14.3,10.2,7.9,8.0,15.9,17.0,15.8,102.0,95.4,95.0,71.1,66.0,66.0,0.0,0.0,0.0,999.9,999.9,999.9,16,6.9,6.7
16585596,0723,76.8,81.2,81.5,44.6,48.2,48.7,869.7,894.1,897.0,10.0,15.8,14.3,4.9,7.9,8.0,10.1,17.0,16.0,91.9,95.4,94.9,61.0,65.9,66.2,0.0,0.0,0.0,999.9,999.9,999.9,18,6.9,7.2
16585596,0723,88.8,81.2,81.5,50.2,48.2,48.4,999.9,894.1,896.9,22.3,15.8,14.3,9.3,7.9,7.9,11.1,16.9,15.8,93.9,95.4,94.5,72.0,65.9,65.9,0.0,0.0,0.0,999.9,999.9,999.9,18,7.0,7.8
16585596,0723,81.1,81.3,81.9,45.2,48.2,48.6,873.0,894.8,901.1,9.7,15.7,14.8,11.6,7.9,8.1,18.1,16.9,15.7,102.0,95.3,94.4,62.1,65.9,65.9,0.14,0.0,0.0,999.9,999.9,999.9,18,7.1,8.4
16585596,0723,74.2,81.3,82.1,49.2,48.3,48.5,871.4,894.8,901.2,10.0,15.7,13.7,6.4,8.0,8.3,12.0,17.0,15.7,87.1,95.3,94.8,71.1,65.9,65.7,0.0,0.0,0.0,999.9,999.9,999.9,18,7.2,9.0
16585596,0723,69.7,81.3,81.6,41.2,48.3,48.6,872.7,894.9,896.9,10.0,15.7,13.6,10.4,8.0,8.2,15.9,17.0,15.7,99.0,95.3,94.4,73.9,65.9,65.9,0.0,0.0,0.0,999.9,999.9,999.9,0,7.3,9.0
16585596,0723,81.8,81.1,81.4,47.2,48.3,48.1,871.5,894.9,897.1,9.9,15.7,13.1,5.6,8.0,8.2,14.0,17.0,15.9,87.1,95.3,94.5,57.0,66.0,66.3,0.0,0.0,0.0,999.9,999.9,999.9,0,7.3,9.0
16585596,0723,83.0,81.1,81.5,45.0,48.2,48.3,870.4,894.2,897.2,9.9,15.7,13.1,5.6,8.0,8.1,20.0,17.0,15.4,88.7,95.2,94.3,71.1,65.9,65.9,0.0,0.0,0.0,999.9,999.9,999.9,18,7.2,9.0
16585596,0723,88.8,81.1,81.3,54.1,48.2,48.2,869.5,893.5,897.2,9.9,15.7,13.1,5.6,8.0,7.9,13.0,17.0,15.5,93.9,95.2,94.3,59.0,65.9,66.0,0.33,0.0,0.0,999.9,999.9,999.9,0,7.2,9.6
16585596,0723,82.7,81.2,81.5,39.9,48.2,48.5,870.5,893.4,897.1,10.0,15.5,13.1,4.9,8.0,7.8,26.0,17.0,15.3,102.9,95.2,94.0,66.9,65.9,65.7,0.0,0.0,0.0,999.9,999.9,999.9,18,7.1,9.0
16585596,0723,62.0,81.2,81.6,33.1,48.2,48.1,869.7,893.4,897.1,22.2,15.5,13.1,9.5,7.9,7.7,15.9,17.1,15.8,88.7,95.2,94.4,66.0,65.9,65.6,0.0,0.0,0.0,999.9,999.9,999.9,0,7.2,9.1
16585596,0723,86.8,81.1,81.2,37.5,48.0,47.4,868.1,893.4,897.0,10.0,15.6,13.5,6.9,8.0,7.8,11.1,17.0,15.9,104.0,95.1,94.7,66.0,65.9,65.6,0.0,0.0,0.0,999.9,999.9,999.9,18,7.2,8.5
16585596,0723,78.4,81.1,81.1,55.6,48.0,47.3,873.6,892.7,896.8,9.7,15.6,13.6,5.6,8.0,7.8,13.0,17.0,15.6,102.9,95.2,94.7,62.2,65.9,65.8,0.0,0.0,0.0,999.9,999.9,999.9,18,7.0,9.1
16585596,0723,82.3,81.1,80.8,55.6,48.0,47.6,872.9,892.0,897.1,10.0,15.4,13.5,9.3,8.0,7.6,11.1,17.0,15.8,95.0,95.2,95.2,66.9,65.9,66.0,0.0,0.0,0.0,999.9,999.9,999.9,18,7.1,9.7
16585596,0723,79.3,81.1,80.8,50.9,48.1,47.7,999.9,891.3,897.1,30.7,15.4,13.1,7.8,8.0,7.6,26.0,17.0,15.8,99.0,95.2,95.7,66.0,65.9,66.2,0.0,0.0,0.0,999.9,999.9,999.9,0,7.2,10.3
16585596,0723,77.5,81.1,80.5,55.9,48.1,48.0,873.0,891.3,897.1,20.3,15.5,13.8,8.8,8.0,7.5,12.0,17.0,16.3,102.0,95.2,95.9,57.9,65.9,66.3,0.15,0.0,0.0,999.9,999.9,999.9,0,7.2,10.3
16585596,0723,81.8,81.0,80.2,54.5,48.2,48.1,872.4,890.6,897.1,9.9,15.6,13.2,5.6,8.0,7.7,14.0,17.0,16.2,102.0,95.2,96.2,62.1,65.9,66.0,0.0,0.0,0.0,999.9,999.9,999.9,18,7.2,10.3
16585596,0723,89.6,81.0,80.2,41.2,48.3,48.1,872.7,890.6,897.2,13.5,15.6,13.2,8.2,8.0,7.7,12.0,17.0,16.3,100.0,95.2,96.4,57.0,65.8,65.9,0.03,0.0,0.0,999.9,999.9,999.9,18,7.2,10.9
16585596,0723,74.2,81.0,80.2,50.9,48.3,48.0,868.1,890.6,897.2,10.0,15.6,13.3,5.6,8.0,7.6,15.9,17.0,15.8,95.0,95.3,96.3,71.1,65.8,65.6,0.03,0.0,0.0,999.9,999.9,999.9,18,7.2,11.4
16585596,0723,86.6,81.0,80.0,33.1,48.3,48.0,999.9,890.6,897.0,10.0,15.6,13.3,10.2,8.0,7.5,11.1,17.0,15.2,98.1,95.3,96.5,66.9,65.8,65.8,0.15,0.0,0.0,999.9,999.9,999.9,0,7.3,12.0
16585596,0723,78.3,81.0,80.2,41.6,48.1,47.2,872.7,891.3,901.4,9.8,15.6,13.3,6.3,8.0,7.6,11.1,16.9,15.2,93.9,95.3,96.4,66.9,65.8,66.1,0.0,0.0,0.0,999.9,999.9,999.9,2,7.3,11.4
16585596,0723,82.7,81.0,79.9,40.5,48.1,46.7,999.9,890.6,897.1,10.0,15.4,13.3,5.3,8.0,7.6,18.1,16.8,15.2,99.0,95.4,96.3,73.9,65.8,66.5,0.0,0.0,0.0,999.9,999.9,999.9,0,7.3,10.9
16585596,0723,78.4,81.0,80.1,37.5,48.0,46.4,873.0,891.3,897.1,20.3,15.3,13.3,7.8,8.0,7.4,19.0,16.8,15.4,93.0,95.4,96.2,70.0,65.9,66.4,0.0,0.0,0.0,999.9,999.9,999.9,18,7.2,10.8
16585596,0723,81.1,81.0,79.9,52.0,47.9,45.7,873.0,891.3,897.3,10.0,15.4,13.7,5.6,8.0,7.5,20.0,16.8,15.5,87.1,95.4,96.3,62.1,65.9,66.6,0.0,0.0,0.0,999.9,999.9,999.9,18,7.3,10.8
16585596,0723,76.4,81.0,79.7,36.2,47.9,46.0,866.4,891.3,897.3,22.3,15.4,13.2,6.2,8.0,7.5,22.0,16.8,15.8,95.0,95.3,96.0,54.0,65.9,66.4,0.0,0.0,0.0,999.9,999.9,999.9,0,7.4,11.4
16585596,0723,79.9,81.0,79.7,48.9,47.8,45.7,999.9,891.3,897.2,22.3,15.3,13.7,6.9,8.0,7.4,26.0,16.9,15.9,102.9,95.4,96.3,62.1,65.8,66.1,0.0,0.0,0.0,999.9,999.9,999.9,18,7.4,10.8
16585596,0723,88.1,81.1,79.8,58.4,47.9,46.0,869.6,892.0,901.4,10.0,15.4,14.1,9.9,8.0,7.4,10.1,16.9,16.2,100.0,95.4,96.4,71.1,65.7,65.9,0.15,0.0,0.0,999.9,999.9,999.9,0,7.5,10.8
16585596,0723,62.0,81.1,80.1,50.2,47.9,46.6,869.0,892.0,901.3,22.3,15.3,14.1,6.9,8.0,7.6,13.0,16.9,16.0,98.1,95.4,96.8,66.0,65.8,66.0,0.11,0.0,0.0,999.9,999.9,999.9,0,7.4,10.2
16585596,0723,79.9,81.0,79.6,41.6,47.9,46.6,875.8,892.0,896.9,13.5,15.4,14.5,9.8,8.0,7.5,18.1,16.8,15.7,93.9,95.4,96.6,63.0,65.8,66.0,0.0,0.0,0.0,999.9,999.9,999.9,18,7.4,9.6
16585596,0723,80.9,81.0,79.7,44.6,47.9,46.7,999.9,892.1,892.8,9.7,15.4,13.6,9.9,8.0,7.5,22.0,16.8,15.7,93.0,95.4,96.4,73.9,65.8,65.7,0.0,0.0,0.0,999.9,999.9,999.9,0,7.4,10.2
16585596,0723,80.9,81.0,79.8,44.1,47.9,46.5,999.9,892.1,897.0,10.0,15.2,13.6,8.1,8.0,7.6,24.1,16.9,15.9,99.0,95.4,96.4,66.0,65.9,65.7,0.0,0.0,0.0,999.9,999.9,999.9,0,7.4,10.2
16585596,0723,76.4,80.9,79.8,58.4,47.9,46.0,869.5,892.8,901.3,10.0,15.0,13.6,7.8,8.0,7.5,26.0,17.0,16.2,102.0,95.4,96.3,66.9,65.8,65.5,0.0,0.0,0.0,999.9,999.9,999.9,0,7.4,9.7
16585596,0723,77.5,80.9,79.8,58.4,48.0,46.5,999.9,892.7,901.3,9.9,15.0,13.6,10.6,8.0,7.6,15.9,17.0,16.7,98.1,95.4,96.6,64.9,65.8,65.7,0.0,0.0,0.0,999.9,999.9,999.9,0,7.4,9.1
16585596,0723,76.4,80.9,79.4,46.5,48.0,46.8,873.0,893.4,901.3,30.7,15.0,13.2,4.7,8.0,7.6,14.0,17.0,16.9,102.9,95.4,96.7,63.0,65.8,65.5,0.0,0.0,0.0,999.9,999.9,999.9,18,7.3,8.5
16585596,0723,79.3,80.8,79.3,49.2,48.0,46.8,869.7,893.4,901.3,10.0,15.0,13.9,6.9,8.0,7.4,14.0,17.0,16.7,95.0,95.4,96.8,66.2,65.9,65.5,0.17,0.0,0.0,999.9,999.9,999.9,48,7.4,8.5
16585596,0723,88.8,80.8,79.4,33.1,48.0,46.8,873.6,893.4,901.2,10.0,15.0,13.9,6.4,8.0,7.4,19.0,16.9,16.8,102.0,95.5,97.0,62.2,65.9,65.3,0.0,0.0,0.0,999.9,999.9,999.9,18,7.7,9.5
16585596,0723,86.6,80.8,80.1,41.4,47.9,46.5,870.4,893.5,901.2,9.8,15.0,13.9,9.3,8.0,7.3,14.0,16.9,16.9,99.0,95.5,97.1,66.2,65.9,64.9,0.0,0.0,0.0,999.9,999.9,999.9,0,7.8,10.1
16585596,0723,80.7,80.8,80.2,39.9,47.8,46.3,869.5,893.5,901.2,9.8,14.8,13.9,9.5,8.0,7.4,11.1,16.9,16.9,79.0,95.5,97.5,70.0,65.9,65.3,0.0,0.0,0.0,999.9,999.9,999.9,0,7.8,10.1
16585596,0723,82.7,80.7,80.1,45.0,47.7,46.2,873.1,893.5,901.2,10.0,14.8,13.9,6.2,8.0,7.5,11.1,16.9,16.6,98.1,95.4,97.2,66.2,66.0,65.2,0.15,0.0,0.0,999.9,999.9,999.9,0,7.5,9.5
16585596,0723,79.9,80.8,79.9,46.5,47.7,45.9,872.9,892.7,901.3,10.0,14.8,13.9,9.3,8.0,7.5,13.0,16.7,16.6,99.0,95.5,97.4,64.9,65.9,65.5,0.0,0.0,0.0,999.9,999.9,999.9,0,7.5,9.5
16585596,0723,78.3,80.8,79.8,45.0,47.7,46.1,872.4,892.8,901.4,9.8,14.6,13.9,6.9,8.0,7.7,34.0,16.7,16.1,100.0,95.5,97.2,66.9,65.9,65.4,0.01,0.0,0.0,999.9,999.9,999.9,0,7.5,8.9
16585596,0723,80.9,80.8,80.4,44.6,47.8,46.5,871.5,892.8,901.5,10.0,14.6,13.5,9.5,8.0,7.6,10.1,16.8,16.7,100.0,95.5,97.6,71.1,66.0,65.4,0.0,0.0,0.0,999.9,999.9,999.9,0,7.5,8.9
16585596,0723,87.8,80.8,80.2,44.1,47.7,46.7,999.9,892.1,901.6,10.0,14.6,13.5,5.3,8.0,7.7,24.3,16.8,16.7,79.0,95.5,97.5,61.0,66.0,65.6,0.0,0.0,0.0,999.9,999.9,999.9,0,7.5,8.3
16585596,0723,85.4,80.8,80.5,45.2,47.6,46.3,872.9,892.8,905.8,10.0,14.6,13.5,8.2,8.0,7.7,20.0,16.8,17.1,98.1,95.4,96.7,54.0,66.0,65.5,0.02,0.0,0.0,999.9,999.9,999.9,0,7.4,7.7
16585596,0723,69.7,80.8,80.6,41.2,47.6,46.0,870.5,892.8,905.8,9.9,14.6,13.5,8.8,8.0,7.7,18.1,16.9,17.4,102.9,95.4,96.8,75.0,65.9,65.1,0.0,0.0,0.0,999.9,999.9,999.9,0,7.4,7.1
16585596,0723,80.3,80.8,80.3,45.2,47.7,45.7,999.9,892.7,901.5,10.0,14.5,12.8,8.1,8.0,7.7,15.9,16.9,17.1,95.0,95.5,96.9,71.1,65.9,65.4,0.0,0.0,0.0,999.9,999.9,999.9,0,7.4,7.1
16585596,0723,77.1,80.8,80.4,41.2,47.7,45.3,871.5,892.7,905.7,10.0,14.5,12.4,6.3,8.0,7.7,13.0,16.8,17.2,99.0,95.4,96.7,71.1,65.9,65.9,0.0,0.0,0.0,999.9,999.9,999.9,18,7.4,7.1
16585596,0723,88.1,80.8,80.2,33.1,47.6,44.9,873.6,892.8,905.7,9.9,14.5,12.5,6.2,8.0,7.7,22.0,16.8,17.2,90.0,95.4,96.6,64.9,66.0,66.2,0.03,0.0,0.0,999.9,999.9,999.9,0,7.4,7.1
16585596,0723,74.2,80.8,80.2,39.9,47.6,44.6,999.9,892.8,905.7,10.0,14.5,12.3,7.8,8.0,7.6,24.3,16.8,17.5,98.1,95.3,96.2,71.1,65.9,66.4,0.0,0.0,0.0,999.9,999.9,999.9,18,7.4,6.5
16585596,0723,79.9,80.7,80.2,48.9,47.5,44.2,873.0,893.5,910.1,10.0,14.4,12.3,5.3,8.0,7.7,22.0,16.9,17.8,98.1,95.4,96.3,66.0,66.0,66.4,0.03,0.0,0.0,999.9,999.9,999.9,18,7.4,6.5
16585596,0723,79.3,80.7,80.0,58.4,47.4,44.7,872.4,892.8,905.9,9.8,14.4,12.3,4.7,8.0,7.5,14.0,16.9,18.2,102.9,95.4,96.3,71.1,66.0,66.4,0.33,0.0,0.0,999.9,999.9,999.9,0,7.4,7.1
16585596,0723,83.0,80.7,80.0,48.9,47.5,45.3,869.6,892.8,905.9,9.9,14.3,12.3,9.6,7.9,7.5,12.0,16.9,18.3,98.1,95.5,96.6,75.9,66.0,66.5,0.02,0.0,0.0,999.9,999.9,999.9,18,7.3,7.0
16585596,0723,82.3,80.7,80.0,45.0,47.5,45.6,873.1,892.8,901.5,10.0,14.2,12.3,4.7,8.0,7.6,10.1,16.9,18.1,98.1,95.5,96.6,61.0,66.1,66.6,0.15,0.0,0.0,999.9,999.9,999.9,0,7.4,7.6
16585596,0723,74.2,80.7,80.1,37.5,47.5,45.8,999.9,892.8,901.5,9.9,14.2,12.0,10.4,7.9,7.5,15.9,16.8,17.8,79.0,95.4,96.8,66.2,66.0,66.3,0.0,0.0,0.0,999.9,999.9,999.9,18,7.3,7.0
16585596,0723,77.1,80.7,79.9,45.2,47.4,45.4,999.9,893.5,905.7,10.0,14.1,12.0,8.8,8.0,7.7,18.1,16.8,17.6,98.1,95.3,96.5,63.0,66.0,66.4,0.0,0.0,0.0,999.9,999.9,999.9,0,7.3,7.0
16585596,0723,80.7,80.7,79.9,57.6,47.4,45.7,872.7,894.2,910.2,22.3,14.1,11.6,4.7,8.0,7.8,24.1,16.8,17.5,99.0,95.3,96.6,63.0,66.0,66.7,0.03,0.0,0.0,999.9,999.9,999.9,0,7.2,7.0
16585596,0723,89.6,80.7,79.9,57.2,47.5,45.9,872.4,894.2,906.0,10.0,14.0,11.6,8.8,8.0,7.7,34.0,16.9,17.4,95.0,95.4,96.5,61.0,66.0,66.8,0.02,0.0,0.0,999.9,999.9,999.9,2,7.1,6.4
16585596,0723,78.4,80.8,80.0,41.6,47.5,45.9,866.4,894.2,906.0,9.9,14.0,11.6,5.3,8.0,7.7,8.9,17.0,18.2,93.9,95.3,96.3,73.9,66.0,66.4,0.0,0.0,0.0,999.9,999.9,999.9,0,7.1,6.5
16585596,0723,76.7,80.8,80.5,52.0,47.5,45.6,999.9,894.2,906.0,20.3,13.9,11.2,10.4,8.0,7.6,11.1,16.9,18.1,91.9,95.3,96.2,70.0,66.0,66.7,0.0,0.0,0.0,999.9,999.9,999.9,0,7.0,6.5
16585596,0723,76.4,80.8,80.4,52.0,47.5,46.0,873.6,894.9,910.1,22.3,13.9,11.4,10.1,8.0,7.6,13.0,16.9,17.9,102.9,95.3,96.1,59.0,66.1,66.9,0.02,0.0,0.0,999.9,999.9,999.9,2,6.9,5.9
16585596,0723,81.1,80.7,80.3,44.1,47.6,46.2,869.0,894.9,905.9,10.0,14.0,11.8,10.1,8.0,7.6,19.0,16.9,17.6,104.0,95.4,96.4,64.9,66.0,66.4,0.0,0.0,0.0,999.9,999.9,999.9,18,6.8,5.9
16585596,0723,89.2,80.7,80.3,47.2,47.5,46.2,872.4,894.9,901.5,14.9,13.9,11.8,6.3,8.0,7.7,10.1,16.9,17.4,88.7,95.4,96.6,70.0,66.0,66.4,0.0,0.0,0.0,999.9,999.9,999.9,0,6.9,6.5
16585596,0723,76.4,80.8,80.7,47.2,47.4,45.8,870.0,894.9,901.6,10.0,13.8,12.0,10.2,8.0,7.6,13.0,16.9,16.9,89.1,95.4,96.2,54.0,66.0,66.5,0.0,0.0,0.0,999.9,999.9,999.9,2,6.9,6.5
16585596,0723,82.3,80.7,80.7,44.6,47.4,45.5,872.7,894.9,897.3,10.0,13.8,12.0,6.5,8.1,7.6,24.3,16.8,16.8,98.1,95.4,95.9,71.1,66.0,66.1,0.0,0.0,0.0,999.9,999.9,999.9,0,6.6,6.6
16585596,0723,79.3,80.7,80.9,45.0,47.3,45.4,875.8,894.9,897.3,13.5,13.8,11.3,9.5,8.1,7.7,15.0,16.9,17.1,102.0,95.4,95.7,73.9,66.0,66.4,0.17,0.0,0.0,999.9,999.9,999.9,0,6.6,6.0
16585596,0723,77.5,80.7,80.9,44.6,47.3,45.3,866.4,894.9,897.5,10.0,13.8,11.4,6.5,8.1,7.8,15.0,16.9,17.1,79.0,95.4,95.9,66.0,66.0,66.7,0.0,0.0,0.0,999.9,999.9,999.9,18,6.6,4.4
16585596,0723,85.2,80.7,80.5,55.9,47.3,45.6,872.4,894.9,897.2,9.8,13.8,11.4,6.2,8.1,7.8,15.0,16.8,17.0,99.0,95.4,95.2,70.0,66.0,66.8,0.0,0.0,0.0,999.9,999.9,999.9,18,6.7,4.4
16585596,0723,74.2,80.8,80.5,57.5,47.3,46.1,871.4,894.2,897.3,20.3,13.8,11.4,6.2,8.1,7.7,15.0,16.8,17.1,98.1,95.5,95.2,61.0,66.1,66.9,0.17,0.0,0.0,999.9,999.9,999.9,0,6.8,5.0
16585596,0723,88.1,80.7,80.2,45.0,47.4,46.7,872.4,894.2,897.4,9.9,13.9,11.8,6.5,8.1,7.6,19.0,16.8,17.2,102.0,95.5,95.8,61.0,66.1,66.6,0.0,0.0,0.0,999.9,999.9,999.9,0,6.8,5.0
16585596,0723,79.9,80.8,80.4,45.2,47.4,46.7,999.9,894.2,897.3,9.9,13.9,11.7,9.6,8.1,7.6,15.9,16.8,17.4,95.0,95.6,95.9,66.9,66.0,66.4,0.0,0.0,0.0,999.9,999.9,999.9,18,6.8,5.0
16585596,0723,80.7,80.8,80.4,36.2,47.3,46.7,999.9,894.9,901.6,10.0,13.8,11.7,11.6,8.1,7.6,11.1,16.8,17.5,95.0,95.6,95.8,66.2,66.0,66.5,0.11,0.0,0.0,999.9,999.9,999.9,18,6.9,5.6
16585596,0723,76.8,80.8,80.5,50.2,47.3,46.4,871.0,895.7,905.8,39.8,13.8,11.8,10.2,8.1,7.7,24.1,16.6,16.8,87.1,95.6,95.6,66.9,66.1,66.5,0.14,0.0,0.0,999.9,999.9,999.9,18,7.0,6.2
16585596,0723,88.8,80.7,80.4,44.6,47.4,46.6,871.0,895.7,905.8,9.9,14.0,12.7,6.5,8.1,7.8,10.1,16.7,17.2,93.0,95.5,95.2,71.1,66.0,66.3,0.0,0.0,0.0,999.9,999.9,999.9,0,7.1,6.8
16585596,0723,82.7,80.9,80.4,50.2,47.3,46.6,873.5,895.6,901.5,10.0,13.9,12.7,10.6,8.1,7.8,15.0,16.6,16.8,93.9,95.5,95.7,66.9,66.0,66.7,0.17,0.0,0.0,999.9,999.9,999.9,18,7.0,6.8
16585596,0723,82.3,80.9,80.3,55.9,47.4,46.7,868.1,895.7,901.5,20.3,13.9,12.7,6.2,8.1,7.9,15.0,16.7,16.6,102.9,95.5,95.5,68.0,66.0,67.1,0.0,0.0,0.0,999.9,999.9,999.9,0,7.1,7.4
16585596,0723,81.1,80.9,80.7,49.3,47.4,47.2,869.5,894.9,901.5,9.9,14.0,13.1,6.2,8.1,7.8,19.0,16.7,16.5,99.0,95.5,95.5,63.0,66.1,66.9,0.11,0.0,0.0,999.9,999.9,999.9,18,7.1,7.4
16585596,0723,76.4,80.9,80.8,37.5,47.4,47.4,873.0,894.9,897.1,9.7,13.9,13.1,6.6,8.1,7.7,15.9,16.6,16.6,95.0,95.5,95.7,61.0,66.0,66.6,0.14,0.0,0.1,999.9,999.9,999.9,18,7.1,8.0
16585596,0723,80.9,80.8,80.7,40.5,47.3,47.3,870.0,894.9,897.2,9.9,13.9,13.1,9.8,8.1,7.7,18.1,16.6,16.7,102.9,95.6,95.5,57.0,66.0,66.3,0.0,0.0,0.1,999.9,999.9,999.9,0,7.2,8.0
16585596,0723,89.2,80.9,80.5,50.9,47.3,47.5,869.5,894.9,897.0,10.0,13.7,13.1,10.2,8.1,7.9,34.0,16.6,16.6,102.9,95.6,96.0,63.0,66.0,66.0,0.0,0.0,0.1,999.9,999.9,999.9,18,7.2,8.0
16585596,0723,89.6,80.9,81.0,54.6,47.3,47.9,999.9,894.9,892.7,30.7,13.7,13.1,11.6,8.1,7.9,15.9,16.7,16.9,90.0,95.6,96.1,70.0,65.9,65.7,0.0,0.0,0.1,999.9,999.9,999.9,18,7.2,8.0
16585596,0723,79.3,81.0,81.3,33.1,47.3,48.1,999.9,895.6,896.9,9.9,13.8,13.8,10.6,8.1,8.2,15.9,16.7,16.7,104.0,95.6,95.9,70.0,66.0,65.9,0.14,0.0,0.1,999.9,999.9,999.9,2,7.2,8.0
16585596,0723,62.0,81.0,81.3,54.1,47.3,47.2,999.9,896.3,901.2,10.0,13.8,13.8,6.6,8.1,8.3,20.0,16.8,16.8,93.0,95.6,95.9,66.0,66.0,65.8,0.0,0.0,0.0,999.9,999.9,999.9,18,7.2,8.1
16585596,0723,79.9,80.8,80.6,49.3,47.3,47.4,869.5,897.1,905.5,9.8,13.8,13.8,4.7,8.1,8.2,19.0,16.8,17.0,104.0,95.6,95.7,66.0,66.1,65.5,0.14,0.0,0.0,999.9,999.9,999.9,0,7.3,8.1
16585596,0723,78.4,80.8,80.5,54.5,47.4,47.5,873.1,897.1,905.4,10.0,13.8,13.8,9.8,8.1,8.2,14.0,16.8,17.3,99.0,95.7,95.9,57.9,66.0,65.7,0.0,0.0,0.0,999.9,999.9,999.9,0,7.2,8.1
16585596,0723,81.1,80.8,80.7,54.1,47.4,48.1,875.8,896.4,901.2,30.7,13.8,13.8,10.6,8.1,8.2,19.0,16.7,17.3,102.9,95.7,96.6,70.0,66.1,65.4,0.0,0.0,0.0,999.9,999.9,999.9,18,7.2,7.5
16585596,0723,80.9,80.8,80.8,47.2,47.5,48.4,870.0,896.4,897.0,22.2,13.9,14.5,6.9,8.1,8.3,15.9,16.7,17.3,99.0,95.7,96.7,54.0,66.1,65.6,0.03,0.0,0.0,999.9,999.9,999.9,18,7.3,8.1
16585596,0723,76.7,80.9,80.8,39.9,47.4,48.0,873.6,896.4,896.9,9.9,14.0,14.5,10.1,8.1,8.4,18.1,16.6,17.0,99.0,95.8,96.7,61.0,66.0,65.3,0.15,0.0,0.0,999.9,999.9,999.9,0,7.4,8.7
16585596,0723,82.8,80.8,80.4,45.2,47.4,47.5,999.9,896.4,897.0,22.2,14.0,14.4,4.7,8.1,8.4,18.1,16.6,16.5,90.0,95.8,96.9,71.1,66.0,65.3,0.0,0.0,0.0,999.9,999.9,999.9,18,7.4,8.6
16585596,0723,85.4,80.8,80.5,45.0,47.4,47.6,875.8,897.1,901.4,9.7,14.1,14.9,8.2,8.1,8.4,15.9,16.7,16.8,102.9,95.9,96.7,62.1,66.0,65.2,0.11,0.0,0.0,999.9,999.9,999.9,0,7.5,9.2
16585596,0723,82.8,80.9,80.8,45.2,47.3,47.4,873.5,897.1,897.3,14.9,14.1,14.5,5.1,8.1,8.3,13.0,16.7,16.9,93.0,95.9,97.1,59.0,66.0,65.0,0.0,0.0,0.1,999.9,999.9,999.9,0,7.4,9.2
16585596,0723,86.6,80.9,81.0,49.3,47.2,47.1,999.9,897.1,897.3,30.7,14.1,14.3,4.9,8.0,8.1,18.1,16.7,16.9,93.0,95.9,96.8,61.0,65.9,65.0,0.0,0.0,0.1,999.9,999.9,999.9,18,7.3,9.1
16585596,0723,69.7,80.9,81.2,36.2,47.3,47.3,869.5,897.9,901.7,10.0,14.2,14.9,6.9,8.0,8.0,31.1,16.7,16.9,99.0,95.9,96.4,72.0,65.9,64.8,0.0,0.0,0.1,999.9,999.9,999.9,0,7.3,9.1
16585596,0723,82.7,80.8,80.6,41.2,47.2,46.9,999.9,897.8,901.6,14.9,14.2,14.8,9.9,8.0,8.0,12.0,16.8,17.6,89.1,95.9,96.8,70.0,65.9,64.9,0.0,0.0,0.1,999.9,999.9,999.9,18,7.2,9.1
16585596,0723,85.2,80.8,80.8,44.6,47.1,46.7,870.0,898.5,905.9,10.0,14.2,14.9,5.6,8.0,8.0,11.1,16.7,17.6,93.9,95.8,96.8,71.1,66.0,65.4,0.0,0.0,0.1,999.9,999.9,999.9,0,7.3,9.7
16585596,0723,77.1,80.8,80.9,34.9,47.1,46.7,873.6,897.8,905.8,9.9,14.2,14.9,5.1,8.0,8.0,24.3,16.7,17.1,99.0,95.7,96.6,71.1,66.0,65.4,0.17,0.0,0.1,999.9,999.9,999.9,0,7.2,9.7
16585596,0723,88.1,80.8,80.8,44.6,47.0,46.4,872.7,897.8,905.7,10.0,14.2,14.8,9.6,8.0,7.8,18.1,16.8,17.5,100.0,95.7,96.5,75.0,66.0,65.3,0.0,0.0,0.1,999.9,999.9,999.9,0,7.1,9.7
16585596,0723,62.0,80.7,81.2,44.1,47.0,46.4,869.5,897.8,905.9,10.0,14.2,14.8,9.5,8.0,7.9,18.1,16.8,17.6,102.9,95.7,97.2,62.1,66.1,65.6,0.0,0.0,0.1,999.9,999.9,999.9,0,7.0,9.1
16585596,0723,78.3,80.6,80.4,40.5,47.0,46.0,868.1,897.8,905.8,9.9,14.2,14.8,10.2,8.0,8.0,13.0,16.8,17.7,93.0,95.8,97.4,62.1,66.1,65.4,0.11,0.0,0.1,999.9,999.9,999.9,48,7.0,8.5
16585596,0723,79.3,80.7,80.5,36.2,47.0,45.4,868.1,897.8,905.7,9.9,14.2,14.5,5.6,8.0,8.2,15.0,16.8,17.6,88.7,95.9,97.2,66.9,66.0,65.4,0.0,0.0,0.1,999.9,999.9,999.9,18,7.3,10.1
16585596,0723,87.8,80.7,80.2,36.2,47.0,45.1,875.8,897.8,905.6,10.0,14.2,14.5,5.3,8.0,8.1,17.1,16.8,17.5,90.0,95.8,96.7,62.1,66.0,65.6,0.11,0.0,0.1,999.9,999.9,999.9,0,7.3,10.7
16585596,0723,83.0,80.7,80.5,39.9,46.9,44.8,866.4,897.8,901.4,10.0,14.1,14.5,10.4,8.0,8.0,24.3,16.8,17.5,102.9,95.8,96.6,70.0,66.0,65.5,0.0,0.0,0.1,999.9,999.9,999.9,0,7.2,10.1
16585596,0723,77.1,80.7,80.6,40.5,46.9,45.0,869.7,897.8,897.0,10.0,14.0,14.5,6.2,8.0,7.9,10.1,16.9,17.9,93.9,95.8,96.8,73.9,66.0,65.6,0.0,0.0,0.1,999.9,999.9,999.9,18,7.1,9.5
16585596,0723,78.4,80.7,80.6,34.9,46.9,44.6,868.1,897.8,897.0,10.0,14.0,13.5,9.3,8.0,7.8,11.1,16.9,17.5,87.1,95.8,97.1,57.0,66.0,65.8,0.0,0.0,0.0,999.9,999.9,999.9,18,7.2,9.5
16585596,0723,77.5,80.7,80.2,37.5,46.8,44.3,872.7,897.1,896.9,9.7,14.0,13.5,10.2,8.0,7.9,11.1,16.8,17.5,99.0,95.7,96.9,75.9,66.0,65.3,0.0,0.0,0.0,999.9,999.9,999.9,0,7.3,10.1
16585596,0723,77.1,80.8,80.1,40.5,46.8,43.9,999.9,897.1,896.8,10.0,14.0,13.5,6.5,8.0,7.9,18.1,16.8,17.4,99.0,95.8,97.0,62.1,66.0,65.6,0.0,0.0,0.0,999.9,999.9,999.9,18,7.2,9.5
16585596,0723,85.4,80.8,79.9,39.9,46.7,43.4,872.4,897.8,901.2,22.2,14.0,13.1,5.3,8.0,7.9,11.1,16.7,17.5,99.0,95.8,96.9,75.9,66.0,65.4,0.0,0.0,0.0,999.9,999.9,999.9,18,7.3,10.1
16585596,0723,69.7,80.8,80.0,50.2,46.6,43.1,869.5,897.8,901.3,10.0,14.0,13.6,5.3,8.0,7.9,19.0,16.7,17.2,93.9,95.8,96.9,75.0,66.0,65.9,0.0,0.0,0.0,999.9,999.9,999.9,0,7.4,10.1
16585596,0723,88.8,80.8,79.8,55.6,46.6,43.5,872.4,897.8,901.2,9.9,14.0,13.6,8.2,7.9,7.8,13.0,16.6,17.3,95.0,95.8,96.9,72.0,66.0,66.3,0.0,0.0,0.0,999.9,999.9,999.9,0,7.3,9.5
16585596,0723,88.1,80.8,80.1,39.9,46.6,44.0,873.6,897.1,901.3,9.9,14.0,13.6,8.2,7.9,7.8,15.9,16.6,17.2,93.9,95.8,96.6,66.0,66.1,66.8,0.0,0.0,0.0,999.9,999.9,999.9,0,7.2,9.5
16585596,0723,76.8,80.9,80.0,44.1,46.6,43.6,873.0,897.1,901.4,14.9,14.0,13.6,8.1,7.9,7.7,12.0,16.6,16.5,88.7,95.8,96.3,75.9,66.1,66.9,0.0,0.0,0.0,999.9,999.9,999.9,18,7.2,8.9
16585596,0723,79.9,80.8,79.6,41.6,46.5,43.3,875.8,897.1,897.2,9.9,14.0,13.0,5.6,7.9,7.6,26.0,16.6,16.4,91.9,95.7,96.3,57.9,66.1,67.1,0.0,0.0,0.0,999.9,999.9,999.9,18,7.3,8.9
16585596,0723,76.8,80.8,79.6,45.0,46.5,43.6,999.9,897.1,893.1,9.7,13.9,13.0,10.4,7.9,7.4,10.1,16.6,16.8,90.0,95.7,95.9,62.1,66.1,66.7,0.0,0.0,0.0,999.9,999.9,999.9,0,7.4,9.4
16585596,0723,82.8,80.9,80.1,34.9,46.5,43.3,872.9,897.8,893.1,9.9,13.9,13.0,10.2,7.9,7.5,34.0,16.6,16.4,93.9,95.6,95.8,64.9,66.1,66.6,0.0,0.0,0.0,999.9,999.9,999.9,0,7.4,8.8
16585596,0723,85.2,80.9,80.2,55.6,46.5,42.8,875.8,897.1,893.2,41.0,13.9,13.0,6.9,7.9,7.7,34.0,16.6,16.9,79.0,95.6,95.4,64.9,66.1,66.6,0.11,0.0,0.0,999.9,999.9,999.9,18,7.4,8.8
16585596,0723,86.6,80.9,80.4,58.4,46.5,42.8,870.0,897.1,893.3,10.0,14.1,14.1,8.2,7.9,7.6,13.0,16.8,17.6,88.7,95.6,94.8,62.1,66.1,66.8,0.0,0.0,0.0,999.9,999.9,999.9,16,7.5,9.4
16585596,0723,89.6,80.9,80.6,47.1,46.6,43.0,999.9,897.1,893.1,10.0,14.0,13.4,8.2,7.9,7.6,18.1,16.8,17.4,93.9,95.5,94.3,63.0,66.0,66.5,0.0,0.0,0.0,999.9,999.9,999.9,48,7.5,9.3
16585596,0723,83.0,80.9,80.9,57.6,46.6,43.0,869.5,897.8,897.4,10.0,14.0,13.0,5.1,7.9,7.6,19.0,16.8,17.5,95.0,95.5,94.1,75.9,66.0,66.8,0.14,0.0,0.0,999.9,999.9,999.9,18,7.8,10.3
16585596,0723,79.9,80.9,81.1,41.4,46.6,43.5,872.4,897.8,897.3,10.0,13.9,13.0,8.7,7.9,7.4,24.3,16.8,17.5,93.9,95.5,94.0,62.2,66.1,67.3,0.0,0.0,0.0,999.9,999.9,999.9,0,7.9,10.9
16585596,0723,78.4,80.9,81.0,54.5,46.6,43.4,870.0,897.1,893.0,10.0,13.9,12.6,5.1,7.9,7.6,15.9,16.8,17.7,79.0,95.5,94.1,70.0,66.1,67.0,0.33,0.0,0.0,999.9,999.9,999.9,0,7.9,10.3
16585596,0723,86.8,80.9,80.8,34.9,46.7,43.7,872.7,897.1,892.8,10.0,13.9,12.6,9.5,7.9,7.5,22.0,16.8,17.7,99.0,95.4,93.3,68.0,66.1,67.3,0.01,0.0,0.0,999.9,999.9,999.9,18,7.9,10.3
16585596,0723,79.9,80.9,80.9,57.5,46.6,43.4,872.7,896.4,892.8,13.5,13.8,12.4,8.7,7.9,7.6,22.0,16.9,18.0,102.0,95.5,93.5,61.0,66.1,67.6,0.0,0.0,0.0,999.9,999.9,999.9,2,8.0,10.9
16585596,0723,82.3,80.8,80.7,41.4,46.6,43.7,869.5,896.4,888.6,10.0,13.7,11.8,8.7,7.9,7.7,22.0,16.9,18.1,91.9,95.5,93.8,72.0,66.0,67.6,0.11,0.0,0.0,999.9,999.9,999.9,18,8.0,10.4
16585596,0723,76.7,80.8,81.1,54.5,46.5,43.8,999.9,896.4,888.6,9.9,13.7,11.8,8.8,7.9,7.8,19.0,17.0,17.8,93.0,95.6,93.6,66.0,66.1,67.6,0.0,0.0,0.0,999.9,999.9,999.9,0,8.0,11.0
16585596,0723,80.9,80.8,80.9,40.5,46.5,44.3,872.4,897.1,888.6,10.0,13.7,11.7,4.9,7.9,7.8,15.0,16.9,18.1,98.1,95.6,93.7,57.0,66.1,67.5,0.0,0.0,0.0,999.9,999.9,999.9,18,8.0,10.4
16585596,0723,76.4,80.8,80.8,54.5,46.4,44.1,868.1,897.1,888.6,9.9,13.7,11.7,9.6,7.9,7.7,24.1,16.9,18.2,95.0,95.6,93.8,71.1,66.0,67.0,0.0,0.0,0.0,999.9,999.9,999.9,0,8.1,11.0
16585596,0723,79.9,80.8,80.8,45.0,46.5,44.8,873.0,897.1,888.4,10.0,13.5,11.7,9.8,7.9,7.9,22.0,16.9,18.2,102.9,95.6,93.7,73.9,66.1,67.0,0.0,0.0,0.0,999.9,999.9,999.9,0,8.0,11.0
16585596,0723,81.8,80.8,80.5,40.5,46.5,44.8,873.0,897.1,888.5,10.0,13.5,11.7,8.7,7.9,7.9,14.0,17.0,18.3,93.9,95.7,93.8,57.9,66.1,67.0,0.14,0.0,0.0,999.9,999.9,999.9,16,8.0,11.0
16585596,0723,89.2,80.8,81.1,52.0,46.5,44.7,872.4,897.1,888.6,10.0,13.3,11.7,6.5,7.9,7.9,18.1,16.9,18.2,95.0,95.7,93.5,71.1,66.1,66.8,0.0,0.0,0.0,999.9,999.9,999.9,0,8.1,11.5
16585596,0723,86.6,80.9,81.5,47.2,46.6,45.1,999.9,897.2,888.7,9.9,13.3,11.7,5.1,7.9,7.7,24.1,17.0,18.3,79.0,95.7,93.6,62.2,66.2,67.1,0.11,0.0,0.0,999.9,999.9,999.9,0,8.1,9.9
16585596,0723,82.3,81.0,81.7,57.2,46.6,45.4,868.1,897.2,893.1,10.0,13.3,11.7,10.1,7.9,7.7,11.1,17.0,18.6,102.9,95.7,93.3,64.9,66.1,67.0,0.15,0.0,0.0,999.9,999.9,999.9,0,8.1,9.3
16585596,0723,81.1,81.0,81.6,49.3,46.7,46.1,999.9,897.1,892.9,10.0,13.3,11.7,6.2,7.9,7.9,22.0,16.9,18.4,93.9,95.7,93.7,70.0,66.2,67.1,0.0,0.0,0.0,999.9,999.9,999.9,0,8.0,9.3
16585596,0723,76.4,81.0,81.5,33.1,46.7,46.5,870.4,897.9,897.3,10.0,13.2,11.7,6.4,7.9,7.7,34.0,16.9,18.4,90.0,95.7,93.4,62.2,66.1,67.1,0.0,0.0,0.0,999.9,999.9,999.9,0,8.0,9.3
16585596,0723,79.9,80.9,81.5,41.6,46.7,46.2,871.0,897.8,897.3,10.0,13.2,11.7,4.7,7.9,7.8,13.0,17.0,19.2,93.9,95.6,93.3,66.2,66.1,66.7,0.0,0.0,0.0,999.9,999.9,999.9,0,8.0,8.7
16585596,0723,62.0,80.9,81.5,49.2,46.6,46.4,999.9,897.8,897.4,10.0,13.2,11.7,5.3,7.8,7.6,19.0,17.0,19.2,102.0,95.7,93.5,61.0,66.0,67.0,0.0,0.0,0.0,999.9,999.9,999.9,0,8.0,8.1
16585596,0723,76.8,80.8,81.0,45.0,46.6,46.8,999.9,898.6,901.7,9.9,13.2,11.7,5.3,7.8,7.4,31.1,17.0,19.5,102.9,95.7,93.6,71.1,66.1,66.5,0.0,0.0,0.0,999.9,999.9,999.9,48,8.0,8.1
16585596,0723,82.8,80.8,81.0,58.4,46.6,47.0,999.9,899.3,901.7,9.9,13.2,11.7,6.2,7.8,7.4,10.1,17.1,19.9,90.0,95.7,93.7,66.0,66.1,66.8,0.0,0.0,0.0,999.9,999.9,999.9,0,8.2,9.1
16585596,0723,79.3,80.7,80.9,34.9,46.7,47.6,873.5,900.0,905.9,22.3,13.2,11.3,9.8,7.8,7.4,19.0,17.1,19.9,89.1,95.7,93.4,71.1,66.1,66.5,0.0,0.0,0.0,999.9,999.9,999.9,0,8.1,8.5
16585596,0723,88.8,80.7,81.2,37.5,46.7,47.1,870.4,900.0,906.0,13.5,13.3,11.7,8.7,7.8,7.6,11.1,17.1,19.9,90.0,95.6,93.2,62.1,66.1,66.3,0.02,0.0,0.0,999.9,999.9,999.9,0,8.1,8.5
16585596,0723,81.1,80.8,81.2,55.6,46.6,46.5,872.9,899.3,906.0,9.9,13.3,11.8,9.6,7.8,7.6,15.0,17.0,19.8,93.9,95.6,93.1,61.0,66.1,66.0,0.0,0.0,0.0,999.9,999.9,999.9,18,8.1,8.5
16585596,0723,78.3,80.8,81.0,48.9,46.6,47.0,999.9,898.6,906.0,9.8,13.3,11.8,11.6,7.8,7.6,13.0,17.0,19.8,88.7,95.6,93.1,57.0,66.1,65.8,0.0,0.0,0.0,999.9,999.9,999.9,0,8.1,9.1
16585596,0723,76.4,80.8,81.1,45.0,46.6,47.2,869.5,899.3,910.2,9.9,13.3,11.6,5.3,7.8,7.8,14.0,16.9,19.8,88.7,95.5,93.1,70.0,66.0,65.2,0.0,0.0,0.0,999.9,999.9,999.9,0,8.1,8.5
16585596,0723,77.1,80.7,80.9,45.0,46.5,47.3,871.5,899.3,910.0,9.7,13.2,11.6,6.2,7.8,7.7,12.0,16.9,19.4,102.9,95.5,93.0,66.2,66.0,65.6,0.17,0.0,0.0,999.9,999.9,999.9,16,8.1,7.9
16585596,0723,80.9,80.7,80.9,45.2,46.5,47.3,872.4,899.2,905.7,9.9,13.2,11.6,5.6,7.8,7.6,13.0,16.9,19.5,95.0,95.5,93.4,57.0,66.0,65.7,0.0,0.0,0.0,999.9,999.9,999.9,18,8.2,8.5
16585596,0723,87.8,80.7,80.9,44.6,46.5,47.6,999.9,899.3,905.7,10.0,13.2,11.6,5.3,7.7,7.4,17.1,16.9,18.8,102.9,95.5,93.4,72.0,66.0,65.5,0.0,0.0,0.0,999.9,999.9,999.9,16,8.3,9.1
16585596,0723,78.4,80.7,81.0,36.2,46.5,47.3,999.9,900.0,909.8,10.0,13.2,10.6,7.8,7.7,7.4,18.1,16.9,18.2,95.0,95.5,94.2,71.1,66.0,65.7,0.0,0.0,0.0,999.9,999.9,999.9,18,8.4,9.0
16585596,0723,79.9,80.7,80.7,45.2,46.4,46.5,872.9,900.7,914.1,13.5,13.2,10.6,5.3,7.7,7.4,18.1,17.0,18.4,98.1,95.5,94.4,66.2,66.1,66.0,0.02,0.0,0.0,999.9,999.9,999.9,0,8.5,9.1
16585596,0723,80.7,80.7,80.4,46.5,46.4,46.4,870.0,900.7,909.9,10.0,13.3,10.7,10.1,7.7,7.3,10.1,17.0,18.4,87.1,95.5,94.6,66.2,66.0,66.1,0.0,0.0,0.0,999.9,999.9,999.9,0,8.2,7.5
16585596,0723,82.3,80.7,80.3,44.1,46.4,46.1,869.5,900.7,909.9,9.7,13.1,10.7,9.6,7.7,7.5,15.9,16.9,18.1,95.0,95.5,94.3,61.0,66.1,65.8,0.0,0.0,0.0,999.9,999.9,999.9,18,8.2,6.9
16585596,0723,85.2,80.7,80.4,57.6,46.3,46.2,870.5,900.7,909.8,9.9,13.0,10.7,7.8,7.7,7.5,11.1,16.9,17.8,93.0,95.5,94.4,70.0,66.0,65.7,0.02,0.0,0.0,999.9,999.9,999.9,2,8.3,7.5
16585596,0723,79.9,80.7,80.6,49.3,46.3,46.3,999.9,900.7,909.9,9.9,13.0,10.7,5.6,7.7,7.6,10.1,16.9,17.7,93.9,95.4,94.8,57.9,66.1,65.8,0.02,0.0,0.0,999.9,999.9,999.9,18,8.3,7.5
16585596,0723,81.8,80.7,80.4,40.5,46.3,46.7,868.1,901.4,914.1,9.7,12.9,10.7,11.6,7.7,7.4,14.0,16.9,17.3,87.1,95.5,94.7,62.1,66.0,65.4,0.01,0.0,0.0,999.9,999.9,999.9,18,8.4,7.5
16585596,0723,77.1,80.7,80.4,44.6,46.3,46.2,873.0,900.7,913.9,30.7,12.9,10.6,9.6,7.7,7.5,15.9,16.9,17.0,87.1,95.4,94.2,71.1,66.0,65.5,0.0,0.0,0.0,999.9,999.9,999.9,18,8.5,8.1
16585596,0723,79.9,80.7,80.3,48.9,46.3,46.3,999.9,900.7,914.1,39.8,13.0,11.3,3.7,7.8,7.6,18.1,16.9,16.8,99.0,95.3,94.0,71.1,66.0,65.4,0.0,0.0,0.0,999.9,999.9,999.9,18,8.6,8.1
16585596,0723,78.4,80.7,80.4,46.5,46.3,46.1,999.9,901.4,914.1,22.3,13.1,12.3,6.9,7.7,7.4,24.3,17.0,16.8,102.0,95.3,94.2,62.1,66.0,65.6,0.0,0.0,0.0,999.9,999.9,999.9,0,8.7,8.7
16585596,0723,79.9,80.7,80.3,57.2,46.3,46.3,871.5,902.1,918.3,9.9,13.0,12.7,6.3,7.8,7.5,19.0,17.0,17.1,98.1,95.3,94.3,75.0,66.0,65.8,0.0,0.0,0.0,999.9,999.9,999.9,0,8.7,8.1
16585596,0723,74.2,80.6,80.4,54.1,46.4,46.4,999.9,901.4,918.4,9.7,13.0,12.7,9.5,7.7,7.4,34.0,17.0,16.9,99.0,95.3,94.4,72.0,66.0,65.9,0.0,0.0,0.0,999.9,999.9,999.9,18,8.6,8.1
16585596,0723,88.1,80.6,80.2,57.2,46.4,46.7,999.9,902.1,922.6,10.0,12.9,12.7,9.3,7.7,7.3,24.1,17.2,17.3,89.1,95.4,94.3,66.9,66.1,65.8,0.0,0.0,0.0,999.9,999.9,999.9,0,8.7,8.7
16585596,0723,77.5,80.7,80.4,49.3,46.4,47.3,868.1,902.8,926.9,10.0,12.9,12.7,10.2,7.7,7.4,14.0,17.1,17.7,95.0,95.3,94.1,66.2,66.1,66.1,0.0,0.0,0.0,999.9,999.9,999.9,48,8.7,8.1
16585596,0723,74.2,80.6,80.0,58.4,46.5,47.2,871.4,902.8,926.7,41.0,12.9,12.7,6.9,7.7,7.5,14.0,17.1,17.5,104.0,95.4,94.1,73.9,66.1,66.0,0.11,0.0,0.0,999.9,999.9,999.9,18,9.0,9.7
16585596,0723,86.6,80.6,79.6,45.2,46.5,47.5,873.6,902.8,922.5,41.0,13.1,13.7,6.2,7.7,7.5,10.1,17.1,17.2,104.0,95.4,95.0,66.0,66.1,66.4,0.0,0.0,0.0,999.9,999.9,999.9,18,9.0,10.3
16585596,0723,80.3,80.6,79.8,57.6,46.5,47.1,999.9,902.8,922.6,39.8,13.3,14.7,11.6,7.7,7.4,31.1,17.1,17.1,102.0,95.4,95.0,61.0,66.1,66.4,0.0,0.0,0.0,999.9,999.9,999.9,18,9.0,10.9
16585596,0723,82.3,80.6,79.7,34.9,46.5,47.4,873.0,903.5,922.6,10.0,13.4,15.7,6.2,7.7,7.6,20.0,17.2,17.4,99.0,95.6,95.3,75.0,66.0,66.1,0.0,0.0,0.0,999.9,999.9,999.9,0,9.0,11.5
16585596,0723,80.7,80.6,79.9,57.5,46.5,47.5,999.9,903.5,922.7,30.7,13.4,15.7,5.6,7.7,7.6,19.0,17.2,17.0,99.0,95.6,95.6,62.1,66.1,66.5,0.17,0.0,0.0,999.9,999.9,999.9,0,9.0,11.5
16585596,0723,81.1,80.6,80.0,57.2,46.5,48.0,999.9,904.3,927.0,10.0,13.6,16.4,8.7,7.7,7.6,20.0,17.3,17.2,99.0,95.6,95.8,71.1,66.2,66.4,0.11,0.0,0.0,999.9,999.9,999.9,18,9.0,11.5
16585596,0723,82.7,80.6,80.6,52.0,46.6,48.3,873.0,905.0,927.0,9.9,13.5,16.4,6.6,7.7,7.7,19.0,17.3,17.2,102.0,95.7,95.7,66.0,66.2,66.7,0.0,0.0,0.0,999.9,999.9,999.9,18,9.1,12.1
16585596,0723,76.4,80.5,80.8,40.5,46.6,48.5,872.4,904.3,922.8,10.0,13.5,16.4,8.2,7.7,7.8,18.1,17.4,16.8,99.0,95.8,95.6,70.0,66.2,66.5,0.0,0.0,0.0,999.9,999.9,999.9,0,9.2,11.1
16585596,0723,76.8,80.5,80.6,58.4,46.6,47.9,872.4,904.3,918.5,9.9,13.3,16.4,6.9,7.7,7.8,11.1,17.4,17.1,99.0,95.8,95.9,66.0,66.2,66.7,0.0,0.0,0.0,999.9,999.9,999.9,18,9.2,11.1
16585596,0723,88.1,80.4,80.5,54.1,46.6,48.7,869.7,904.3,918.5,9.8,13.3,16.0,5.1,7.7,7.7,24.1,17.4,16.8,79.0,95.8,96.3,70.0,66.2,66.5,0.0,0.0,0.0,999.9,999.9,999.9,18,9.3,11.7
16585596,0723,77.5,80.4,80.5,33.1,46.6,49.2,872.9,904.3,918.5,9.8,13.3,15.9,5.3,7.7,7.6,24.1,17.4,17.2,102.9,95.7,95.9,66.9,66.3,66.8,0.17,0.0,0.0,999.9,999.9,999.9,18,9.4,12.3
16585596,0723,89.6,80.4,80.3,57.5,46.5,48.5,999.9,904.3,918.5,41.0,13.3,15.9,9.5,7.7,7.5,18.1,17.3,17.6,89.1,95.8,96.2,57.9,66.3,67.0,0.0,0.0,0.0,999.9,999.9,999.9,18,9.5,12.3
16585596,0723,88.8,80.5,80.7,57.2,46.5,48.8,871.5,905.0,918.5,10.0,13.5,16.9,11.6,7.7,7.4,26.0,17.3,17.7,102.0,95.7,96.2,75.9,66.3,67.0,0.0,0.0,0.0,999.9,999.9,999.9,0,9.5,12.9
16585596,0723,62.0,80.5,81.1,36.2,46.5,49.2,873.0,904.3,918.5,10.0,13.5,16.9,9.9,7.7,7.6,14.0,17.4,18.1,90.0,95.7,96.6,62.2,66.4,67.2,0.0,0.0,0.0,999.9,999.9,999.9,0,9.4,12.9
16585596,0723,80.3,80.4,80.6,50.2,46.5,48.9,871.4,903.6,918.6,10.0,13.5,16.9,6.2,7.7,7.7,34.0,17.4,18.2,99.0,95.7,96.2,66.0,66.3,67.1,0.0,0.0,0.0,999.9,999.9,999.9,18,9.4,12.4
16585596,0723,76.8,80.4,80.6,45.2,46.4,49.1,999.9,903.6,918.6,39.8,13.5,16.9,6.9,7.7,7.8,8.9,17.5,18.9,93.0,95.7,96.3,66.9,66.3,67.4,0.0,0.0,0.0,999.9,999.9,999.9,0,9.4,12.4
16585596,0723,80.9,80.3,80.3,36.2,46.4,49.1,872.4,904.3,918.6,14.9,13.6,17.9,10.4,7.7,7.8,19.0,17.5,18.6,102.9,95.7,96.0,66.0,66.3,67.2,0.03,0.0,0.0,999.9,999.9,999.9,18,9.4,11.9
16585596,0723,74.2,80.3,80.3,41.4,46.4,49.1,871.4,904.3,914.3,10.0,13.6,18.1,9.5,7.7,7.9,12.0,17.5,18.6,102.9,95.8,96.3,71.1,66.3,67.0,0.0,0.0,0.0,999.9,999.9,999.9,18,9.4,11.9
16585596,0723,80.9,80.3,80.1,57.2,46.4,49.0,999.9,904.3,914.3,14.9,13.6,18.0,8.2,7.7,8.0,11.1,17.5,18.4,95.0,95.8,96.4,70.0,66.4,67.2,0.0,0.0,0.0,999.9,999.9,999.9,16,9.4,12.5
16585596,0723,88.8,80.3,80.2,48.9,46.5,49.3,873.5,905.0,918.6,9.8,13.7,18.1,5.6,7.7,8.0,11.1,17.5,18.5,79.0,95.8,96.7,68.0,66.4,67.3,0.11,0.0,0.0,999.9,999.9,999.9,18,9.3,13.0
16585596,0723,86.8,80.4,80.4,37.5,46.5,49.5,870.0,904.3,918.7,13.5,13.7,18.1,8.7,7.7,7.9,10.1,17.4,18.3,95.0,95.7,96.2,61.0,66.4,67.5,0.0,0.0,0.0,999.9,999.9,999.9,0,9.3,13.0
16585596,0723,89.6,80.5,80.4,57.5,46.5,48.8,999.9,903.6,918.7,9.7,13.5,18.3,5.6,7.7,7.9,14.0,17.4,18.3,93.0,95.7,96.2,75.9,66.3,67.2,0.0,0.0,0.0,999.9,999.9,999.9,0,9.3,12.9
16585596,0723,85.4,80.5,80.7,57.6,46.5,49.1,868.1,904.3,918.7,10.0,13.5,18.3,11.6,7.7,7.9,15.9,17.4,18.4,99.0,95.7,96.2,72.0,66.3,67.8,0.0,0.0,0.0,999.9,999.9,999.9,48,9.3,12.3
16585596,0723,82.8,80.6,80.9,45.2,46.5,49.6,999.9,904.3,918.7,9.9,13.5,18.3,10.4,7.7,7.9,34.0,17.4,18.5,88.7,95.6,96.6,62.1,66.3,68.2,0.15,0.0,0.0,999.9,999.9,999.9,0,9.5,13.3
16585596,0723,69.7,80.6,81.1,44.1,46.5,49.7,872.4,905.0,922.9,22.2,13.5,17.6,9.8,7.7,7.9,22.0,17.5,19.1,91.9,95.6,96.7,59.0,66.3,67.9,0.0,0.0,0.0,999.9,999.9,999.9,18,9.4,12.7
16585596,0723,87.8,80.5,80.7,33.1,46.5,49.5,869.5,904.3,918.7,10.0,13.5,17.0,8.7,7.8,8.1,14.0,17.5,19.2,93.9,95.6,96.4,57.9,66.3,67.5,0.0,0.0,0.0,999.9,999.9,999.9,18,9.4,12.7
16585596,0723,87.8,80.5,81.0,57.2,46.4,49.1,869.6,904.3,914.3,10.0,13.5,16.6,8.8,7.7,8.2,24.1,17.5,18.9,88.7,95.6,96.2,66.2,66.2,67.3,0.15,0.0,0.0,999.9,999.9,999.9,18,9.4,13.3
16585596,0723,62.0,80.6,81.3,54.1,46.4,49.1,870.4,904.3,914.3,10.0,13.5,16.6,6.9,7.7,8.3,26.0,17.6,19.0,99.0,95.6,95.8,75.9,66.2,67.0,0.17,0.0,0.0,999.9,999.9,999.9,18,9.4,13.9
16585596,0723,88.1,80.5,80.9,45.2,46.5,49.1,999.9,904.2,910.0,13.5,13.5,16.6,9.9,7.7,8.2,18.1,17.6,18.8,90.0,95.6,95.8,66.2,66.2,67.2,0.0,0.0,0.0,999.9,999.9,999.9,0,9.5,13.9
16585596,0723,78.3,80.6,80.9,58.4,46.5,48.7,870.4,905.0,910.0,10.0,13.5,16.7,8.2,7.8,8.2,18.1,17.7,18.6,93.0,95.6,95.9,66.0,66.3,67.1,0.03,0.0,0.0,999.9,999.9,999.9,18,9.5,13.9
16585596,0723,85.4,80.6,80.9,47.2,46.6,49.0,869.6,905.0,910.0,9.8,13.5,16.7,4.9,7.8,8.1,15.9,17.7,18.7,98.1,95.6,95.8,62.1,66.2,67.1,0.02,0.0,0.0,999.9,999.9,999.9,0,9.5,12.9
16585596,0723,85.2,80.5,81.3,49.3,46.5,48.6,999.9,905.0,910.0,13.5,13.5,15.7,8.7,7.8,8.1,18.1,17.7,18.8,95.0,95.6,95.6,71.1,66.3,66.7,0.0,0.0,0.0,999.9,999.9,999.9,48,9.5,12.3
16585596,0723,78.3,80.6,81.2,39.9,46.6,48.7,869.7,905.7,914.2,9.7,13.5,14.7,10.6,7.8,8.1,18.1,17.6,19.0,93.9,95.6,95.3,66.9,66.3,66.9,0.0,0.0,0.0,999.9,999.9,999.9,0,9.7,13.3
16585596,0723,79.9,80.6,81.2,44.6,46.6,48.1,869.5,905.7,909.8,10.0,13.5,13.7,9.6,7.8,8.1,18.1,17.6,18.6,89.1,95.6,95.0,59.0,66.3,67.1,0.0,0.0,0.0,999.9,999.9,999.9,0,9.7,12.7
16585596,0723,74.2,80.6,81.1,41.4,46.7,48.5,869.5,905.7,909.7,10.0,13.5,13.7,3.7,7.8,8.2,13.0,17.7,18.5,89.1,95.5,94.7,66.9,66.3,66.6,0.15,0.0,0.0,999.9,999.9,999.9,18,9.6,12.7
16585596,0723,83.0,80.6,80.9,41.6,46.6,47.9,875.8,905.7,905.4,9.9,13.5,13.1,7.8,7.8,8.2,17.1,17.7,18.3,99.0,95.5,94.4,54.0,66.3,66.7,0.0,0.0,0.0,999.9,999.9,999.9,0,9.6,13.3
16585596,0723,77.5,80.6,80.9,40.5,46.5,47.4,869.0,905.7,901.2,10.0,13.5,13.1,6.9,7.8,8.1,26.0,17.7,18.2,99.0,95.5,94.4,62.2,66.2,66.2,0.03,0.0,0.0,999.9,999.9,999.9,0,9.5,12.7
16585596,0723,86.8,80.6,80.8,46.5,46.5,47.0,869.0,905.0,901.1,10.0,13.4,13.1,5.3,7.8,8.1,13.0,17.7,18.5,102.0,95.5,94.3,70.0,66.2,66.0,0.0,0.0,0.0,999.9,999.9,999.9,0,9.5,12.1
16585596,0723,88.8,80.6,81.1,58.4,46.4,47.2,869.0,904.9,901.0,10.0,13.3,13.1,8.1,7.8,8.0,19.0,17.7,18.3,102.0,95.5,94.4,61.0,66.3,66.0,0.0,0.0,0.0,999.9,999.9,999.9,18,9.5,12.1
16585596,0723,82.3,80.7,81.5,50.2,46.4,47.2,869.5,904.9,900.9,10.0,13.3,13.1,4.9,7.8,8.1,26.0,17.7,18.6,93.9,95.5,94.5,68.0,66.2,65.9,0.0,0.0,0.0,999.9,999.9,999.9,18,9.5,12.1
16585596,0723,76.8,80.6,81.3,44.6,46.5,47.1,870.0,904.9,900.9,9.9,13.3,13.1,6.2,7.8,8.1,15.0,17.8,18.6,93.9,95.5,95.0,59.0,66.3,65.8,0.0,0.0,0.0,999.9,999.9,999.9,0,9.5,12.1
16585596,0723,77.1,80.6,81.3,44.1,46.4,47.5,872.9,904.9,900.8,9.9,13.3,13.1,6.5,7.8,8.1,17.1,17.8,18.3,93.0,95.5,94.7,66.2,66.2,65.5,0.0,0.0,0.0,999.9,999.9,999.9,0,9.4,11.5
16585596,0723,76.7,80.6,80.9,49.3,46.5,47.0,872.7,904.2,896.5,22.2,13.3,12.0,10.1,7.7,8.0,12.0,17.9,18.3,98.1,95.4,94.8,54.0,66.2,65.8,0.0,0.0,0.0,999.9,999.9,999.9,2,9.4,10.9
16585596,0723,85.2,80.6,80.5,55.9,46.5,46.8,999.9,904.2,896.6,10.0,13.4,12.4,4.7,7.8,8.0,18.1,17.9,17.8,93.0,95.4,94.7,68.0,66.2,65.1,0.0,0.0,0.0,999.9,999.9,999.9,0,9.4,11.0
16585596,0723,81.1,80.6,81.2,57.2,46.6,47.4,869.6,904.2,900.8,9.9,13.4,12.4,6.2,7.8,7.8,14.0,17.9,18.0,93.9,95.4,94.8,57.0,66.1,65.3,0.0,0.0,0.0,999.9,999.9,999.9,0,9.4,11.0
16585596,0723,76.7,80.6,81.3,41.6,46.7,47.7,869.6,904.2,900.8,41.0,13.3,12.4,4.9,7.7,7.8,11.1,17.8,17.3,90.0,95.4,94.6,59.0,66.1,65.0,0.0,0.0,0.0,999.9,999.9,999.9,0,9.3,10.4
16585596,0723,79.9,80.6,81.3,49.3,46.7,47.5,999.9,904.2,896.4,10.0,13.5,12.5,5.6,7.7,7.7,19.0,17.8,17.4,104.0,95.4,94.5,54.0,66.0,64.7,0.0,0.0,0.0,999.9,999.9,999.9,18,9.2,10.4
16585596,0723,81.1,80.6,81.2,45.2,46.8,48.0,999.9,904.9,900.7,9.9,13.4,12.3,6.6,7.7,7.6,14.0,17.8,17.4,93.0,95.5,94.5,59.0,66.0,64.3,0.0,0.0,0.0,999.9,999.9,999.9,0,9.3,10.4
16585596,0723,83.0,80.6,81.5,41.4,46.7,48.1,872.4,904.9,905.0,39.8,13.3,12.3,10.1,7.7,7.5,31.1,17.7,17.4,93.9,95.4,94.2,72.0,66.0,63.9,0.0,0.0,0.0,999.9,999.9,999.9,0,9.2,9.8
16585596,0723,89.6,80.6,81.5,50.2,46.6,47.6,999.9,904.9,900.7,10.0,13.5,13.1,9.9,7.7,7.5,15.0,17.8,18.1,93.9,95.4,94.2,70.0,66.0,64.0,0.03,0.0,0.0,999.9,999.9,999.9,18,9.2,9.3
16585596,0723,82.7,80.7,81.6,47.2,46.6,47.6,869.5,905.6,904.9,10.0,13.4,13.1,5.1,7.8,7.7,26.0,17.8,18.2,102.0,95.4,94.7,71.1,66.1,64.1,0.0,0.0,0.0,999.9,999.9,999.9,0,9.3,9.3
16585596,0723,89.2,80.7,81.4,34.9,46.7,47.9,999.9,905.6,904.9,9.9,13.4,13.0,6.3,7.7,7.5,12.0,17.9,18.8,102.9,95.4,94.9,62.1,66.1,64.4,0.0,0.0,0.0,999.9,999.9,999.9,18,9.2,9.3
16585596,0723,86.6,80.8,81.4,45.0,46.6,47.2,871.0,905.6,904.9,20.3,13.4,13.0,6.6,7.7,7.6,24.3,17.8,18.7,93.9,95.5,95.2,64.9,66.0,63.9,0.0,0.0,0.0,999.9,999.9,999.9,0,9.3,9.9
16585596,0723,89.6,80.8,81.5,39.9,46.6,46.8,999.9,904.9,905.0,9.9,13.5,13.4,8.7,7.7,7.4,19.0,17.8,19.0,93.9,95.4,95.1,57.9,66.0,63.7,0.11,0.0,0.0,999.9,999.9,999.9,2,9.3,8.3
16585596,0723,82.8,80.9,81.7,50.9,46.5,46.6,872.4,905.6,905.0,10.0,13.5,13.4,10.2,7.7,7.3,19.0,17.8,18.5,102.9,95.4,95.2,66.0,66.0,63.6,0.0,0.0,0.0,999.9,999.9,999.9,18,9.3,8.3
16585596,0723,82.7,80.9,82.1,37.5,46.5,46.8,999.9,904.9,905.0,14.9,13.5,13.0,10.4,7.7,7.4,15.9,17.8,18.4,99.0,95.4,95.6,54.0,66.0,63.8,0.0,0.0,0.0,999.9,999.9,999.9,0,9.4,8.3
16585596,0723,77.5,81.0,81.9,41.2,46.4,47.0,872.9,905.6,909.3,14.9,13.4,13.1,8.8,7.7,7.4,15.0,17.8,18.4,95.0,95.4,95.8,63.0,65.9,63.7,0.17,0.0,0.0,999.9,999.9,999.9,18,9.3,7.7
16585596,0723,76.7,81.0,81.6,50.9,46.4,46.4,872.7,905.6,909.5,20.3,13.4,13.3,4.7,7.7,7.4,20.0,17.8,18.1,88.7,95.4,96.0,71.1,65.9,63.5,0.11,0.0,0.0,999.9,999.9,999.9,18,9.1,7.7
16585596,0723,86.6,80.9,82.1,41.2,46.5,46.3,872.7,905.6,909.5,9.9,13.5,13.6,11.6,7.7,7.3,10.1,17.8,17.9,99.0,95.3,95.6,64.9,66.0,63.4,0.0,0.0,0.0,999.9,999.9,999.9,0,9.1,7.7
16585596,0723,89.2,80.9,82.0,54.1,46.5,46.2,873.5,905.6,905.3,10.0,13.5,13.5,6.4,7.8,7.4,13.0,17.8,17.7,102.9,95.3,95.9,57.0,66.0,63.3,0.0,0.0,0.0,999.9,999.9,999.9,18,9.1,7.7
16585596,0723,78.3,80.9,82.4,40.5,46.6,46.0,999.9,905.7,905.4,10.0,13.5,13.5,6.4,7.7,7.3,18.1,17.8,17.5,93.0,95.5,96.3,59.0,65.9,63.0,0.0,0.0,0.0,999.9,999.9,999.9,2,9.2,7.7
16585596,0723,89.2,80.9,82.2,40.5,46.5,45.8,871.4,906.4,909.7,10.0,13.5,13.5,8.1,7.7,7.4,12.0,17.8,17.6,102.0,95.4,96.1,64.9,65.8,62.9,0.0,0.0,0.0,999.9,999.9,999.9,16,9.2,7.8
16585596,0723,77.5,81.0,82.3,41.6,46.5,45.5,872.4,906.4,905.5,10.0,13.5,13.4,8.8,7.7,7.4,18.1,17.8,17.4,95.0,95.5,96.3,62.2,65.8,62.7,0.0,0.0,0.0,999.9,999.9,999.9,0,9.3,6.7
16585596,0723,81.8,81.0,82.3,33.1,46.5,45.6,873.1,906.4,905.5,41.0,13.5,13.4,6.3,7.7,7.3,19.0,17.8,17.4,93.0,95.4,96.4,64.9,65.8,62.6,0.0,0.0,0.0,999.9,999.9,999.9,18,9.3,6.7
16585596,0723,81.1,81.0,82.3,55.6,46.4,45.2,999.9,906.4,905.7,22.2,13.6,14.5,8.8,7.7,7.2,8.9,17.8,17.4,102.9,95.4,96.5,61.0,65.8,62.8,0.0,0.0,0.0,999.9,999.9,999.9,18,9.4,7.3
16585596,0723,79.9,80.9,82.6,48.9,46.5,45.7,873.1,906.4,910.0,10.0,13.7,14.9,6.6,7.7,7.4,24.1,17.7,17.3,95.0,95.5,97.0,61.0,65.8,62.6,0.02,0.0,0.0,999.9,999.9,999.9,0,9.5,7.3
16585596,0723,62.0,80.9,82.5,36.2,46.5,45.9,999.9,906.4,909.9,39.8,13.7,14.9,6.9,7.7,7.3,11.1,17.7,17.5,91.9,95.5,96.8,66.9,65.8,62.8,0.0,0.0,0.0,999.9,999.9,999.9,0,9.5,7.3
16585596,0723,87.8,80.9,82.0,44.1,46.5,45.8,999.9,907.1,914.3,13.5,13.9,15.9,3.7,7.7,7.3,24.1,17.7,17.0,102.9,95.4,96.6,59.0,65.8,63.0,0.0,0.0,0.0,999.9,999.9,999.9,2,9.5,7.3
16585596,0723,62.0,80.9,82.0,57.2,46.5,45.7,999.9,907.1,918.6,9.9,13.9,16.0,9.8,7.7,7.3,15.9,17.7,17.4,102.0,95.5,96.6,75.9,65.7,62.6,0.0,0.0,0.0,999.9,999.9,999.9,0,9.5,7.4
16585596,0723,79.3,80.8,81.1,44.6,46.6,45.6,872.7,907.8,923.0,10.0,13.9,16.0,8.1,7.7,7.3,26.0,17.8,17.3,104.0,95.5,96.6,57.9,65.7,63.1,0.0,0.0,0.0,999.9,999.9,999.9,0,9.4,6.8
16585596,0723,62.0,80.8,81.0,54.5,46.6,45.5,873.6,907.8,923.1,10.0,13.9,16.0,8.2,7.7,7.4,10.1,17.8,17.3,98.1,95.6,97.0,62.1,65.7,62.8,0.33,0.0,0.0,999.9,999.9,999.9,0,9.4,6.2
16585596,0723,88.1,80.7,80.5,44.1,46.7,45.8,873.6,907.1,923.2,10.0,13.9,16.0,8.2,7.7,7.5,15.0,17.7,17.1,104.0,95.6,97.1,62.1,65.6,62.9,0.0,0.0,0.0,999.9,999.9,999.9,0,9.3,6.2
16585596,0723,82.7,80.7,80.9,33.1,46.7,45.8,870.5,907.1,923.3,10.0,13.9,16.0,10.1,7.7,7.6,10.1,17.7,17.0,93.9,95.6,97.5,66.9,65.6,62.7,0.14,0.0,0.0,999.9,999.9,999.9,0,9.2,6.2
16585596,0723,76.4,80.8,81.1,54.6,46.5,45.3,872.7,907.1,923.2,9.8,13.9,15.6,10.1,7.8,7.6,10.1,17.6,17.0,102.0,95.6,97.3,68.0,65.6,63.2,0.02,0.0,0.0,999.9,999.9,999.9,0,9.2,6.1
16585596,0723,69.7,80.7,80.8,49.3,46.6,45.2,869.5,907.1,918.9,10.0,13.9,15.6,5.6,7.8,7.7,18.1,17.6,16.7,93.9,95.6,97.6,71.1,65.6,63.2,0.0,0.0,0.0,999.9,999.9,999.9,18,9.1,6.1
16585596,0723,81.1,80.7,80.4,41.6,46.6,44.9,868.1,907.1,918.9,20.3,13.9,15.6,9.3,7.8,7.7,19.0,17.7,16.8,98.1,95.6,97.6,75.0,65.6,63.6,0.17,0.0,0.0,999.9,999.9,999.9,18,9.2,6.7
16585596,0723,79.9,80.7,80.5,52.0,46.6,44.9,872.4,906.4,918.9,9.9,14.0,14.9,9.8,7.8,7.9,19.0,17.7,17.1,88.7,95.7,97.9,71.1,65.7,64.2,0.0,0.0,0.0,999.9,999.9,999.9,18,9.2,7.3
16585596,0723,78.3,80.7,80.5,49.2,46.7,45.0,999.9,905.6,914.6,9.9,14.0,14.9,9.9,7.8,8.0,31.1,17.7,17.1,95.0,95.6,97.4,66.2,65.7,64.7,0.15,0.0,0.0,999.9,999.9,999.9,0,9.3,7.3
16585596,0723,82.8,80.7,80.4,34.9,46.6,45.2,873.6,906.4,914.6,14.9,13.9,14.9,5.1,7.8,8.1,10.1,17.7,17.7,93.9,95.6,97.4,57.0,65.7,65.0,0.0,0.0,0.0,999.9,999.9,999.9,18,9.3,7.3
16585596,0723,81.1,80.7,80.4,54.1,46.5,45.0,868.1,906.4,914.7,22.2,13.9,14.0,9.3,7.8,7.9,10.1,17.6,17.0,87.1,95.6,97.4,75.9,65.7,64.5,0.0,0.0,0.0,999.9,999.9,999.9,48,9.4,7.9
16585596,0723,74.2,80.7,80.2,52.0,46.6,45.1,870.0,906.4,910.3,10.0,14.0,14.4,10.2,7.8,7.9,19.0,17.6,16.8,98.1,95.5,97.2,57.0,65.7,64.7,0.02,0.0,0.0,999.9,999.9,999.9,0,9.7,8.9
16585596,0723,86.6,80.7,79.9,50.9,46.6,45.2,873.1,905.6,910.3,9.7,13.9,14.4,5.3,7.8,8.1,12.0,17.7,16.6,102.0,95.6,97.1,71.1,65.6,64.2,0.15,0.0,0.0,999.9,999.9,999.9,48,9.7,8.9
16585596,0723,79.3,80.7,79.8,45.0,46.5,45.8,872.4,905.6,906.1,9.9,13.9,14.4,5.3,7.8,8.1,34.0,17.7,16.6,79.0,95.6,97.1,66.0,65.7,64.5,0.0,0.0,0.0,999.9,999.9,999.9,0,10.0,9.9
16585596,0723,80.9,80.7,79.5,52.0,46.6,45.8,870.0,905.7,906.1,9.9,13.9,14.1,4.7,7.8,8.0,13.0,17.7,16.9,95.0,95.4,96.6,64.9,65.7,64.5,0.0,0.0,0.0,999.9,999.9,999.9,18,9.9,9.9
16585596,0723,86.8,80.7,79.2,45.0,46.6,46.2,999.9,905.6,901.8,9.8,13.8,14.1,11.6,7.7,7.9,20.0,17.7,16.7,102.9,95.5,96.6,61.0,65.7,64.8,0.02,0.0,0.0,999.9,999.9,999.9,0,10.0,10.5
16585596,0723,89.2,80.7,79.4,57.2,46.6,46.0,872.4,906.4,906.0,22.3,13.8,14.1,3.7,7.8,7.9,18.1,17.8,16.7,95.0,95.5,96.6,66.9,65.7,64.6,0.0,0.0,0.0,999.9,999.9,999.9,18,9.9,9.9
16585596,0723,78.4,80.8,79.6,33.1,46.6,46.6,870.5,906.4,901.8,22.2,13.9,14.3,6.9,7.7,7.7,11.1,17.8,16.8,100.0,95.5,96.5,75.0,65.7,65.0,0.11,0.0,0.0,999.9,999.9,999.9,0,10.0,10.5
16585596,0723,89.6,80.7,79.6,50.9,46.6,46.4,875.8,906.3,901.7,9.7,13.9,14.6,8.2,7.7,7.7,15.0,17.7,16.7,99.0,95.5,96.6,66.9,65.7,65.4,0.0,0.0,0.0,999.9,999.9,999.9,18,10.0,9.9
16585596,0723,86.8,80.8,80.1,47.2,46.6,46.4,873.0,906.4,901.8,10.0,13.9,14.2,9.5,7.7,7.8,12.0,17.7,16.5,93.0,95.6,97.0,70.0,65.7,65.3,0.0,0.0,0.0,999.9,999.9,999.9,18,10.0,9.9
16585596,0723,77.1,80.8,80.1,55.6,46.6,46.6,873.0,906.4,901.8,10.0,13.9,14.2,4.7,7.8,7.7,15.9,17.7,16.6,100.0,95.6,96.8,71.1,65.7,65.5,0.0,0.0,0.0,999.9,999.9,999.9,0,10.0,10.5
16585596,0723,76.7,80.8,79.7,55.9,46.5,46.6,999.9,906.4,901.8,10.0,13.9,14.2,4.9,7.7,7.6,22.0,17.7,16.7,93.9,95.6,96.7,59.0,65.8,65.9,0.0,0.0,0.0,999.9,999.9,999.9,16,10.0,9.9
16585596,0723,78.4,80.8,79.6,57.2,46.6,47.1,873.1,907.1,901.8,9.9,13.9,14.2,10.2,7.7,7.6,15.0,17.7,16.8,100.0,95.6,96.7,73.0,65.8,65.9,0.0,0.0,0.0,999.9,999.9,999.9,0,10.1,10.3
16585596,0723,76.8,80.8,79.2,52.0,46.7,47.7,873.0,906.4,901.9,10.0,13.9,14.2,8.2,7.7,7.7,34.0,17.7,16.9,90.0,95.6,96.6,70.0,65.8,66.2,0.0,0.0,0.0,999.9,999.9,999.9,18,10.0,9.8
16585596,0723,79.9,80.7,79.2,45.2,46.8,48.0,869.0,905.7,901.9,10.0,13.9,14.2,9.6,7.7,7.6,10.1,17.9,17.4,79.0,95.6,96.5,62.2,65.8,66.5,0.15,0.0,0.0,999.9,999.9,999.9,2,10.0,10.4
16585596,0723,87.8,80.8,79.2,37.5,46.7,48.4,999.9,905.7,901.8,10.0,13.7,13.2,6.9,7.7,7.7,15.9,17.8,17.1,93.0,95.5,96.0,66.0,65.8,66.4,0.0,0.0,0.0,999.9,999.9,999.9,0,9.9,9.9
16585596,0723,76.7,80.8,79.4,58.4,46.7,47.8,869.7,906.4,901.8,10.0,13.7,12.8,10.2,7.7,7.7,14.0,17.8,17.4,93.0,95.5,95.7,71.1,65.8,66.5,0.14,0.0,0.0,999.9,999.9,999.9,18,9.9,9.3
16585596,0723,69.7,80.7,79.3,54.1,46.7,48.2,869.5,906.4,901.6,22.3,13.7,12.8,3.7,7.7,7.8,15.9,17.8,17.0,93.9,95.5,95.6,71.1,65.8,66.9,0.03,0.0,0.0,999.9,999.9,999.9,0,9.9,9.9
16585596,0723,82.8,80.7,79.5,50.2,46.7,48.8,872.7,906.4,897.3,20.3,13.7,12.2,6.2,7.7,7.7,14.0,17.8,17.2,102.9,95.5,95.7,70.0,65.8,67.0,0.0,0.0,0.0,999.9,999.9,999.9,18,9.9,9.9
16585596,0723,86.6,80.7,79.4,34.9,46.7,49.0,870.5,906.4,893.1,10.0,13.8,12.4,8.1,7.7,7.8,18.1,17.8,16.9,90.0,95.5,95.7,61.0,65.8,67.4,0.02,0.0,0.0,999.9,999.9,999.9,0,9.9,10.4
16585596,0723,86.8,80.7,80.2,57.5,46.7,48.2,873.0,906.4,888.7,9.9,13.8,12.4,8.8,7.7,7.7,15.9,17.8,16.9,102.0,95.5,95.3,66.0,65.8,66.9,0.0,0.0,0.0,999.9,999.9,999.9,0,9.8,10.4
16585596,0723,81.1,80.8,80.4,58.4,46.8,48.6,866.4,906.4,888.7,10.0,13.8,12.4,9.9,7.7,7.7,15.9,17.8,16.6,99.0,95.5,95.2,66.0,65.9,67.2,0.0,0.0,0.0,999.9,999.9,999.9,0,9.8,10.4
16585596,0723,89.6,80.7,81.1,54.5,46.9,48.8,873.6,906.4,888.5,9.7,13.8,12.4,9.9,7.7,7.8,31.1,17.7,16.8,93.9,95.4,95.2,72.0,65.9,67.3,0.0,0.0,0.0,999.9,999.9,999.9,0,9.7,10.4
16585596,0723,80.7,80.7,81.1,48.9,46.9,49.1,873.5,905.7,888.5,39.8,13.7,12.4,6.2,7.7,7.9,31.1,17.8,17.3,99.0,95.5,94.9,66.2,65.9,67.6,0.0,0.0,0.0,999.9,999.9,999.9,18,9.6,10.4
16585596,0723,87.8,80.7,81.1,49.3,46.9,49.6,999.9,905.0,888.6,10.0,13.8,13.4,10.6,7.7,7.7,31.1,17.9,18.0,87.1,95.4,95.1,66.9,65.9,67.6,0.01,0.0,0.0,999.9,999.9,999.9,0,9.7,11.0
16585596,0723,80.7,80.9,81.4,47.1,46.9,49.5,869.6,905.0,892.8,10.0,13.8,13.4,3.7,7.7,7.7,15.9,17.9,18.7,99.0,95.4,94.6,66.0,65.9,67.6,0.0,0.0,0.0,999.9,999.9,999.9,18,9.6,11.0
16585596,0723,62.0,80.9,81.8,41.2,46.9,49.4,871.5,905.0,892.9,10.0,13.8,13.4,9.3,7.7,7.7,19.0,17.9,18.6,98.1,95.4,94.8,70.0,65.9,67.4,0.0,0.0,0.0,999.9,999.9,999.9,0,9.7,11.0
16585596,0723,62.0,80.8,81.2,47.1,46.8,49.4,870.4,905.0,893.0,9.9,13.8,13.1,7.8,7.7,7.7,19.0,17.9,18.6,89.1,95.4,94.8,66.9,66.0,67.2,0.0,0.0,0.0,999.9,999.9,999.9,0,9.7,10.4
16585596,0723,87.8,80.7,80.6,40.5,46.8,49.2,868.1,905.0,892.9,9.9,13.7,13.1,6.2,7.7,7.6,11.1,17.9,18.6,102.0,95.3,94.8,73.9,66.0,67.1,0.0,0.0,0.0,999.9,999.9,999.9,18,9.6,9.8
16585596,0723,81.8,80.7,80.9,46.5,46.8,48.9,999.9,904.9,888.5,20.3,13.7,13.1,8.1,7.7,7.5,10.1,17.9,18.0,90.0,95.3,95.0,66.2,66.1,67.3,0.0,0.0,0.0,999.9,999.9,999.9,18,9.6,10.4
16585596,0723,79.3,80.7,80.9,47.1,46.8,49.3,870.4,905.6,892.7,10.0,13.7,13.3,5.3,7.7,7.6,14.0,17.9,18.0,95.0,95.2,94.9,72.0,66.1,67.6,0.14,0.0,0.0,999.9,999.9,999.9,0,9.7,10.4
16585596,0723,76.7,80.7,80.8,36.2,46.8,49.1,869.7,904.9,892.8,10.0,13.6,12.8,6.9,7.7,7.5,26.0,17.8,18.1,91.9,95.3,95.1,62.1,66.1,67.5,0.17,0.0,0.0,999.9,999.9,999.9,0,9.6,8.8
16585596,0723,79.9,80.7,80.9,40.5,46.8,48.6,871.0,904.9,892.8,9.9,13.6,12.8,5.6,7.7,7.4,31.1,17.9,18.3,98.1,95.2,94.9,66.0,66.1,67.7,0.0,0.0,0.0,999.9,999.9,999.9,16,9.6,8.8
16585596,0723,76.4,80.6,80.7,49.3,46.7,48.2,872.4,904.9,892.7,10.0,13.6,12.9,8.7,7.7,7.4,18.1,18.0,19.0,100.0,95.2,94.8,62.1,66.1,67.5,0.02,0.0,0.0,999.9,999.9,999.9,18,9.7,7.7
16585596,0723,79.9,80.6,80.6,46.5,46.7,48.3,869.0,904.2,892.7,20.3,13.5,12.9,6.4,7.7,7.5,18.1,18.0,18.5,89.1,95.3,95.5,66.0,66.1,67.4,0.0,0.0,0.0,999.9,999.9,999.9,18,9.7,8.3
16585596,0723,74.2,80.6,80.5,40.5,46.8,48.2,871.4,904.2,892.7,9.9,13.6,13.2,6.4,7.7,7.5,15.9,17.9,18.6,93.0,95.2,95.3,62.2,66.1,67.4,0.0,0.0,0.0,999.9,999.9,999.9,0,9.8,8.3
16585596,0723,80.7,80.6,80.1,49.2,46.8,48.0,872.4,903.5,888.4,10.0,13.5,13.2,7.8,7.7,7.4,19.0,17.9,18.5,102.9,95.2,95.0,54.0,66.1,67.5,0.0,0.0,0.0,999.9,999.9,999.9,0,9.7,8.3
16585596,0723,76.7,80.6,79.8,50.2,46.8,47.7,870.5,903.5,888.4,14.9,13.5,12.8,6.3,7.7,7.5,19.0,18.0,18.5,104.0,95.3,95.2,72.0,66.0,67.0,0.01,0.0,0.0,999.9,999.9,999.9,0,9.7,7.7
16585596,0723,62.0,80.6,79.8,37.5,46.9,48.3,873.6,903.4,888.4,30.7,13.6,12.6,5.3,7.7,7.5,12.0,18.0,18.8,95.0,95.3,95.4,66.2,66.0,66.9,0.03,0.0,0.0,999.9,999.9,999.9,0,9.7,7.7
16585596,0723,87.8,80.4,78.8,46.5,46.9,47.9,872.4,903.5,888.3,9.9,13.7,13.3,9.6,7.6,7.4,15.9,17.9,18.7,93.9,95.3,95.2,64.9,65.9,66.9,0.03,0.0,0.0,999.9,999.9,999.9,0,9.7,7.1
16585596,0723,85.4,80.6,78.9,45.2,46.9,47.9,870.4,903.5,888.3,9.9,13.7,13.3,5.3,7.6,7.4,8.9,17.9,18.8,99.0,95.2,95.3,75.9,65.9,66.7,0.33,0.0,0.0,999.9,999.9,999.9,18,9.7,6.5
16585596,0723,82.8,80.6,79.2,45.0,46.9,47.5,873.6,903.5,888.2,10.0,13.7,13.2,8.7,7.6,7.4,22.0,17.9,18.6,104.0,95.3,95.2,66.9,66.0,66.9,0.0,0.0,0.0,999.9,999.9,999.9,18,9.6,7.1
16585596,0723,76.7,80.6,79.4,48.9,46.9,47.1,869.5,903.5,884.0,10.0,13.7,13.2,3.7,7.6,7.5,11.1,17.9,18.6,93.9,95.4,95.6,73.0,66.0,67.2,0.15,0.0,0.0,999.9,999.9,999.9,0,9.6,7.2
16585596,0723,74.2,80.6,79.3,50.2,47.0,46.9,870.4,903.5,883.9,9.9,13.7,13.3,10.4,7.6,7.3,10.1,17.9,18.4,93.0,95.4,95.4,73.0,66.1,67.2,0.0,0.0,0.0,999.9,999.9,999.9,0,9.6,7.2
16585596,0723,78.4,80.5,79.2,54.1,47.1,46.8,869.5,903.5,883.8,30.7,13.7,13.2,6.2,7.6,7.4,31.1,17.8,17.6,99.0,95.3,95.5,61.0,66.1,67.3,0.11,0.0,0.0,999.9,999.9,999.9,2,9.6,6.6
16585596,0723,80.7,80.5,79.2,54.5,47.1,47.1,871.4,903.5,883.8,10.0,13.8,13.9,7.8,7.6,7.3,8.9,17.9,18.3,93.9,95.4,96.1,66.0,66.0,67.2,0.0,0.0,0.0,999.9,999.9,999.9,18,9.5,6.6
16585596,0723,76.8,80.5,78.9,50.9,47.3,47.7,999.9,903.5,879.5,20.3,13.8,13.9,8.8,7.6,7.3,31.1,17.9,18.1,104.0,95.4,96.2,54.0,66.1,67.2,0.0,0.0,0.0,999.9,999.9,999.9,0,9.5,7.2
16585596,0723,79.9,80.5,78.9,57.5,47.3,47.4,875.8,904.2,883.9,10.0,13.8,14.3,5.1,7.6,7.3,11.1,18.0,18.7,89.1,95.4,96.5,70.0,66.0,66.7,0.0,0.0,0.0,999.9,999.9,999.9,0,9.5,6.6
16585596,0723,88.8,80.6,79.3,44.1,47.4,47.5,999.9,903.5,884.1,14.9,13.8,13.9,7.8,7.6,7.3,19.0,18.0,18.5,93.0,95.4,96.4,64.9,66.0,66.6,0.02,0.0,0.0,999.9,999.9,999.9,18,9.4,6.6
16585596,0723,82.8,80.6,79.5,50.2,47.4,47.3,869.5,904.2,888.3,39.8,13.8,13.7,5.6,7.6,7.4,22.0,18.0,18.7,95.0,95.3,96.0,71.1,65.9,66.4,0.02,0.0,0.0,999.9,999.9,999.9,0,9.4,6.6
16585596,0723,81.1,80.6,79.3,40.5,47.4,47.8,869.5,904.2,888.3,10.0,14.0,14.7,10.2,7.6,7.3,11.1,18.0,18.8,79.0,95.3,96.2,66.9,65.9,66.8,0.0,0.0,0.0,999.9,999.9,999.9,18,9.4,6.6
16585596,0723,77.1,80.6,79.2,45.2,47.4,47.3,999.9,904.2,888.2,10.0,14.0,14.7,4.9,7.6,7.3,15.9,18.0,18.7,102.0,95.3,95.4,73.9,65.9,66.8,0.0,0.0,0.0,999.9,999.9,999.9,18,9.5,7.2
16585596,0723,80.3,80.5,79.0,36.2,47.4,46.8,870.5,904.9,892.6,22.3,14.0,14.7,6.2,7.6,7.2,22.0,18.0,18.7,102.9,95.3,95.5,68.0,65.9,67.1,0.0,0.0,0.0,999.9,999.9,999.9,0,9.6,7.8
16585596,0723,82.3,80.6,78.7,33.1,47.3,46.2,873.0,904.9,892.5,22.2,14.0,15.1,8.8,7.6,7.0,14.0,18.1,18.4,88.7,95.4,95.8,68.0,65.9,66.9,0.14,0.0,0.0,999.9,999.9,999.9,0,9.5,7.8
16585596,0723,85.4,80.6,78.8,33.1,47.3,45.7,869.0,904.9,892.5,10.0,14.1,14.5,5.3,7.6,7.1,34.0,18.0,17.8,89.1,95.4,95.5,57.9,65.9,67.0,0.0,0.0,0.0,999.9,999.9,999.9,0,9.4,7.2
16585596,0723,80.7,80.6,78.7,46.5,47.2,45.2,869.0,904.2,888.1,10.0,14.1,14.5,9.9,7.6,6.9,18.1,18.2,17.9,102.0,95.4,95.6,73.9,65.9,66.7,0.0,0.0,0.0,999.9,999.9,999.9,0,9.4,7.2
16585596,0723,81.1,80.6,78.7,57.2,47.3,45.1,999.9,904.2,888.1,9.8,14.1,14.5,5.1,7.6,7.1,13.0,18.1,18.0,102.9,95.4,95.7,70.0,66.0,67.0,0.0,0.0,0.0,999.9,999.9,999.9,0,9.4,6.6
16585596,0723,69.7,80.6,79.3,57.5,47.3,45.7,872.4,904.8,892.4,22.3,13.9,14.5,10.2,7.6,7.0,12.0,18.0,17.8,104.0,95.5,95.8,54.0,66.0,67.0,0.0,0.0,0.0,999.9,999.9,999.9,0,9.3,6.6
16585596,0723,79.9,80.5,79.6,57.2,47.3,46.0,873.1,904.9,892.5,9.7,14.0,14.9,10.1,7.6,7.1,31.1,17.9,17.5,88.7,95.6,96.3,62.1,65.9,66.5,0.03,0.0,0.0,999.9,999.9,999.9,0,9.2,6.6
16585596,0723,86.6,80.4,79.3,47.1,47.4,46.6,869.6,904.1,892.6,22.2,14.0,14.9,6.6,7.6,7.2,15.9,18.0,18.2,93.9,95.6,95.9,66.0,65.9,66.1,0.0,0.0,0.0,999.9,999.9,999.9,18,8.9,6.0
16585596,0723,83.0,80.5,79.5,41.6,47.3,46.6,870.5,904.1,888.3,9.8,14.0,15.0,8.8,7.6,7.2,12.0,18.0,18.4,102.0,95.6,96.0,66.0,65.9,66.1,0.0,0.0,0.0,999.9,999.9,999.9,0,8.9,6.0
16585596,0723,80.9,80.5,79.6,33.1,47.3,46.4,869.6,904.1,888.3,10.0,14.0,15.0,10.2,7.6,7.3,8.9,17.9,18.3,91.9,95.6,96.2,71.1,65.9,65.9,0.03,0.0,0.0,999.9,999.9,999.9,0,8.9,6.0
16585596,0723,89.6,80.5,79.7,44.6,47.2,46.3,999.9,904.1,888.3,9.8,14.0,15.0,9.9,7.6,7.4,26.0,17.9,17.7,90.0,95.7,96.2,72.0,65.9,66.2,0.01,0.0,0.0,999.9,999.9,999.9,0,8.9,6.0
16585596,0723,86.8,80.5,80.1,47.2,47.2,46.4,866.4,904.8,892.6,10.0,14.0,15.0,3.7,7.6,7.5,12.0,17.9,17.6,98.1,95.7,96.0,72.0,65.9,66.4,0.0,0.0,0.0,999.9,999.9,999.9,0,8.8,5.5
16585596,0723,62.0,80.5,80.4,55.9,47.2,46.4,870.4,904.8,892.4,10.0,14.0,15.0,3.7,7.6,7.4,12.0,17.9,17.4,89.1,95.6,95.9,75.0,66.0,66.8,0.02,0.0,0.0,999.9,999.9,999.9,18,8.8,4.9
16585596,0723,80.3,80.4,79.8,54.6,47.3,46.7,871.5,904.8,892.4,10.0,14.0,14.6,10.4,7.6,7.3,26.0,17.8,17.2,93.0,95.6,95.9,66.0,66.0,67.1,0.0,0.0,0.0,999.9,999.9,999.9,0,8.8,4.9
16585596,0723,79.3,80.5,80.0,54.5,47.3,47.2,873.1,904.1,892.4,10.0,14.0,14.6,9.8,7.6,7.4,19.0,17.8,17.5,102.9,95.6,95.9,62.2,66.0,67.2,0.11,0.0,0.0,999.9,999.9,999.9,0,8.8,4.9
16585596,0723,78.4,80.4,80.0,48.9,47.3,47.3,873.6,904.1,892.5,10.0,14.0,14.6,5.6,7.6,7.5,26.0,17.9,17.5,99.0,95.6,95.9,57.9,66.0,67.5,0.0,0.0,0.0,999.9,999.9,999.9,0,8.7,4.9
16585596,0723,80.3,80.5,80.0,44.1,47.3,47.3,870.0,904.1,892.6,30.7,14.0,14.5,6.2,7.6,7.5,19.0,17.9,17.7,95.0,95.7,95.7,75.9,66.0,67.0,0.0,0.0,0.0,999.9,999.9,999.9,18,8.7,4.9
16585596,0723,82.7,80.5,80.6,57.6,47.3,47.5,870.4,904.1,892.4,10.0,14.1,14.5,3.7,7.6,7.5,13.0,17.9,18.0,102.0,95.6,95.7,61.0,66.0,67.3,0.0,0.0,0.0,999.9,999.9,999.9,18,8.8,5.5
16585596,0723,77.1,80.5,80.5,57.6,47.4,47.9,869.0,904.1,892.4,10.0,14.1,14.5,9.5,7.6,7.3,11.1,17.9,17.9,95.0,95.7,96.0,66.2,66.0,67.2,0.0,0.0,0.0,999.9,999.9,999.9,0,8.8,6.1
16585596,0723,82.3,80.4,80.2,39.9,47.4,48.3,999.9,904.1,892.3,10.0,14.1,14.5,4.9,7.6,7.4,19.0,17.8,17.9,102.9,95.7,95.9,59.0,66.0,66.9,0.0,0.0,0.0,999.9,999.9,999.9,0,8.8,5.5
16585596,0723,81.1,80.4,80.2,37.5,47.4,48.1,873.1,904.1,896.5,22.2,14.1,14.5,9.8,7.6,7.3,8.9,17.8,17.9,93.9,95.8,95.8,62.2,66.0,66.6,0.0,0.0,0.0,999.9,999.9,999.9,18,8.8,4.9
16585596,0723,81.1,80.4,80.3,41.4,47.3,47.7,871.4,904.1,896.7,9.7,14.2,14.9,9.8,7.6,7.5,24.1,17.8,17.8,102.0,95.7,95.8,54.0,65.9,66.2,0.0,0.0,0.0,999.9,999.9,999.9,2,8.9,5.5
16585596,0723,81.8,80.4,80.5,57.6,47.2,47.4,868.1,903.4,896.7,30.7,14.2,14.9,10.2,7.6,7.5,15.0,17.8,18.2,102.0,95.8,96.1,61.0,65.9,65.6,0.0,0.0,0.0,999.9,999.9,999.9,0,8.9,5.5
16585596,0723,78.4,80.4,80.7,41.4,47.4,47.6,871.4,903.4,896.6,10.0,14.3,14.9,5.6,7.6,7.6,15.9,17.7,17.7,90.0,95.9,96.2,73.0,65.8,65.6,0.02,0.0,0.0,999.9,999.9,999.9,0,8.9,5.5
16585596,0723,81.1,80.4,80.6,46.5,47.4,47.1,873.0,903.4,896.6,20.3,14.3,14.9,5.1,7.6,7.5,24.1,17.7,17.9,89.1,95.8,96.1,66.0,65.9,65.8,0.15,0.0,0.0,999.9,999.9,999.9,2,8.9,4.9
16585596,0723,79.3,80.5,80.7,54.6,47.4,47.0,875.8,902.7,892.4,39.8,14.4,14.9,6.9,7.6,7.4,22.0,17.7,17.7,95.0,95.8,95.6,62.2,65.9,66.2,0.0,0.0,0.0,999.9,999.9,999.9,18,8.9,4.9
16585596,0723,69.7,80.5,80.7,58.4,47.4,46.9,871.5,902.0,892.4,10.0,14.5,15.9,6.9,7.6,7.5,11.1,17.7,18.1,89.1,95.7,95.8,71.1,65.9,66.0,0.0,0.0,0.0,999.9,999.9,999.9,0,8.8,5.5
16585596,0723,79.3,80.4,80.1,45.2,47.4,47.4,873.0,901.3,888.1,10.0,14.5,15.7,10.2,7.6,7.5,26.0,17.7,17.8,102.9,95.7,95.7,68.0,65.9,66.2,0.03,0.0,0.0,999.9,999.9,999.9,16,8.8,4.9
16585596,0723,80.9,80.4,80.0,45.2,47.5,47.2,869.0,901.3,888.3,9.9,14.5,14.7,5.6,7.6,7.6,24.3,17.7,17.9,98.1,95.8,95.9,71.1,65.9,66.1,0.02,0.0,0.0,999.9,999.9,999.9,0,8.9,5.5
16585596,0723,81.8,80.4,80.0,45.2,47.5,47.4,999.9,901.3,888.2,10.0,14.5,14.7,9.3,7.6,7.5,19.0,17.8,18.4,100.0,95.8,96.6,66.0,65.9,66.2,0.0,0.0,0.0,999.9,999.9,999.9,18,8.9,4.9
16585596,0723,77.1,80.4,80.1,46.5,47.5,47.4,872.4,902.0,888.2,10.0,14.5,14.7,10.4,7.6,7.6,11.1,17.8,18.5,90.0,95.9,96.5,59.0,66.0,66.0,0.01,0.0,0.0,999.9,999.9,999.9,18,8.9,4.9
16585596,0723,85.4,80.4,80.0,57.6,47.4,47.7,869.0,901.3,888.3,10.0,14.5,14.3,3.7,7.6,7.7,34.0,17.8,18.1,87.1,95.9,96.1,70.0,66.0,65.7,0.01,0.0,0.0,999.9,999.9,999.9,18,9.0,5.5
16585596,0723,88.1,80.4,80.1,55.6,47.5,48.5,869.5,901.3,888.2,9.9,14.5,13.9,6.3,7.6,7.6,12.0,17.9,18.8,93.0,95.9,96.0,66.2,66.0,65.7,0.01,0.0,0.0,999.9,999.9,999.9,0,9.1,6.1
16585596,0723,76.8,80.5,80.2,57.6,47.6,49.3,999.9,901.3,888.2,10.0,14.5,13.9,9.6,7.6,7.6,15.9,17.9,18.1,102.9,95.8,96.2,66.9,66.0,66.0,0.11,0.0,0.0,999.9,999.9,999.9,18,9.0,6.1
16585596,0723,80.9,80.5,80.1,49.3,47.6,49.6,871.4,902.0,892.5,9.9,14.5,13.9,6.2,7.6,7.6,15.0,17.9,18.0,104.0,95.9,96.2,54.0,66.0,65.8,0.15,0.0,0.0,999.9,999.9,999.9,18,9.0,6.7
16585596,0723,76.7,80.4,80.1,40.5,47.7,49.4,873.1,901.2,888.3,10.0,14.5,13.9,3.7,7.6,7.6,34.0,17.9,18.0,90.0,95.9,96.2,73.9,65.9,65.2,0.0,0.0,0.0,999.9,999.9,999.9,18,9.0,7.3
16585596,0723,83.0,80.4,80.3,36.2,47.7,48.8,868.1,900.5,888.3,10.0,14.5,13.5,9.6,7.6,7.4,13.0,18.0,18.8,91.9,95.8,95.8,70.0,65.9,65.9,0.0,0.0,0.0,999.9,999.9,999.9,0,9.0,7.9
16585596,0723,89.2,80.4,80.4,49.3,47.6,48.1,869.5,900.5,888.1,10.0,14.4,13.5,6.6,7.6,7.4,11.1,18.0,18.2,90.0,95.8,95.9,57.0,66.0,66.2,0.0,0.0,0.0,999.9,999.9,999.9,0,9.0,7.9
16585596,0723,69.7,80.5,80.5,49.3,47.7,48.2,873.0,900.5,888.1,10.0,14.4,13.1,5.3,7.6,7.4,24.1,18.0,18.0,93.0,95.8,95.7,75.0,65.9,65.9,0.0,0.0,0.0,999.9,999.9,999.9,18,9.0,7.3
16585596,0723,79.9,80.4,80.0,46.5,47.7,48.4,869.0,900.5,888.2,9.9,14.4,13.1,9.5,7.6,7.3,19.0,18.0,18.4,98.1,95.8,95.4,71.1,66.0,66.2,0.11,0.0,0.0,999.9,999.9,999.9,0,9.0,7.9
16585596,0723,88.8,80.4,80.0,40.5,47.6,48.9,999.9,900.5,888.2,30.7,14.4,13.1,5.1,7.6,7.3,8.9,18.1,18.8,90.0,95.8,95.6,64.9,66.0,66.2,0.0,0.0,0.0,999.9,999.9,999.9,0,9.0,7.9
16585596,0723,77.5,80.4,80.0,44.6,47.6,48.7,873.0,900.5,888.2,39.8,14.6,13.8,5.6,7.6,7.1,13.0,18.1,18.2,99.0,95.8,95.6,73.9,66.0,65.9,0.01,0.0,0.0,999.9,999.9,999.9,18,8.9,7.9
16585596,0723,69.7,80.4,79.7,45.2,47.6,48.7,872.4,900.6,888.4,9.9,14.7,14.8,9.8,7.6,7.2,19.0,18.1,18.2,93.9,95.9,95.7,62.1,66.1,66.0,0.0,0.0,0.0,999.9,999.9,999.9,0,8.9,8.5
16585596,0723,76.4,80.4,79.9,49.3,47.6,48.3,869.5,900.5,888.5,14.9,14.6,14.8,5.3,7.6,7.4,15.0,18.1,18.5,79.0,95.9,95.8,62.2,66.0,65.6,0.14,0.0,0.0,999.9,999.9,999.9,18,8.8,7.9
16585596,0723,74.2,80.4,79.8,57.5,47.6,48.1,999.9,899.8,888.4,9.9,14.5,14.9,4.9,7.6,7.2,10.1,18.1,18.1,95.0,95.8,95.4,73.9,66.0,65.4,0.02,0.0,0.0,999.9,999.9,999.9,0,8.8,8.5
16585596,0723,82.8,80.3,79.6,41.6,47.7,48.2,870.0,899.8,892.6,9.7,14.4,14.9,6.2,7.6,7.0,31.1,18.0,17.8,102.0,95.8,95.1,73.9,66.1,65.8,0.0,0.0,0.0,999.9,999.9,999.9,0,8.8,8.5
16585596,0723,77.1,80.3,79.8,36.2,47.6,48.0,869.5,899.8,892.5,41.0,14.4,14.9,6.2,7.6,7.0,18.1,18.1,18.0,98.1,95.8,95.2,66.2,66.1,66.4,0.0,0.0,0.0,999.9,999.9,999.9,0,8.8,8.5
16585596,0723,79.3,80.4,79.7,45.2,47.5,47.7,866.4,899.1,892.5,9.9,14.6,15.3,6.9,7.5,7.0,15.9,18.0,17.9,102.0,95.8,95.3,66.9,66.0,66.0,0.0,0.0,0.0,999.9,999.9,999.9,0,8.7,7.9
16585596,0723,79.9,80.3,79.5,34.9,47.4,47.3,869.5,898.3,892.4,9.8,14.6,15.3,11.6,7.5,7.2,13.0,17.9,18.0,89.1,95.9,95.3,64.9,66.0,66.2,0.0,0.0,0.0,999.9,999.9,999.9,0,8.7,7.3
16585596,0723,85.2,80.3,79.6,47.2,47.3,46.5,866.4,898.4,892.4,10.0,14.6,15.3,10.1,7.5,7.2,15.9,17.9,18.1,95.0,95.8,95.1,68.0,66.0,66.2,0.0,0.0,0.0,999.9,999.9,999.9,18,8.4,7.3
16585596,0723,78.3,80.4,79.7,58.4,47.3,46.8,872.4,898.3,887.9,10.0,14.4,15.3,6.5,7.5,7.4,17.1,17.9,18.0,102.0,95.8,94.8,57.9,66.0,66.5,0.11,0.0,0.0,999.9,999.9,999.9,0,8.4,7.9
16585596,0723,88.8,80.3,79.6,33.1,47.3,47.5,873.0,898.3,887.9,39.8,14.2,14.9,9.6,7.5,7.3,18.1,18.0,18.3,88.7,95.8,95.1,63.0,65.9,66.3,0.0,0.0,0.0,999.9,999.9,999.9,2,8.3,7.3
16585596,0723,83.0,80.4,79.9,41.4,47.2,47.2,869.7,897.6,888.0,10.0,14.2,15.9,6.3,7.5,7.3,17.1,17.9,18.1,91.9,95.7,94.7,71.1,65.9,66.6,0.02,0.0,0.0,999.9,999.9,999.9,0,8.2,7.3
16585596,0723,80.7,80.4,79.9,54.1,47.2,46.7,869.6,897.6,888.0,9.8,14.2,15.2,6.4,7.5,7.2,13.0,17.9,18.1,93.9,95.6,94.3,68.0,65.9,67.0,0.0,0.0,0.0,999.9,999.9,999.9,0,8.2,7.3
16585596,0723,78.4,80.4,80.0,57.5,47.2,47.1,875.8,896.9,887.9,30.7,14.1,15.2,5.6,7.5,7.2,22.0,17.8,18.0,104.0,95.6,94.5,71.1,66.0,66.8,0.0,0.0,0.0,999.9,999.9,999.9,0,8.2,7.3
16585596,0723,82.7,80.4,79.9,34.9,47.2,47.5,870.5,896.2,888.0,10.0,14.2,15.5,9.6,7.5,7.2,14.0,17.9,18.0,87.1,95.6,95.0,66.0,66.0,67.0,0.11,0.0,0.0,999.9,999.9,999.9,2,8.1,7.2
16585596,0723,85.2,80.4,80.0,55.6,47.1,46.8,999.9,896.2,887.9,22.2,14.2,14.5,6.2,7.5,7.3,24.1,17.8,17.7,87.1,95.6,94.7,62.1,66.0,67.1,0.03,0.0,0.0,999.9,999.9,999.9,0,8.0,6.7
16585596,0723,88.8,80.4,80.6,54.6,47.2,46.7,999.9,896.9,892.1,10.0,14.3,14.9,10.1,7.5,7.3,19.0,17.9,18.1,98.1,95.5,94.6,62.1,65.9,66.8,0.14,0.0,0.0,999.9,999.9,999.9,0,8.0,6.7
16585596,0723,69.7,80.5,80.9,57.5,47.2,47.0,999.9,897.6,896.4,9.9,14.3,14.9,8.8,7.5,7.3,11.1,17.9,17.9,95.0,95.5,94.5,68.0,65.9,66.6,0.0,0.0,0.0,999.9,999.9,999.9,18,7.9,6.1
16585596,0723,79.9,80.4,80.5,45.0,47.2,47.4,873.6,898.3,900.7,10.0,14.3,14.9,10.1,7.6,7.4,15.9,17.8,17.5,93.0,95.6,94.4,63.0,65.9,66.5,0.0,0.0,0.0,999.9,999.9,999.9,0,7.9,6.7
16585596,0723,69.7,80.4,80.4,33.1,47.3,47.4,870.0,898.3,896.5,10.0,14.3,14.9,6.3,7.6,7.4,26.0,17.8,17.4,90.0,95.5,94.1,71.1,65.9,66.4,0.01,0.0,0.0,999.9,999.9,999.9,0,7.8,6.1
16585596,0723,80.9,80.3,80.2,39.9,47.1,47.0,999.9,897.6,896.4,9.7,14.1,14.9,6.9,7.6,7.3,17.1,17.8,17.9,102.9,95.5,94.1,71.1,65.9,66.8,0.0,0.0,0.0,999.9,999.9,999.9,48,7.7,5.5
16585596,0723,81.1,80.3,80.0,49.2,47.0,46.4,999.9,898.3,900.8,20.3,14.1,14.9,10.4,7.5,7.4,12.0,17.8,17.3,98.1,95.5,94.7,61.0,65.9,66.8,0.0,0.0,0.0,999.9,999.9,999.9,18,8.0,6.5
16585596,0723,76.7,80.4,79.8,54.1,47.1,46.2,872.4,899.0,905.2,10.0,14.2,15.3,6.2,7.6,7.5,18.1,17.8,17.3,95.0,95.6,94.8,72.0,65.9,66.7,0.0,0.0,0.0,999.9,999.9,999.9,0,8.1,7.1
16585596,0723,79.9,80.3,79.8,45.2,47.1,46.1,999.9,899.0,900.9,10.0,14.2,15.3,6.9,7.6,7.4,10.1,17.7,17.4,102.0,95.6,94.6,57.9,65.9,66.8,0.0,0.0,0.0,999.9,999.9,999.9,0,8.0,6.5
16585596,0723,62.0,80.4,79.8,45.2,47.1,45.9,873.1,899.0,905.2,9.7,14.0,15.3,10.2,7.6,7.4,10.1,17.7,17.2,99.0,95.6,94.5,71.1,65.9,67.0,0.0,0.0,0.0,999.9,999.9,999.9,0,8.0,5.9
16585596,0723,87.8,80.2,79.3,52.0,47.2,46.1,872.7,899.0,905.2,14.9,14.0,15.3,8.8,7.6,7.6,15.9,17.6,16.4,104.0,95.6,94.8,73.9,65.9,66.9,0.15,0.0,0.0,999.9,999.9,999.9,18,7.9,5.3
16585596,0723,79.3,80.3,79.4,40.5,47.2,46.6,873.1,899.0,905.3,39.8,14.0,15.4,6.5,7.5,7.6,24.3,17.7,16.5,102.9,95.6,95.2,61.0,65.9,67.0,0.03,0.0,0.0,999.9,999.9,999.9,0,7.9,5.9
16585596,0723,85.2,80.3,79.1,47.1,47.2,46.3,870.0,898.3,905.5,10.0,14.2,16.4,5.1,7.5,7.6,11.1,17.7,16.9,95.0,95.6,95.6,66.0,65.9,67.1,0.0,0.0,0.0,999.9,999.9,999.9,0,7.8,5.9
16585596,0723,74.2,80.3,79.6,39.9,47.1,46.2,869.0,898.3,905.4,10.0,14.2,16.4,10.2,7.5,7.6,24.1,17.7,16.5,102.0,95.7,95.7,57.0,65.9,66.8,0.0,0.0,0.0,999.9,999.9,999.9,0,7.7,5.3
16585596,0723,79.9,80.2,79.4,37.5,47.2,46.0,869.0,898.3,905.4,9.9,14.1,16.4,8.8,7.5,7.6,18.1,17.8,16.7,93.9,95.8,95.8,71.1,65.8,66.4,0.0,0.0,0.0,999.9,999.9,999.9,18,7.7,5.3
16585596,0723,76.4,80.2,79.1,41.4,47.0,45.9,869.5,897.6,901.0,30.7,14.1,15.7,4.9,7.6,7.7,11.1,17.8,17.0,95.0,95.8,96.0,71.1,65.8,66.6,0.0,0.0,0.0,999.9,999.9,999.9,0,7.8,5.9
16585596,0723,82.8,80.1,79.1,55.9,47.0,45.8,870.4,897.6,900.9,9.8,14.3,15.4,5.6,7.5,7.7,15.0,17.8,16.9,102.9,95.8,95.8,68.0,65.8,66.5,0.0,0.0,0.0,999.9,999.9,999.9,0,7.5,5.3
16585596,0723,77.1,80.1,79.5,47.1,47.0,46.2,873.6,896.9,900.8,22.2,14.3,15.4,3.7,7.5,7.6,17.1,17.7,16.8,93.0,95.8,96.1,66.0,65.8,66.7,0.0,0.0,0.0,999.9,999.9,999.9,0,7.5,5.3
16585596,0723,82.3,80.2,79.6,41.2,47.0,46.1,866.4,896.9,901.0,10.0,14.3,15.7,5.1,7.5,7.5,12.0,17.7,16.9,90.0,95.8,96.6,66.2,65.9,66.8,0.0,0.0,0.0,999.9,999.9,999.9,0,7.4,4.7
16585596,0723,86.6,80.1,79.8,46.5,47.1,45.6,872.4,896.9,896.5,10.0,14.3,15.7,9.5,7.4,7.5,18.1,17.7,16.9,102.9,95.8,96.4,61.0,65.9,66.6,0.0,0.0,0.0,999.9,999.9,999.9,0,7.3,4.7
16585596,0723,77.1,80.1,80.0,39.9,47.0,45.7,873.0,896.9,896.6,10.0,14.3,15.7,6.9,7.4,7.6,18.1,17.6,16.5,87.1,95.9,96.5,72.0,65.9,66.1,0.14,0.0,0.0,999.9,999.9,999.9,0,7.2,4.7
16585596,0723,89.2,80.2,80.0,49.3,46.9,45.8,999.9,896.9,896.7,13.5,14.3,14.6,5.6,7.4,7.7,10.1,17.6,16.5,91.9,95.8,96.1,59.0,65.9,66.3,0.0,0.0,0.0,999.9,999.9,999.9,18,7.1,4.7
16585596,0723,88.1,80.2,80.3,36.2,47.0,46.0,869.5,896.9,901.1,9.9,14.3,14.8,5.1,7.4,7.6,15.0,17.5,16.3,99.0,95.8,95.8,66.9,65.8,66.1,0.0,0.0,0.0,999.9,999.9,999.9,48,7.2,5.3
16585596,0723,82.7,80.3,80.6,34.9,46.8,46.0,872.4,896.9,901.1,10.0,14.3,14.8,9.3,7.4,7.4,18.1,17.5,16.4,93.0,95.9,96.1,66.9,65.8,66.1,0.0,0.0,0.0,999.9,999.9,999.9,0,7.4,6.9
16585596,0723,62.0,80.3,80.5,39.9,46.8,45.6,999.9,896.9,901.3,10.0,14.3,14.8,9.8,7.4,7.4,26.0,17.5,16.4,93.9,95.8,96.0,59.0,65.9,66.1,0.0,0.0,0.0,999.9,999.9,999.9,0,7.4,6.3
16585596,0723,86.6,80.1,79.9,45.2,46.7,45.0,872.4,896.9,905.6,10.0,14.2,14.8,6.6,7.4,7.5,26.0,17.6,16.7,102.0,95.8,95.7,75.9,65.8,66.1,0.0,0.0,0.0,999.9,999.9,999.9,0,7.1,6.3
16585596,0723,85.2,80.2,79.9,58.4,46.7,45.4,873.0,896.9,905.6,41.0,14.2,13.8,8.7,7.4,7.4,13.0,17.6,17.0,102.9,95.9,96.2,62.2,65.9,66.6,0.02,0.0,0.0,999.9,999.9,999.9,0,7.1,6.3
16585596,0723,82.7,80.2,79.9,58.4,46.8,46.0,873.5,896.9,905.7,22.3,14.4,14.8,5.6,7.4,7.5,13.0,17.6,16.9,93.9,96.0,96.6,66.0,65.9,66.3,0.0,0.0,0.0,999.9,999.9,999.9,0,7.1,6.3
16585596,0723,81.8,80.2,80.0,47.2,46.9,46.1,871.4,896.9,905.8,9.9,14.5,15.2,5.6,7.4,7.4,11.1,17.6,16.9,98.1,96.0,96.6,66.9,65.9,66.2,0.33,0.0,0.0,999.9,999.9,999.9,18,7.0,6.3
16585596,0723,74.2,80.2,80.1,44.6,46.9,45.8,869.0,896.9,905.7,13.5,14.5,14.5,4.7,7.4,7.4,10.1,17.6,16.5,100.0,96.0,96.4,66.9,65.9,66.1,0.0,0.0,0.0,999.9,999.9,999.9,18,7.1,6.9
16585596,0723,80.9,80.2,79.8,40.5,47.0,46.1,999.9,896.9,905.6,9.7,14.5,14.6,9.9,7.4,7.3,19.0,17.5,16.4,98.1,96.0,96.8,68.0,66.0,66.1,0.0,0.0,0.0,999.9,999.9,999.9,18,7.2,7.4
16585596,0723,79.9,80.2,79.7,47.1,46.9,45.6,999.9,897.7,905.6,30.7,14.5,14.2,8.2,7.4,7.4,12.0,17.5,16.2,104.0,96.0,97.2,61.0,66.0,66.3,0.0,0.0,0.0,999.9,999.9,999.9,0,7.3,8.0
16585596,0723,77.1,80.1,79.4,47.1,46.9,45.3,999.9,898.4,905.6,9.9,14.6,14.9,6.9,7.4,7.3,20.0,17.5,16.0,89.1,96.0,97.4,64.9,66.0,66.2,0.15,0.0,0.0,999.9,999.9,999.9,0,7.2,8.0
16585596,0723,77.1,80.1,79.6,54.6,46.9,45.0,873.6,899.1,905.6,10.0,14.6,14.9,8.2,7.4,7.3,10.1,17.4,16.3,102.0,95.9,97.2,71.1,65.9,66.1,0.0,0.0,0.0,999.9,999.9,999.9,0,7.1,7.4
16585596,0723,69.7,80.1,79.5,48.9,46.9,45.3,872.4,899.1,905.6,10.0,14.6,14.9,4.7,7.4,7.2,12.0,17.4,16.1,102.0,96.0,97.5,57.9,66.0,66.4,0.0,0.0,0.0,999.9,999.9,999.9,0,7.1,7.4
16585596,0723,76.7,80.1,79.5,40.5,46.9,45.8,872.7,899.1,905.7,10.0,14.6,14.9,9.3,7.4,7.2,18.1,17.4,15.6,104.0,96.0,97.9,71.1,66.0,66.0,0.0,0.0,0.0,999.9,999.9,999.9,18,7.1,7.4
16585596,0723,79.9,80.1,79.4,41.4,46.9,45.8,873.0,899.1,901.5,10.0,14.5,14.9,7.8,7.4,7.2,13.0,17.4,15.6,102.0,96.1,97.9,66.0,66.0,66.0,0.0,0.0,0.0,999.9,999.9,999.9,0,7.2,6.4
16585596,0723,80.3,80.0,79.4,54.6,46.8,45.6,870.5,898.4,897.2,22.2,14.5,14.6,8.2,7.4,7.1,24.1,17.4,15.7,102.0,96.1,98.0,66.0,66.0,66.1,0.0,0.0,0.0,999.9,999.9,999.9,18,7.2,5.8
16585596,0723,82.8,80.0,79.5,45.2,46.8,45.6,999.9,898.4,897.2,10.0,14.6,15.0,9.5,7.5,7.2,15.9,17.4,15.9,102.9,96.2,98.3,62.1,66.1,65.9,0.0,0.0,0.0,999.9,999.9,999.9,0,7.3,6.4
16585596,0723,88.8,80.1,79.6,54.1,46.8,45.6,871.4,899.1,897.2,10.0,14.4,15.0,6.3,7.5,7.3,17.1,17.5,16.1,102.0,96.2,98.3,54.0,66.1,66.1,0.0,0.0,0.0,999.9,999.9,999.9,0,7.3,6.4
16585596,0723,80.7,80.1,80.5,54.6,46.8,45.9,871.4,898.4,897.1,9.8,14.4,15.0,5.6,7.5,7.2,15.9,17.5,16.3,104.0,96.2,98.4,71.1,66.1,65.5,0.0,0.0,0.0,999.9,999.9,999.9,2,7.2,6.4
16585596,0723,88.1,80.1,80.2,47.1,46.9,46.0,868.1,897.7,897.1,10.0,14.4,14.8,6.2,7.5,7.1,26.0,17.5,16.3,93.9,96.3,98.4,66.0,66.2,65.4,0.0,0.0,0.0,999.9,999.9,999.9,18,7.2,5.9
16585596,0723,62.0,80.2,80.5,45.2,46.9,46.2,873.6,897.7,896.9,39.8,14.3,13.8,6.5,7.5,7.1,26.0,17.4,16.3,102.0,96.3,98.1,62.1,66.1,65.6,0.02,0.0,0.0,999.9,999.9,999.9,18,7.3,6.5
16585596,0723,86.6,80.0,79.8,54.5,46.9,46.1,872.9,897.0,897.0,10.0,14.4,14.8,5.3,7.4,7.1,12.0,17.5,16.8,102.9,96.3,98.3,59.0,66.1,65.4,0.0,0.0,0.0,999.9,999.9,999.9,18,7.3,7.1
16585596,0723,86.6,80.0,80.2,54.5,46.9,46.6,869.0,897.0,897.1,9.9,14.4,14.8,11.6,7.4,6.9,12.0,17.4,16.4,104.0,96.3,98.3,62.1,66.0,65.5,0.01,0.0,0.0,999.9,999.9,999.9,0,7.4,7.7
16585596,0723,79.9,80.0,80.4,47.1,47.0,47.2,873.1,896.3,897.2,9.9,14.4,14.8,8.1,7.5,7.0,14.0,17.4,16.2,102.9,96.3,98.7,64.9,66.0,65.2,0.11,0.0,0.0,999.9,999.9,999.9,0,7.3,7.1
16585596,0723,82.7,80.0,80.5,47.1,47.1,47.4,872.4,896.3,897.3,22.3,14.4,14.1,8.8,7.5,7.1,18.1,17.4,16.3,102.9,96.4,98.9,66.0,66.0,65.0,0.11,0.0,0.0,999.9,999.9,999.9,18,7.3,7.1
16585596,0723,82.7,79.9,80.5,55.6,47.1,47.1,869.6,895.6,897.3,10.0,14.4,14.6,5.6,7.5,7.2,13.0,17.4,16.4,93.9,96.4,98.9,72.0,66.1,64.9,0.0,0.0,0.0,999.9,999.9,999.9,0,7.4,7.7
16585596,0723,76.7,79.9,80.7,33.1,47.1,47.4,871.0,895.6,897.2,10.0,14.4,14.1,6.6,7.5,7.3,18.1,17.3,16.3,93.9,96.4,99.0,75.0,66.1,65.1,0.0,0.0,0.0,999.9,999.9,999.9,0,7.3,7.7
16585596,0723,81.1,79.9,80.5,45.2,47.1,47.1,866.4,894.9,897.4,10.0,14.4,14.1,9.3,7.4,7.4,11.1,17.3,16.5,93.0,96.4,99.1,71.1,66.2,65.4,0.0,0.0,0.0,999.9,999.9,999.9,0,7.3,7.7
16585596,0723,79.9,79.9,80.3,41.6,47.1,47.1,873.1,894.8,897.2,10.0,14.4,14.1,5.6,7.4,7.4,13.0,17.3,16.3,90.0,96.4,98.8,57.9,66.3,65.8,0.0,0.0,0.0,999.9,999.9,999.9,0,7.2,7.7
16585596,0723,86.6,79.9,80.4,55.6,47.1,47.1,869.5,894.8,897.2,9.9,14.3,14.1,7.8,7.4,7.3,11.1,17.3,16.1,102.9,96.4,98.9,59.0,66.2,65.3,0.01,0.0,0.0,999.9,999.9,999.9,0,7.1,7.7
16585596,0723,79.3,79.9,80.3,57.6,47.2,47.3,872.4,894.8,892.8,10.0,14.3,14.0,9.9,7.4,7.4,13.0,17.3,16.1,90.0,96.4,99.2,73.9,66.2,65.3,0.17,0.0,0.0,999.9,999.9,999.9,0,7.1,7.1
16585596,0723,86.6,79.9,80.0,45.2,47.2,48.0,866.4,894.8,892.9,22.3,14.3,14.0,9.9,7.4,7.5,14.0,17.3,16.1,102.9,96.3,98.9,71.1,66.3,65.5,0.0,0.0,0.0,999.9,999.9,999.9,0,7.0,5.5
16585596,0723,85.2,79.9,80.2,57.2,47.2,48.4,873.5,894.1,892.7,10.0,14.4,14.4,8.8,7.5,7.6,14.0,17.3,15.9,91.9,96.4,99.3,66.9,66.3,65.7,0.02,0.0,0.0,999.9,999.9,999.9,0,7.0,5.5
16585596,0723,79.3,79.9,80.9,37.5,47.3,49.0,999.9,894.1,888.5,9.9,14.4,14.4,10.2,7.5,7.5,24.1,17.3,15.5,88.7,96.3,99.2,66.0,66.3,65.9,0.0,0.0,0.0,999.9,999.9,999.9,0,6.9,5.5
16585596,0723,80.9,79.9,80.7,55.6,47.3,48.7,869.5,894.8,892.7,10.0,14.4,14.4,3.7,7.5,7.6,15.0,17.3,15.5,102.9,96.3,98.8,54.0,66.4,65.6,0.0,0.0,0.0,999.9,999.9,999.9,18,6.9,5.5
16585596,0723,89.2,79.9,80.6,54.1,47.4,48.6,873.5,894.8,892.6,30.7,14.2,13.4,6.9,7.5,7.5,34.0,17.3,15.5,93.9,96.3,98.8,66.9,66.3,65.3,0.0,0.0,0.0,999.9,999.9,999.9,18,6.9,6.1
16585596,0723,79.9,80.0,80.8,58.4,47.4,48.5,999.9,894.1,892.6,13.5,14.3,13.7,9.9,7.4,7.5,12.0,17.4,16.2,99.0,96.3,98.8,62.1,66.3,65.4,0.0,0.0,0.0,999.9,999.9,999.9,18,6.9,6.7
16585596,0723,87.8,80.0,80.7,50.9,47.4,48.8,869.5,894.8,896.9,9.9,14.3,13.8,10.1,7.5,7.7,15.9,17.4,16.3,88.7,96.3,98.8,68.0,66.3,65.2,0.0,0.0,0.0,999.9,999.9,999.9,18,7.0,6.7
16585596,0723,80.7,80.1,81.2,37.5,47.5,49.1,872.7,894.0,896.9,10.0,14.1,13.7,6.4,7.5,7.8,15.9,17.4,16.5,89.1,96.3,98.4,73.9,66.3,65.2,0.0,0.0,0.0,999.9,999.9,999.9,18,7.1,6.7
16585596,0723,82.3,80.1,81.2,52.0,47.5,49.0,875.8,893.3,892.7,22.2,14.1,13.7,6.9,7.5,7.7,11.1,17.3,16.4,95.0,96.2,98.1,66.2,66.4,65.4,0.11,0.0,0.0,999.9,999.9,999.9,18,7.2,6.7
16585596,0723,79.9,80.2,81.2,48.9,47.5,49.1,871.4,892.6,888.6,10.0,14.2,13.4,8.7,7.5,7.7,24.1,17.3,16.3,90.0,96.2,97.8,73.9,66.4,65.6,0.0,0.0,0.0,999.9,999.9,999.9,0,7.3,7.3
16585596,0723,86.6,80.2,81.3,41.2,47.5,49.2,869.7,892.6,884.3,9.9,14.2,13.4,9.3,7.5,7.7,14.0,17.3,16.5,99.0,96.1,97.8,75.0,66.5,65.9,0.0,0.0,0.0,999.9,999.9,999.9,18,7.3,7.3
16585596,0723,79.9,80.3,81.7,54.1,47.4,48.7,869.7,892.6,884.1,9.8,14.2,13.4,5.1,7.5,7.8,15.0,17.3,16.6,102.0,96.1,97.7,66.9,66.5,66.0,0.0,0.0,0.0,999.9,999.9,999.9,18,7.4,7.9
16585596,0723,76.4,80.3,82.0,45.0,47.5,48.9,875.8,892.6,884.1,10.0,14.2,13.4,6.3,7.5,7.8,15.0,17.3,16.7,89.1,96.1,97.7,71.1,66.6,66.3,0.0,0.0,0.0,999.9,999.9,999.9,0,7.5,8.5
16585596,0723,82.3,80.2,82.0,45.0,47.5,49.1,872.7,892.6,884.2,9.9,14.2,13.4,8.7,7.5,7.7,18.1,17.3,16.6,102.9,96.1,97.2,71.1,66.6,66.3,0.0,0.0,0.0,999.9,999.9,999.9,0,7.5,7.9
16585596,0723,77.1,80.3,82.1,44.1,47.5,49.2,868.1,892.6,884.1,22.3,14.2,13.4,10.2,7.4,7.7,15.9,17.4,16.8,88.7,96.1,97.3,70.0,66.6,66.5,0.0,0.0,0.0,999.9,999.9,999.9,18,7.5,7.9
16585596,0723,79.9,80.3,82.0,33.1,47.4,48.8,866.4,892.6,884.1,9.9,14.2,13.4,9.3,7.5,7.8,19.0,17.4,16.5,104.0,96.0,96.8,66.0,66.6,66.6,0.14,0.0,0.0,999.9,999.9,999.9,0,7.5,7.9
16585596,0723,86.6,80.3,81.9,36.2,47.4,48.4,872.4,892.6,879.6,22.2,14.2,13.4,6.3,7.5,7.8,14.0,17.4,16.6,102.9,96.1,96.9,66.9,66.5,66.8,0.01,0.0,0.0,999.9,999.9,999.9,18,7.4,7.9
16585596,0723,80.3,80.3,81.8,45.2,47.3,47.8,873.1,892.6,879.6,41.0,14.3,13.8,5.1,7.5,7.8,11.1,17.4,16.5,102.0,96.2,96.9,62.1,66.5,67.2,0.0,0.0,0.0,999.9,999.9,999.9,18,7.4,8.5
16585596,0723,81.1,80.3,81.8,46.5,47.3,47.5,872.7,891.9,879.7,10.0,14.4,14.8,10.6,7.4,7.8,20.0,17.2,16.3,95.0,96.2,96.8,57.9,66.5,66.9,0.01,0.0,0.0,999.9,999.9,999.9,18,7.5,9.0
16585596,0723,89.6,80.3,81.5,50.2,47.3,47.5,873.6,891.9,879.9,10.0,14.4,14.8,9.9,7.5,7.9,18.1,17.3,16.1,93.0,96.2,96.9,73.0,66.5,66.6,0.03,0.0,0.0,999.9,999.9,999.9,0,7.5,9.0
16585596,0723,74.2,80.4,82.5,40.5,47.3,47.7,999.9,891.9,879.9,10.0,14.3,13.8,10.6,7.5,8.0,8.9,17.3,15.9,79.0,96.2,96.6,70.0,66.5,67.0,0.0,0.0,0.0,999.9,999.9,999.9,18,7.2,8.4
16585596,0723,79.9,80.4,82.0,44.6,47.3,47.2,875.8,892.6,884.1,10.0,14.3,13.8,6.5,7.5,8.2,15.9,17.3,15.8,88.7,96.1,95.8,66.0,66.6,67.4,0.0,0.0,0.0,999.9,999.9,999.9,0,7.3,8.4
16585596,0723,77.5,80.3,81.8,50.2,47.2,46.9,868.1,892.7,884.3,9.9,14.3,13.9,6.4,7.5,8.0,15.0,17.3,15.9,102.0,96.0,95.3,66.2,66.5,67.5,0.0,0.0,0.0,999.9,999.9,999.9,18,7.1,8.4
16585596,0723,77.1,80.3,81.7,34.9,47.3,47.0,873.5,892.6,884.1,10.0,14.3,13.9,7.8,7.5,8.0,8.9,17.2,15.9,102.9,96.2,95.2,66.9,66.5,67.5,0.0,0.0,0.0,999.9,999.9,999.9,18,7.2,9.0
16585596,0723,76.4,80.3,81.6,55.9,47.2,46.6,873.1,892.7,884.2,10.0,14.3,13.4,5.6,7.5,7.9,13.0,17.2,15.6,89.1,96.2,95.2,71.1,66.5,67.6,0.0,0.0,0.0,999.9,999.9,999.9,0,7.2,9.0
16585596,0723,81.1,80.3,81.3,45.2,47.2,46.6,869.6,891.9,884.3,10.0,14.3,13.4,9.6,7.5,7.9,31.1,17.1,15.6,99.0,96.1,95.1,66.0,66.6,67.5,0.0,0.0,0.0,999.9,999.9,999.9,0,7.2,9.0
16585596,0723,82.3,80.2,81.5,44.6,47.2,47.0,873.5,891.9,884.3,10.0,14.3,13.4,8.8,7.5,8.0,15.9,17.2,16.0,93.0,96.2,95.2,75.9,66.6,67.2,0.0,0.0,0.0,999.9,999.9,999.9,18,7.1,9.0
16585596,0723,80.3,80.2,81.5,45.2,47.2,47.0,871.5,891.9,884.5,10.0,14.2,13.4,9.5,7.5,8.0,22.0,17.2,16.2,95.0,96.1,95.2,71.1,66.6,67.4,0.02,0.0,0.0,999.9,999.9,999.9,0,7.2,9.6
16585596,0723,81.1,80.2,81.5,48.9,47.2,47.1,871.4,891.9,884.4,10.0,14.2,13.4,10.6,7.5,8.2,22.0,17.3,16.5,93.9,96.1,95.4,71.1,66.6,67.8,0.0,0.0,0.0,999.9,999.9,999.9,0,7.1,9.6
16585596,0723,89.2,80.1,81.4,55.9,47.2,46.9,869.7,891.9,884.5,9.9,14.2,13.4,5.1,7.5,8.3,26.0,17.3,16.9,104.0,96.1,95.1,71.1,66.6,68.2,0.14,0.0,0.0,999.9,999.9,999.9,0,7.0,9.6
16585596,0723,78.3,80.2,81.7,58.4,47.2,46.8,999.9,891.9,884.4,9.9,14.2,13.4,8.2,7.5,8.1,15.9,17.4,17.3,87.1,96.1,95.6,71.1,66.6,68.1,0.0,0.0,0.0,999.9,999.9,999.9,0,7.0,9.6
16585596,0723,80.9,80.2,81.4,55.6,47.2,47.2,869.5,891.9,888.9,41.0,14.2,13.0,10.2,7.5,8.0,17.1,17.4,17.4,89.1,96.1,95.0,62.1,66.7,68.1,0.0,0.0,0.0,999.9,999.9,999.9,0,6.9,9.6
16585596,0723,88.8,80.2,81.3,57.6,47.2,47.2,999.9,891.9,888.7,9.9,14.4,14.1,6.5,7.5,8.1,31.1,17.4,17.5,102.9,96.0,95.0,62.1,66.6,68.0,0.14,0.0,0.0,999.9,999.9,999.9,0,6.9,9.6
16585596,0723,81.1,80.3,81.6,52.0,47.2,47.9,873.5,892.6,888.7,10.0,14.4,14.1,5.1,7.5,8.0,31.1,17.4,17.7,102.0,96.1,95.4,73.9,66.6,67.9,0.11,0.0,0.0,999.9,999.9,999.9,18,6.8,9.6
16585596,0723,78.3,80.3,81.6,44.1,47.3,47.7,871.4,892.6,888.9,9.9,14.4,14.1,6.6,7.5,8.0,20.0,17.5,18.2,102.9,96.2,95.4,57.0,66.7,68.5,0.33,0.0,0.0,999.9,999.9,999.9,0,6.9,9.6
16585596,0723,89.2,80.3,81.2,50.9,47.3,47.4,870.5,891.9,888.8,10.0,14.4,13.4,4.9,7.5,8.0,10.1,17.5,17.8,104.0,96.3,95.7,75.9,66.6,68.2,0.0,0.0,0.0,999.9,999.9,999.9,0,6.9,9.0
16585596,0723,85.2,80.3,81.5,54.1,47.3,47.1,869.6,891.9,884.5,10.0,14.4,13.3,10.2,7.5,7.8,13.0,17.5,17.7,102.0,96.3,95.9,62.1,66.6,68.6,0.15,0.0,0.0,999.9,999.9,999.9,18,6.8,8.4
16585596,0723,87.8,80.4,81.5,40.5,47.3,47.3,875.8,891.9,884.5,10.0,14.3,13.3,10.1,7.5,7.8,13.0,17.5,17.6,95.0,96.4,96.3,64.9,66.6,68.5,0.0,0.0,0.0,999.9,999.9,999.9,0,6.9,8.4
16585596,0723,85.2,80.4,81.7,54.1,47.2,47.4,869.5,891.9,884.6,9.8,14.2,13.3,5.6,7.5,8.0,15.0,17.4,17.5,93.9,96.4,96.5,64.9,66.6,68.2,0.0,0.0,0.0,999.9,999.9,999.9,18,6.8,7.8
16585596,0723,77.1,80.4,81.8,57.5,47.3,47.4,999.9,891.9,884.4,10.0,14.2,12.8,10.6,7.5,7.9,15.9,17.4,17.6,87.1,96.4,96.5,75.9,66.6,68.1,0.14,0.0,0.0,999.9,999.9,999.9,0,6.9,7.8
16585596,0723,80.7,80.4,81.7,55.9,47.3,47.7,873.6,892.6,888.7,22.3,14.2,12.8,10.1,7.5,8.0,10.1,17.4,17.4,102.9,96.3,96.4,62.1,66.6,68.2,0.0,0.0,0.0,999.9,999.9,999.9,0,6.9,7.8
16585596,0723,76.4,80.4,81.5,40.5,47.3,48.2,873.0,892.7,888.8,10.0,14.3,13.3,10.2,7.5,8.0,14.0,17.4,17.2,93.0,96.3,96.5,73.0,66.6,67.7,0.0,0.0,0.0,999.9,999.9,999.9,0,6.9,7.2
16585596,0723,82.8,80.3,81.4,49.3,47.2,47.7,873.6,892.7,888.9,10.0,14.3,13.3,6.4,7.5,8.2,12.0,17.3,17.2,102.9,96.3,96.2,70.0,66.6,67.9,0.0,0.0,0.0,999.9,999.9,999.9,0,6.9,6.6
16585596,0723,82.3,80.3,81.6,57.5,47.2,47.9,999.9,892.7,888.8,10.0,14.2,13.3,4.7,7.5,8.2,11.1,17.2,17.1,102.0,96.3,96.7,66.9,66.6,67.9,0.0,0.0,0.0,999.9,999.9,999.9,18,6.8,6.6
16585596,0723,62.0,80.3,81.6,57.2,47.3,48.3,869.6,892.7,893.1,41.0,14.2,13.3,10.1,7.5,8.0,19.0,17.1,16.9,104.0,96.4,96.6,71.1,66.6,67.8,0.0,0.0,0.0,999.9,999.9,999.9,2,6.9,7.2
16585596,0723,76.8,80.2,81.1,55.9,47.3,48.7,869.5,892.7,893.1,9.9,14.3,13.9,8.1,7.5,8.0,14.0,17.1,17.0,99.0,96.4,97.1,73.0,66.7,67.8,0.01,0.0,0.0,999.9,999.9,999.9,0,6.8,6.7
16585596,0723,76.7,80.3,81.0,47.1,47.4,49.5,872.9,892.6,893.2,30.7,14.3,13.9,6.3,7.5,8.0,34.0,17.1,16.8,93.0,96.4,97.0,73.9,66.7,68.0,0.11,0.0,0.0,999.9,999.9,999.9,0,6.8,6.7
16585596,0723,76.8,80.3,80.7,47.1,47.4,49.9,872.4,892.7,893.2,39.8,14.4,14.2,6.9,7.5,8.0,14.0,17.2,17.5,99.0,96.5,96.6,66.0,66.7,68.3,0.0,0.0,0.0,999.9,999.9,999.9,0,6.8,6.1
16585596,0723,80.3,80.3,80.5,47.1,47.5,49.9,873.5,892.7,893.2,10.0,14.6,14.1,5.3,7.5,8.1,17.1,17.2,17.6,93.0,96.4,96.5,72.0,66.7,68.4,0.0,0.0,0.0,999.9,999.9,999.9,2,6.7,5.5
16585596,0723,74.2,80.3,80.5,33.1,47.5,50.0,869.0,892.0,893.2,10.0,14.5,14.1,9.8,7.5,7.9,18.1,17.2,17.5,93.9,96.5,96.5,71.1,66.7,68.9,0.0,0.0,0.0,999.9,999.9,999.9,18,6.6,4.9
16585596,0723,88.8,80.2,80.0,50.9,47.4,49.4,999.9,892.0,893.1,10.0,14.5,14.1,4.7,7.5,7.9,12.0,17.2,17.5,95.0,96.5,96.5,71.1,66.7,68.8,0.0,0.0,0.0,999.9,999.9,999.9,18,6.7,5.5
16585596,0723,78.4,80.3,80.5,34.9,47.5,49.7,999.9,892.7,893.1,9.9,14.5,14.1,10.1,7.5,7.7,18.1,17.2,17.6,93.0,96.5,97.0,68.0,66.8,68.9,0.0,0.0,0.0,999.9,999.9,999.9,0,6.8,5.5
16585596,0723,82.3,80.3,80.4,41.6,47.4,49.4,999.9,893.4,897.2,9.7,14.5,14.1,4.7,7.5,7.8,11.1,17.1,17.7,100.0,96.4,97.2,71.1,66.8,68.9,0.11,0.0,0.0,999.9,999.9,999.9,18,6.7,5.5
16585596,0723,81.1,80.3,80.6,41.4,47.4,49.1,873.6,894.1,901.6,9.8,14.5,14.1,10.2,7.5,7.7,12.0,17.0,17.5,99.0,96.4,97.1,66.0,66.8,69.1,0.0,0.0,0.0,999.9,999.9,999.9,0,6.7,5.5
16585596,0723,77.5,80.3,80.7,48.9,47.4,49.3,873.1,894.1,901.6,22.3,14.5,14.1,10.2,7.5,7.8,8.9,17.0,17.6,102.0,96.5,97.0,70.0,66.8,69.0,0.0,0.0,0.0,999.9,999.9,999.9,18,6.6,4.9
16585596,0723,79.3,80.4,80.8,57.6,47.4,49.1,869.5,894.2,901.6,9.9,14.6,14.5,3.7,7.6,8.0,10.1,17.0,17.5,93.9,96.6,97.4,66.2,66.9,69.0,0.11,0.0,0.0,999.9,999.9,999.9,18,6.7,5.5
16585596,0723,74.2,80.4,80.7,34.9,47.4,49.5,871.0,894.1,901.6,9.9,14.6,14.5,8.2,7.5,7.8,13.0,16.9,16.8,95.0,96.5,97.3,72.0,66.9,69.0,0.0,0.0,0.0,999.9,999.9,999.9,18,6.8,6.1
16585596,0723,79.9,80.3,80.4,47.1,47.4,49.2,999.9,894.1,901.5,22.2,14.5,14.5,9.8,7.5,7.8,20.0,16.9,16.7,102.0,96.5,97.3,66.2,66.9,68.9,0.03,0.0,0.0,999.9,999.9,999.9,18,6.9,6.1
16585596,0723,80.3,80.4,80.4,57.5,47.4,49.3,872.9,894.8,905.8,9.8,14.5,14.9,6.5,7.6,7.8,18.1,16.9,16.6,102.0,96.5,97.5,73.9,66.9,68.7,0.15,0.0,0.0,999.9,999.9,999.9,0,7.0,6.7
16585596,0723,87.8,80.4,80.4,37.5,47.5,49.5,873.6,894.8,905.9,10.0,14.5,14.9,11.6,7.6,7.6,26.0,16.9,16.5,87.1,96.5,97.8,68.0,67.0,68.8,0.0,0.0,0.1,999.9,999.9,999.9,0,7.0,6.7
16585596,0723,87.8,80.4,80.4,46.5,47.4,48.9,873.6,894.9,906.0,9.9,14.5,14.9,8.1,7.6,7.9,18.1,17.0,16.5,93.9,96.5,97.3,66.2,66.9,68.7,0.0,0.0,0.0,999.9,999.9,999.9,0,6.9,6.7
16585596,0723,81.1,80.4,80.7,41.4,47.4,48.5,871.5,894.9,901.8,9.9,14.5,14.9,5.6,7.6,7.8,13.0,17.0,16.6,90.0,96.4,97.5,73.9,66.9,68.6,0.0,0.0,0.0,999.9,999.9,999.9,0,6.8,6.7
16585596,0723,81.1,80.5,80.7,46.5,47.4,48.1,866.4,894.9,901.9,10.0,14.5,13.9,6.2,7.6,7.7,11.1,17.0,16.4,93.9,96.4,97.5,71.1,66.9,68.9,0.11,0.0,0.0,999.9,999.9,999.9,0,6.8,6.7
16585596,0723,80.9,80.5,80.4,55.6,47.4,47.7,869.7,894.8,897.4,9.9,14.5,13.9,8.1,7.6,7.7,11.1,17.0,15.8,88.7,96.4,97.2,73.9,66.9,69.2,0.0,0.0,0.0,999.9,999.9,999.9,18,6.8,6.7
16585596,0723,80.7,80.5,80.4,55.9,47.4,47.8,872.4,894.8,897.3,14.9,14.4,13.9,10.4,7.6,7.8,11.1,16.9,15.1,93.0,96.3,96.8,62.1,67.0,69.2,0.17,0.0,0.0,999.9,999.9,999.9,0,6.9,6.7
16585596,0723,86.6,80.5,80.5,45.0,47.4,48.2,869.5,894.9,897.3,10.0,14.4,14.1,6.2,7.6,7.9,34.0,16.9,14.8,99.0,96.3,96.4,71.1,67.0,69.4,0.33,0.0,0.0,999.9,999.9,999.9,18,6.8,6.7
16585596,0723,81.1,80.6,80.4,54.1,47.4,48.0,869.5,894.1,897.3,10.0,14.3,14.1,4.9,7.6,8.0,15.9,17.0,15.6,102.9,96.3,96.3,59.0,67.1,69.3,0.0,0.0,0.0,999.9,999.9,999.9,0,6.9,7.3
16585596,0723,76.7,80.6,80.3,55.9,47.3,48.0,868.1,894.1,897.3,9.8,14.3,14.1,10.2,7.6,7.8,15.9,17.0,15.7,95.0,96.4,96.3,75.0,67.0,69.2,0.0,0.0,0.0,999.9,999.9,999.9,18,6.9,6.7
16585596,0723,78.3,80.5,79.9,57.6,47.4,48.5,872.4,893.4,897.0,10.0,14.3,14.0,6.9,7.6,7.8,15.0,17.0,15.8,99.0,96.4,96.3,75.9,67.1,69.5,0.0,0.0,0.0,999.9,999.9,999.9,16,6.9,7.3
16585596,0723,82.8,80.5,79.7,45.2,47.5,48.6,871.0,893.4,897.1,14.9,14.1,14.1,9.6,7.6,7.8,18.1,16.9,15.8,90.0,96.4,96.5,62.1,67.1,69.9,0.02,0.0,0.0,999.9,999.9,999.9,0,7.0,7.3
16585596,0723,79.9,80.5,79.9,54.1,47.5,48.2,999.9,893.4,892.8,22.3,14.2,14.2,4.7,7.6,7.8,34.0,17.0,15.9,93.9,96.5,96.6,73.9,67.1,69.4,0.0,0.0,0.0,999.9,999.9,999.9,0,6.9,7.3
16585596,0723,79.9,80.5,79.8,44.6,47.5,48.2,999.9,893.4,897.0,9.7,14.2,14.2,6.9,7.6,7.6,24.1,17.1,16.7,104.0,96.4,96.3,75.0,67.1,69.8,0.0,0.0,0.0,999.9,999.9,999.9,18,6.8,7.3
16585596,0723,89.2,80.5,79.9,50.2,47.6,48.3,873.0,894.1,901.3,10.0,14.2,14.2,6.2,7.6,7.5,14.0,17.1,17.0,93.0,96.4,96.6,73.9,67.1,69.9,0.02,0.0,0.0,999.9,999.9,999.9,0,6.9,7.9
16585596,0723,69.7,80.5,80.2,41.6,47.7,48.3,873.5,894.1,901.2,9.8,14.1,14.2,8.7,7.6,7.5,11.1,17.1,17.1,90.0,96.5,96.3,71.1,67.1,70.0,0.02,0.0,0.0,999.9,999.9,999.9,18,6.9,7.9
16585596,0723,89.6,80.5,79.7,36.2,47.7,47.8,872.9,894.1,897.0,20.3,14.1,14.2,5.3,7.6,7.6,26.0,16.9,17.1,99.0,96.5,95.9,62.1,67.2,70.1,0.0,0.0,0.0,999.9,999.9,999.9,0,7.0,7.9
16585596,0723,80.7,80.5,80.7,45.2,47.7,47.1,869.5,894.2,897.1,9.8,14.2,13.5,8.7,7.6,7.5,11.1,17.0,17.3,99.0,96.5,95.7,62.1,67.1,69.8,0.0,0.0,0.0,999.9,999.9,999.9,18,7.0,7.8
16585596,0723,78.3,80.5,80.8,41.4,47.6,46.7,999.9,893.4,897.1,10.0,14.2,13.5,8.1,7.6,7.5,11.1,17.0,17.2,95.0,96.4,95.7,64.9,67.1,69.5,0.03,0.0,0.0,999.9,999.9,999.9,0,7.1,8.4
16585596,0723,85.2,80.6,80.8,34.9,47.5,46.6,871.0,894.1,901.4,10.0,14.1,12.8,5.6,7.6,7.5,15.9,17.0,16.4,79.0,96.4,95.8,66.0,67.2,69.2,0.0,0.0,0.0,999.9,999.9,999.9,18,7.1,8.4
16585596,0723,89.6,80.6,81.1,54.1,47.4,46.1,873.6,894.1,901.3,10.0,14.1,11.8,8.7,7.6,7.5,22.0,16.9,16.5,93.9,96.3,95.1,71.1,67.2,69.2,0.0,0.0,0.0,999.9,999.9,999.9,0,7.2,9.0
16585596,0723,89.6,80.6,81.4,47.2,47.4,46.4,872.7,894.1,901.3,10.0,14.0,11.8,9.5,7.6,7.6,10.1,16.9,16.7,102.0,96.3,95.2,71.1,67.2,69.1,0.11,0.0,0.0,999.9,999.9,999.9,18,7.1,8.9
16585596,0723,81.8,80.6,81.9,58.4,47.5,46.9,872.4,894.2,901.4,10.0,14.0,11.8,8.1,7.6,7.6,13.0,16.9,16.4,87.1,96.3,95.4,63.0,67.2,69.1,0.0,0.0,0.0,999.9,999.9,999.9,0,7.2,8.9
16585596,0723,77.5,80.6,81.7,41.4,47.6,47.1,875.8,894.2,897.2,10.0,14.0,11.8,8.7,7.6,7.7,10.1,16.9,16.4,104.0,96.3,95.2,57.0,67.2,68.9,0.11,0.0,0.0,999.9,999.9,999.9,0,7.2,8.3
16585596,0723,76.7,80.6,81.7,45.2,47.6,47.3,869.5,893.5,893.1,10.0,14.0,11.8,5.3,7.6,7.7,8.9,16.9,16.2,98.1,96.4,95.5,66.0,67.1,68.5,0.0,0.0,0.0,999.9,999.9,999.9,0,7.2,8.3
16585596,0723,88.8,80.5,81.5,55.9,47.6,47.4,869.5,893.5,888.7,22.3,14.0,11.8,5.3,7.6,7.7,19.0,16.8,16.1,99.0,96.4,95.5,54.0,67.1,68.3,0.0,0.0,0.0,999.9,999.9,999.9,0,7.2,7.7
16585596,0723,79.9,80.7,81.8,54.6,47.6,47.9,871.5,893.5,888.6,39.8,14.1,12.3,10.4,7.6,7.5,18.1,16.9,16.3,79.0,96.4,95.5,66.9,67.0,67.9,0.0,0.0,0.0,999.9,999.9,999.9,18,7.1,7.7
16585596,0723,76.8,80.7,81.8,34.9,47.6,48.1,869.7,893.5,888.5,9.8,14.3,12.8,10.6,7.6,7.5,31.1,16.8,16.6,93.0,96.4,94.7,71.1,67.0,67.8,0.17,0.0,0.0,999.9,999.9,999.9,0,7.2,7.7
16585596,0723,80.3,80.7,81.8,37.5,47.5,47.4,873.0,893.5,888.5,30.7,14.3,12.8,8.2,7.6,7.8,13.0,16.9,17.3,95.0,96.3,94.7,57.0,67.0,68.0,0.0,0.0,0.0,999.9,999.9,999.9,18,7.2,7.1
16585596,0723,81.8,80.7,82.0,55.9,47.4,47.4,999.9,893.5,888.6,10.0,14.4,13.5,4.9,7.6,7.8,34.0,16.8,17.3,104.0,96.3,94.7,75.0,67.0,67.5,0.0,0.0,0.0,999.9,999.9,999.9,48,7.3,7.1
16585596,0723,80.7,80.7,82.0,54.1,47.5,47.7,873.0,894.2,888.6,9.9,14.3,13.1,5.6,7.6,7.6,18.1,16.9,17.8,87.1,96.3,94.8,62.2,67.0,67.8,0.0,0.0,0.0,999.9,999.9,999.9,0,7.5,8.1
16585596,0723,88.1,80.7,82.0,50.9,47.4,47.6,873.6,894.2,888.6,10.0,14.3,13.1,5.6,7.6,7.6,19.0,16.9,17.8,102.9,96.2,94.3,57.9,67.0,67.4,0.11,0.0,0.0,999.9,999.9,999.9,18,7.4,8.1
16585596,0723,78.3,80.7,82.0,47.1,47.4,48.1,870.5,894.2,888.6,9.9,14.3,13.1,5.6,7.6,7.4,15.9,17.0,17.6,93.9,96.3,94.8,66.2,67.0,67.1,0.0,0.0,0.0,999.9,999.9,999.9,48,7.5,8.7
16585596,0723,69.7,80.7,81.7,37.5,47.4,48.1,873.6,893.5,888.5,10.0,14.3,13.1,9.5,7.6,7.3,13.0,17.0,17.5,102.9,96.2,94.8,66.9,67.0,67.1,0.0,0.0,0.0,999.9,999.9,999.9,0,7.7,10.3
16585596,0723,78.3,80.6,81.3,41.2,47.4,48.0,873.6,893.5,888.6,9.7,14.2,13.1,5.1,7.6,7.4,19.0,17.0,17.5,90.0,96.3,95.2,71.1,67.0,66.8,0.03,0.0,0.0,999.9,999.9,999.9,0,7.6,10.3
16585596,0723,78.4,80.6,81.2,57.2,47.4,47.8,868.1,893.5,888.8,20.3,14.2,13.1,6.2,7.6,7.4,15.0,17.0,17.8,102.9,96.2,95.1,75.9,67.1,66.8,0.01,0.0,0.0,999.9,999.9,999.9,0,7.6,10.3
16585596,0723,76.8,80.6,81.2,47.2,47.4,47.8,873.1,893.5,888.7,10.0,14.1,13.5,8.1,7.5,7.3,13.0,17.0,17.9,102.0,96.2,95.6,66.9,67.2,66.9,0.03,0.0,0.0,999.9,999.9,999.9,0,7.6,9.7
16585596,0723,76.8,80.6,81.0,39.9,47.5,47.5,999.9,893.5,888.8,10.0,14.1,13.3,10.2,7.5,7.2,19.0,16.9,17.9,102.0,96.3,95.9,62.1,67.2,67.0,0.0,0.0,0.0,999.9,999.9,999.9,18,7.6,9.7
16585596,0723,77.1,80.6,80.7,48.9,47.4,47.4,999.9,894.2,893.1,9.9,14.1,13.3,6.5,7.6,7.4,15.0,16.9,17.4,95.0,96.4,96.0,68.0,67.1,66.7,0.0,0.0,0.0,999.9,999.9,999.9,18,7.7,9.7
16585596,0723,82.8,80.6,80.6,54.5,47.4,47.2,999.9,894.9,897.5,10.0,13.9,13.3,6.4,7.6,7.4,13.0,16.9,17.4,95.0,96.4,95.7,62.1,67.2,67.0,0.0,0.0,0.0,999.9,999.9,999.9,48,7.7,10.3
16585596,0723,83.0,80.6,80.8,50.2,47.4,47.2,873.0,895.7,901.9,10.0,13.9,13.3,6.3,7.6,7.3,19.0,16.9,17.3,104.0,96.4,95.7,70.0,67.1,66.6,0.0,0.0,0.0,999.9,999.9,999.9,18,8.0,11.3
16585596,0723,82.3,80.7,80.9,48.9,47.4,46.9,872.4,895.7,901.9,9.8,13.9,13.3,8.7,7.6,7.3,34.0,16.8,17.5,99.0,96.4,95.9,71.1,67.1,66.4,0.0,0.0,0.0,999.9,999.9,999.9,18,8.0,11.4
16585596,0723,79.3,80.7,80.9,47.2,47.4,47.0,869.7,895.7,901.9,9.9,13.9,13.1,7.8,7.6,7.3,26.0,16.9,18.0,89.1,96.4,96.2,75.9,67.1,66.7,0.0,0.0,0.0,999.9,999.9,999.9,0,8.1,12.0
16585596,0723,85.4,80.6,80.9,33.1,47.4,46.8,999.9,894.9,897.6,30.7,13.9,12.7,5.1,7.6,7.4,24.3,16.9,17.7,93.0,96.3,96.0,71.1,67.2,66.8,0.0,0.0,0.0,999.9,999.9,999.9,18,8.0,12.0
16585596,0723,80.9,80.7,81.1,34.9,47.4,46.4,873.6,895.7,897.6,39.8,14.0,13.4,8.8,7.5,7.3,14.0,17.0,17.7,88.7,96.4,95.6,75.9,67.3,66.7,0.0,0.0,0.0,999.9,999.9,999.9,16,8.0,12.0
16585596,0723,80.3,80.7,80.8,41.2,47.2,45.9,999.9,895.7,897.6,20.3,14.2,14.4,9.5,7.6,7.4,22.0,16.9,17.7,91.9,96.4,95.5,72.0,67.3,66.7,0.0,0.0,0.0,999.9,999.9,999.9,0,8.0,12.5
16585596,0723,86.6,80.6,81.2,45.2,47.2,45.9,999.9,896.4,901.8,9.9,14.2,14.8,4.9,7.6,7.4,22.0,17.0,18.1,100.0,96.4,95.5,70.0,67.3,66.8,0.0,0.0,0.0,999.9,999.9,999.9,0,8.0,11.9
16585596,0723,82.8,80.7,81.1,48.9,47.1,46.2,999.9,896.4,906.1,10.0,14.2,14.4,5.1,7.6,7.4,19.0,17.0,18.0,89.1,96.4,95.6,66.9,67.3,67.0,0.14,0.0,0.0,999.9,999.9,999.9,18,7.9,11.9
16585596,0723,77.1,80.7,81.1,46.5,47.1,46.3,872.4,897.1,910.4,9.7,14.2,14.4,6.2,7.5,7.3,24.3,17.0,18.2,99.0,96.3,95.3,75.0,67.4,67.2,0.0,0.0,0.0,999.9,999.9,999.9,18,7.9,11.9
16585596,0723,80.3,80.7,81.1,41.4,47.1,46.5,873.0,897.1,906.2,10.0,14.2,14.4,9.8,7.6,7.2,13.0,17.0,18.7,102.9,96.3,95.4,68.0,67.4,67.5,0.0,0.0,0.0,999.9,999.9,999.9,0,7.9,12.5
16585596,0723,80.9,80.7,80.9,49.2,47.1,46.7,868.1,897.1,906.2,10.0,14.2,14.4,10.6,7.6,7.4,15.9,17.0,18.6,102.9,96.4,96.2,68.0,67.4,67.6,0.0,0.0,0.0,999.9,999.9,999.9,0,7.9,11.9
16585596,0723,80.9,80.6,80.6,55.9,47.1,46.5,999.9,897.1,906.0,10.0,14.2,14.4,3.7,7.6,7.4,14.0,17.0,18.4,90.0,96.5,96.5,70.0,67.5,67.5,0.0,0.0,0.0,999.9,999.9,999.9,0,7.9,11.9
16585596,0723,81.1,80.7,80.3,45.0,47.2,46.8,869.0,897.8,910.3,9.9,14.2,14.4,7.8,7.6,7.2,18.1,16.9,18.5,93.0,96.4,96.1,66.2,67.4,67.4,0.0,0.0,0.0,999.9,999.9,999.9,0,7.8,11.3
16585596,0723,76.8,80.7,80.3,47.2,47.2,46.4,871.0,897.8,910.2,9.7,14.2,14.4,6.6,7.6,7.2,14.0,16.9,18.7,79.0,96.4,96.3,64.9,67.4,67.5,0.0,0.0,0.0,999.9,999.9,999.9,18,7.8,11.3
16585596,0723,76.7,80.6,80.3,36.2,47.2,46.6,873.1,897.1,910.0,9.9,14.1,14.4,8.7,7.6,7.1,19.0,17.0,18.8,95.0,96.3,95.4,73.9,67.4,67.8,0.0,0.0,0.0,999.9,999.9,999.9,0,7.9,11.9
16585596,0723,80.9,80.6,80.3,33.1,47.2,46.3,869.7,897.1,910.1,10.0,14.0,14.4,10.1,7.6,7.3,15.0,17.0,19.1,93.9,96.3,95.3,71.1,67.4,68.1,0.17,0.0,0.0,999.9,999.9,999.9,0,7.8,11.9
16585596,0723,77.5,80.7,80.0,54.5,47.1,45.5,871.4,897.1,910.1,10.0,14.0,14.0,6.2,7.6,7.4,19.0,17.0,19.0,95.0,96.3,95.2,66.0,67.5,68.6,0.0,0.0,0.0,999.9,999.9,999.9,0,7.8,11.9
16585596,0723,89.6,80.7,80.0,55.6,47.1,45.5,873.1,897.1,910.1,10.0,13.9,13.0,8.7,7.6,7.3,14.0,17.0,19.0,98.1,96.4,95.7,75.9,67.5,68.6,0.0,0.0,0.0,999.9,999.9,999.9,0,7.7,11.3
16585596,0723,76.4,80.8,80.4,45.0,47.1,46.2,875.8,896.4,910.2,10.0,13.9,13.0,6.9,7.6,7.2,24.1,17.0,18.5,99.0,96.4,95.9,66.0,67.5,68.8,0.0,0.0,0.0,999.9,999.9,999.9,0,7.7,11.3
16585596,0723,62.0,80.7,80.3,58.4,47.1,46.5,999.9,896.4,910.3,9.9,13.9,12.3,10.4,7.6,7.2,19.0,17.0,18.8,93.0,96.4,96.0,71.1,67.5,69.1,0.0,0.0,0.0,999.9,999.9,999.9,18,7.7,10.7
16585596,0723,82.8,80.7,79.6,44.6,47.3,46.5,866.4,897.2,910.3,10.0,13.8,12.3,3.7,7.6,7.4,15.0,17.0,18.3,98.1,96.4,95.6,62.2,67.5,68.9,0.15,0.0,0.0,999.9,999.9,999.9,18,7.8,9.7
16585596,0723,79.9,80.7,79.7,50.9,47.3,46.2,875.8,897.2,910.1,13.5,13.8,12.3,8.1,7.6,7.3,13.0,17.0,18.2,102.9,96.4,96.0,64.9,67.5,68.9,0.17,0.0,0.0,999.9,999.9,999.9,18,7.9,10.3
16585596,0723,80.9,80.7,79.4,45.0,47.3,46.2,999.9,897.2,910.2,10.0,13.8,12.4,6.2,7.6,7.4,13.0,17.0,18.0,102.0,96.4,96.0,57.0,67.5,69.2,0.11,0.0,0.0,999.9,999.9,999.9,18,8.0,10.3
16585596,0723,87.8,80.7,79.5,47.1,47.3,46.2,871.4,897.9,914.5,10.0,13.8,12.4,4.7,7.6,7.4,24.3,17.0,17.9,90.0,96.5,96.3,66.2,67.4,68.9,0.0,0.0,0.0,999.9,999.9,999.9,0,8.0,9.3
16585596,0723,86.6,80.7,80.1,37.5,47.3,46.5,872.9,897.9,914.4,22.2,13.8,12.4,9.8,7.6,7.2,26.0,17.0,18.3,90.0,96.4,95.8,66.9,67.4,68.8,0.15,0.0,0.0,999.9,999.9,999.9,48,8.0,9.3
16585596,0723,85.2,80.7,80.4,54.6,47.3,46.3,869.5,897.9,914.4,10.0,13.7,12.8,10.6,7.6,7.4,12.0,17.0,18.5,99.0,96.4,95.9,64.9,67.5,68.7,0.0,0.0,0.0,999.9,999.9,999.9,0,8.2,10.9
16585596,0723,89.6,80.7,80.6,44.6,47.4,46.3,871.4,897.9,914.4,39.8,13.7,12.5,5.3,7.6,7.5,15.0,17.0,18.4,90.0,96.5,95.7,73.9,67.4,68.3,0.11,0.0,0.0,999.9,999.9,999.9,0,8.2,10.9
16585596,0723,83.0,80.8,81.0,44.1,47.3,46.2,873.1,898.0,914.4,39.8,13.9,13.5,10.6,7.6,7.4,15.9,17.0,18.5,95.0,96.4,95.3,73.0,67.5,68.6,0.17,0.0,0.0,999.9,999.9,999.9,0,8.2,10.9
16585596,0723,77.5,80.8,81.2,49.2,47.2,46.3,873.1,897.9,910.2,10.0,13.9,14.5,11.6,7.6,7.5,15.0,17.0,18.4,102.0,96.4,95.1,71.1,67.5,68.9,0.0,0.0,0.0,999.9,999.9,999.9,0,8.2,10.3
16585596,0723,78.4,80.8,81.2,41.4,47.3,46.3,873.6,898.0,905.9,9.9,13.9,14.5,6.3,7.6,7.6,19.0,17.0,18.4,95.0,96.5,95.3,73.9,67.5,69.0,0.03,0.0,0.0,999.9,999.9,999.9,0,8.2,9.7
16585596,0723,77.5,80.7,81.1,50.9,47.2,45.9,872.4,897.2,901.7,10.0,13.8,14.5,8.7,7.6,7.6,15.9,17.0,18.6,102.9,96.5,95.3,57.0,67.6,69.4,0.0,0.0,0.0,999.9,999.9,999.9,18,8.2,8.1
16585596,0723,81.8,80.7,80.9,57.5,47.2,45.9,873.0,896.5,901.7,22.2,13.8,14.5,9.5,7.6,7.7,15.9,16.9,18.5,95.0,96.5,95.3,66.0,67.5,69.0,0.0,0.0,0.0,999.9,999.9,999.9,18,8.3,8.1
16585596,0723,88.8,80.7,80.9,33.1,47.2,46.2,869.7,895.8,901.7,10.0,13.9,14.9,6.3,7.6,7.7,15.0,17.0,17.9,89.1,96.5,95.2,73.9,67.5,68.8,0.0,0.0,0.0,999.9,999.9,999.9,0,8.3,8.1
16585596,0723,89.6,80.8,81.2,49.3,47.2,45.7,873.0,895.8,901.7,13.5,13.9,14.9,3.7,7.6,7.7,34.0,17.0,17.5,95.0,96.5,95.2,73.9,67.6,68.8,0.0,0.0,0.0,999.9,999.9,999.9,0,8.3,8.1
16585596,0723,76.8,80.9,81.3,44.1,47.2,46.3,869.7,895.8,897.5,10.0,13.9,14.3,11.6,7.6,7.6,13.0,17.0,17.8,98.1,96.5,95.2,54.0,67.6,68.9,0.0,0.0,0.0,999.9,999.9,999.9,0,8.3,7.5
16585596,0723,86.8,80.9,81.2,54.1,47.3,46.6,869.5,895.1,897.4,22.2,13.9,13.3,8.8,7.6,7.7,18.1,17.0,17.8,99.0,96.5,95.5,61.0,67.5,68.1,0.0,0.0,0.0,999.9,999.9,999.9,18,8.0,7.0
16585596,0723,74.2,80.9,81.4,54.6,47.3,47.0,870.4,894.4,893.0,9.9,13.9,13.4,4.9,7.6,7.7,26.0,17.0,17.7,99.0,96.5,95.8,66.0,67.5,67.8,0.0,0.0,0.0,999.9,999.9,999.9,18,8.0,7.6
16585596,0723,80.7,80.9,81.0,39.9,47.3,47.3,999.9,894.4,888.7,30.7,13.9,13.4,8.1,7.6,7.7,15.9,17.1,17.8,104.0,96.5,95.7,66.0,67.5,67.6,0.0,0.0,0.0,999.9,999.9,999.9,0,8.1,8.2
16585596,0723,83.0,80.9,80.9,49.3,47.3,47.0,871.5,894.4,888.7,10.0,14.0,14.1,11.6,7.6,7.8,13.0,17.1,17.7,95.0,96.6,96.2,57.9,67.5,67.6,0.0,0.0,0.0,999.9,999.9,999.9,0,8.1,7.6
16585596,0723,80.3,81.0,81.1,57.2,47.3,47.1,869.5,894.4,888.7,30.7,14.1,14.1,6.5,7.6,8.0,26.0,17.1,17.3,93.0,96.5,96.1,61.0,67.4,67.0,0.01,0.0,0.0,999.9,999.9,999.9,0,8.1,7.0
16585596,0723,88.8,81.0,81.1,41.4,47.3,47.6,873.0,894.3,888.6,30.7,14.1,14.8,9.9,7.6,7.9,15.0,17.2,17.8,93.0,96.5,95.8,71.1,67.4,66.8,0.0,0.0,0.0,999.9,999.9,999.9,48,8.0,7.0
16585596,0723,82.8,81.0,81.4,47.1,47.3,47.4,873.6,894.3,888.7,39.8,14.1,15.5,5.1,7.6,7.9,18.1,17.1,17.7,100.0,96.4,95.4,57.0,67.4,66.9,0.0,0.0,0.0,999.9,999.9,999.9,0,8.3,8.6
16585596,0723,81.1,81.0,81.5,45.2,47.3,47.1,999.9,894.4,884.5,22.3,14.3,16.5,5.3,7.6,7.9,20.0,17.2,17.9,99.0,96.4,95.8,66.0,67.4,66.5,0.0,0.0,0.0,999.9,999.9,999.9,0,8.3,8.6
16585596,0723,86.6,81.0,81.5,49.3,47.4,47.1,872.7,895.1,888.9,20.3,14.3,16.9,11.6,7.6,7.8,8.9,17.1,17.9,102.0,96.4,96.0,70.0,67.4,66.5,0.11,0.0,0.0,999.9,999.9,999.9,18,8.3,8.6
16585596,0723,80.7,81.1,81.8,54.1,47.4,47.2,873.6,895.1,888.9,41.0,14.4,17.2,6.5,7.6,8.0,10.1,17.1,17.8,99.0,96.5,96.7,63.0,67.4,66.6,0.0,0.0,0.0,999.9,999.9,999.9,0,8.3,8.6
16585596,0723,81.1,81.1,81.9,41.4,47.5,47.8,870.0,895.1,888.9,10.0,14.4,18.3,9.3,7.6,7.9,13.0,17.1,17.5,98.1,96.5,96.9,75.0,67.4,66.3,0.0,0.0,0.0,999.9,999.9,999.9,0,8.3,8.6
16585596,0723,82.8,81.1,81.9,57.6,47.4,48.0,873.1,895.1,889.0,10.0,14.4,18.3,6.3,7.6,7.9,26.0,17.1,17.4,102.9,96.5,97.0,71.1,67.4,66.4,0.0,0.0,0.0,999.9,999.9,999.9,18,8.3,8.6
16585596,0723,82.7,81.1,82.1,46.5,47.5,48.1,999.9,895.1,889.0,10.0,14.4,18.3,5.1,7.7,7.9,10.1,17.1,17.6,104.0,96.5,97.3,57.9,67.4,66.6,0.03,0.0,0.0,999.9,999.9,999.9,0,8.4,9.2
16585596,0723,78.3,81.1,81.9,49.3,47.5,47.8,873.1,895.9,893.2,10.0,14.4,18.3,8.7,7.7,7.8,11.1,17.1,17.5,90.0,96.6,97.5,66.0,67.4,66.0,0.0,0.0,0.0,999.9,999.9,999.9,18,8.4,9.2
16585596,0723,86.8,81.1,81.9,57.2,47.5,48.0,873.0,895.9,893.1,9.8,14.4,18.3,9.3,7.7,7.8,19.0,17.1,17.1,102.9,96.5,97.2,66.9,67.4,66.0,0.02,0.0,0.0,999.9,999.9,999.9,18,8.5,9.8
16585596,0723,79.9,81.1,82.8,46.5,47.6,47.9,870.4,895.9,888.9,9.7,14.4,18.3,11.6,7.7,7.8,10.1,17.1,17.1,102.9,96.6,97.5,64.9,67.4,65.8,0.0,0.0,0.0,999.9,999.9,999.9,18,8.6,9.8
16585596,0723,76.4,81.1,82.7,54.1,47.6,48.0,869.5,895.2,889.1,10.0,14.3,18.3,5.1,7.7,8.1,13.0,17.1,16.9,102.0,96.7,97.7,66.0,67.4,65.9,0.0,0.0,0.0,999.9,999.9,999.9,18,8.6,9.8
16585596,0723,87.8,81.0,82.5,55.6,47.7,48.1,999.9,895.2,888.8,10.0,14.3,18.1,6.9,7.7,8.0,18.1,17.1,16.9,93.0,96.7,97.6,64.9,67.4,66.0,0.0,0.0,0.0,999.9,999.9,999.9,0,8.4,9.8
16585596,0723,89.6,81.0,82.8,57.2,47.8,48.5,872.4,895.9,888.8,9.8,14.3,18.1,8.1,7.7,8.0,14.0,17.1,17.1,99.0,96.7,97.3,61.0,67.4,66.2,0.0,0.0,0.0,999.9,999.9,999.9,0,8.4,9.2
16585596,0723,85.2,81.2,82.8,52.0,47.9,48.8,869.5,895.2,888.9,10.0,14.3,18.1,9.3,7.7,8.1,14.0,17.0,16.7,98.1,96.7,97.6,57.0,67.4,66.0,0.0,0.0,0.0,999.9,999.9,999.9,2,8.4,9.2
16585596,0723,69.7,81.2,82.8,45.2,47.9,49.3,873.1,895.1,888.8,9.9,14.3,17.7,9.8,7.7,8.1,24.1,16.9,16.3,99.0,96.7,97.9,71.1,67.3,65.7,0.0,0.0,0.0,999.9,999.9,999.9,0,8.5,7.7
16585596,0723,79.3,81.1,82.3,33.1,47.9,49.0,870.0,895.1,888.9,10.0,14.2,17.7,9.8,7.7,8.0,14.0,17.0,16.7,95.0,96.7,97.9,57.9,67.4,65.9,0.11,0.0,0.0,999.9,999.9,999.9,18,8.5,7.7
16585596,0723,87.8,81.1,81.9,54.1,47.7,48.6,999.9,895.1,888.8,10.0,14.1,16.7,9.6,7.7,8.2,12.0,17.0,16.7,98.1,96.7,98.1,70.0,67.3,65.4,0.0,0.0,0.0,999.9,999.9,999.9,0,8.6,8.3
16585596,0723,76.4,81.1,82.1,49.2,47.8,48.9,873.0,895.8,893.1,22.3,14.1,15.7,6.5,7.7,8.2,20.0,17.0,16.6,102.0,96.7,98.2,71.1,67.3,65.3,0.0,0.0,0.0,999.9,999.9,999.9,0,8.5,8.3
16585596,0723,80.7,81.1,82.1,36.2,47.8,48.9,872.4,895.9,893.1,10.0,14.2,16.2,10.6,7.8,8.0,19.0,17.1,16.7,88.7,96.7,98.2,66.9,67.4,65.3,0.0,0.0,0.0,999.9,999.9,999.9,0,8.4,8.3
16585596,0723,78.3,81.1,82.1,55.6,47.8,48.7,999.9,895.1,893.0,9.9,14.2,16.2,5.3,7.8,8.1,19.0,17.1,16.7,93.0,96.6,98.0,64.9,67.4,65.1,0.0,0.0,0.0,999.9,999.9,999.9,16,8.3,8.3
16585596,0723,86.6,81.1,82.2,48.9,47.8,48.9,999.9,895.1,897.3,10.0,14.0,16.2,4.7,7.7,8.0,18.1,17.1,16.9,95.0,96.6,97.6,66.9,67.4,65.3,0.33,0.0,0.0,999.9,999.9,999.9,0,8.3,8.2
16585596,0723,78.4,81.2,82.3,49.2,47.8,48.6,869.0,895.1,901.5,9.9,14.0,15.8,9.6,7.7,7.9,12.0,17.1,16.9,102.9,96.6,97.6,71.1,67.4,65.3,0.0,0.0,0.0,999.9,999.9,999.9,0,8.3,7.6
16585596,0723,81.8,81.2,82.0,33.1,47.8,49.1,999.9,895.1,901.5,10.0,14.0,15.7,4.9,7.7,8.0,11.1,17.1,16.8,87.1,96.6,98.1,70.0,67.4,65.3,0.0,0.0,0.0,999.9,999.9,999.9,18,8.3,7.6
16585596,0723,82.7,81.2,81.7,50.2,47.7,48.6,873.6,895.8,905.7,9.8,14.0,15.6,5.3,7.7,8.0,22.0,17.1,16.1,102.0,96.5,97.8,61.0,67.5,65.1,0.0,0.0,0.0,999.9,999.9,999.9,18,8.4,8.2
16585596,0723,82.8,81.3,81.9,41.2,47.8,48.8,872.9,895.8,905.8,14.9,14.0,15.6,5.3,7.7,7.8,31.1,17.1,16.4,98.1,96.5,98.0,62.1,67.4,65.4,0.0,0.0,0.0,999.9,999.9,999.9,0,8.4,8.8
16585596,0723,81.8,81.3,81.8,48.9,47.8,48.4,871.5,895.8,906.0,10.0,14.1,15.4,9.3,7.7,7.7,19.0,17.2,16.8,99.0,96.5,97.9,57.9,67.4,65.4,0.0,0.0,0.0,999.9,999.9,999.9,18,8.4,8.2
16585596,0723,89.2,81.3,82.0,45.0,47.7,48.2,871.5,895.8,906.0,10.0,14.0,15.4,9.3,7.7,7.8,19.0,17.2,16.6,99.0,96.5,97.9,54.0,67.3,65.1,0.0,0.0,0.0,999.9,999.9,999.9,0,8.4,8.2
16585596,0723,74.2,81.3,82.3,50.9,47.7,48.4,870.0,895.1,901.7,9.9,14.0,14.7,4.9,7.7,7.9,31.1,17.2,16.7,104.0,96.5,97.8,57.0,67.3,64.7,0.0,0.0,0.0,999.9,999.9,999.9,0,8.4,8.2
16585596,0723,69.7,81.3,82.0,49.2,47.7,48.4,999.9,895.1,901.7,10.0,14.0,14.7,8.8,7.7,7.7,19.0,17.3,17.3,102.0,96.5,98.1,66.0,67.3,64.7,0.0,0.0,0.0,999.9,999.9,999.9,18,8.4,8.2
16585596,0723,69.7,81.2,81.7,48.9,47.7,48.2,870.4,895.8,906.0,10.0,14.0,14.0,6.4,7.7,7.7,12.0,17.3,17.0,79.0,96.5,98.4,75.9,67.3,64.9,0.0,0.0,0.0,999.9,999.9,999.9,0,8.5,8.8
16585596,0723,78.3,81.1,81.0,52.0,47.7,48.4,873.6,895.8,905.9,9.9,14.0,13.3,10.2,7.7,7.6,18.1,17.2,16.9,98.1,96.4,97.9,66.9,67.3,65.0,0.0,0.0,0.0,999.9,999.9,999.9,18,8.4,7.2
16585596,0723,77.1,81.2,80.9,41.4,47.7,48.6,999.9,895.8,905.9,13.5,13.8,12.3,10.2,7.7,7.8,20.0,17.2,16.9,102.0,96.4,97.8,61.0,67.4,65.3,0.0,0.0,0.0,999.9,999.9,999.9,2,8.4,7.8
16585596,0723,82.7,81.1,80.7,55.9,47.7,48.4,873.0,896.6,905.9,10.0,13.9,12.0,6.2,7.8,7.9,8.9,17.2,16.9,87.1,96.4,97.9,62.1,67.4,65.2,0.15,0.0,0.0,999.9,999.9,999.9,0,8.3,7.9
16585596,0723,81.1,81.1,80.6,33.1,47.7,48.7,872.4,896.6,905.9,9.8,13.9,11.7,6.3,7.7,7.8,8.9,17.2,16.9,87.1,96.3,97.4,71.1,67.4,64.9,0.0,0.0,0.0,999.9,999.9,999.9,0,8.3,7.3
16585596,0723,78.4,81.1,80.6,36.2,47.6,48.0,870.4,896.6,905.9,9.9,13.9,10.6,8.7,7.7,7.8,8.9,17.2,16.9,93.9,96.2,97.0,66.9,67.4,65.2,0.0,0.0,0.0,999.9,999.9,999.9,18,8.3,7.3
16585596,0723,77.1,81.1,80.5,33.1,47.5,47.8,872.7,896.6,905.9,9.8,13.8,10.6,9.9,7.7,7.7,11.1,17.1,16.8,93.0,96.1,96.9,71.1,67.4,64.9,0.0,0.0,0.0,999.9,999.9,999.9,18,8.3,7.9
16585596,0723,82.8,81.1,80.3,47.2,47.4,47.0,872.4,896.6,905.9,9.7,13.8,10.6,10.2,7.7,7.9,19.0,17.1,16.3,99.0,96.1,96.6,61.0,67.4,64.9,0.0,0.0,0.0,999.9,999.9,999.9,18,8.4,7.9
16585596,0723,88.1,81.1,80.4,44.1,47.5,47.0,999.9,896.6,901.6,20.3,13.8,10.6,6.4,7.8,8.0,17.1,17.1,16.6,99.0,96.2,96.4,71.1,67.3,65.0,0.0,0.0,0.0,999.9,999.9,999.9,48,8.5,8.5
16585596,0723,80.3,81.1,80.7,36.2,47.5,46.8,868.1,897.3,905.9,10.0,13.8,11.0,10.1,7.8,8.0,15.9,17.1,16.8,102.9,96.2,96.7,61.0,67.3,65.2,0.0,0.0,0.0,999.9,999.9,999.9,0,8.8,9.5
16585596,0723,78.3,81.1,80.5,54.1,47.4,46.1,866.4,897.3,905.7,10.0,13.8,11.0,4.7,7.8,8.0,11.1,17.2,16.7,95.0,96.3,96.7,63.0,67.4,65.0,0.0,0.0,0.0,999.9,999.9,999.9,0,8.8,8.9
16585596,0723,80.7,81.1,80.4,41.4,47.4,46.4,873.6,897.3,905.6,10.0,13.8,11.0,5.3,7.8,7.7,8.9,17.2,16.7,98.1,96.2,96.4,66.0,67.4,64.9,0.0,0.0,0.0,999.9,999.9,999.9,18,8.8,8.3
16585596,0723,76.7,81.1,80.6,36.2,47.3,45.9,873.6,897.3,905.7,9.9,13.8,11.0,6.2,7.7,7.8,11.1,17.1,16.6,79.0,96.3,96.3,70.0,67.3,64.9,0.33,0.0,0.0,999.9,999.9,999.9,0,8.9,8.3
16585596,0723,79.9,81.0,80.2,41.2,47.3,45.3,999.9,897.3,901.5,10.0,13.8,11.0,10.2,7.7,7.7,15.9,17.1,16.3,93.9,96.1,95.8,62.1,67.3,65.1,0.0,0.0,0.0,999.9,999.9,999.9,18,8.9,8.3
16585596,0723,85.2,81.0,79.9,40.5,47.2,44.8,873.6,898.0,905.7,10.0,13.8,11.0,5.6,7.7,7.8,24.1,17.1,16.4,90.0,96.1,95.7,62.1,67.3,65.1,0.0,0.0,0.0,999.9,999.9,999.9,16,9.0,8.9
16585596,0723,62.0,81.0,79.9,55.9,47.2,44.4,871.0,897.3,905.9,10.0,13.8,11.0,6.2,7.7,7.7,31.1,17.1,16.7,99.0,96.1,95.4,62.1,67.3,65.3,0.0,0.0,0.0,999.9,999.9,999.9,18,9.1,9.3
16585596,0723,78.3,80.9,79.6,45.2,47.2,44.7,869.0,897.3,905.8,14.9,13.8,11.0,9.8,7.7,7.6,15.9,17.2,16.9,98.1,96.1,95.4,71.1,67.3,65.0,0.17,0.0,0.0,999.9,999.9,999.9,0,9.1,9.9
16585596,0723,69.7,80.9,79.6,49.3,47.2,45.1,873.0,897.3,905.8,10.0,13.7,11.1,3.7,7.7,7.6,22.0,17.1,17.0,100.0,96.1,95.5,66.2,67.3,65.4,0.0,0.0,0.0,999.9,999.9,999.9,0,9.0,9.3
16585596,0723,76.8,80.8,79.0,54.1,47.1,45.0,872.4,896.6,901.5,9.9,13.7,11.1,9.3,7.7,7.4,8.9,17.2,17.3,99.0,96.2,95.6,59.0,67.4,65.3,0.17,0.0,0.0,999.9,999.9,999.9,0,8.9,9.3
16585596,0723,79.9,80.8,79.0,47.1,47.1,45.1,873.1,896.6,901.5,10.0,13.7,10.7,10.2,7.7,7.5,18.1,17.1,17.0,99.0,96.2,95.5,68.0,67.3,64.9,0.11,0.0,0.0,999.9,999.9,999.9,0,8.8,9.3
16585596,0723,88.1,80.8,79.0,41.2,47.2,45.5,872.4,896.6,901.5,9.9,13.7,10.7,6.9,7.7,7.4,10.1,17.2,16.9,91.9,96.3,95.8,70.0,67.3,65.0,0.0,0.0,0.0,999.9,999.9,999.9,18,8.7,9.3
16585596,0723,85.2,80.8,79.3,45.2,47.1,45.0,873.5,896.6,897.3,9.9,13.6,10.7,9.8,7.7,7.5,14.0,17.1,16.7,98.1,96.2,95.8,62.1,67.3,65.1,0.0,0.0,0.0,999.9,999.9,999.9,18,8.7,9.4
16585596,0723,85.2,80.8,79.2,41.4,47.1,44.9,873.5,896.6,893.1,9.8,13.6,10.7,3.7,7.7,7.7,19.0,17.1,16.5,93.0,96.3,95.9,75.0,67.2,65.0,0.0,0.0,0.0,999.9,999.9,999.9,0,8.8,10.0
16585596,0723,78.3,80.8,79.5,44.1,47.1,44.6,873.0,896.6,893.2,9.9,13.6,10.7,8.2,7.7,7.5,15.0,17.1,16.7,102.0,96.3,95.5,63.0,67.2,65.1,0.0,0.0,0.0,999.9,999.9,999.9,0,8.7,10.0
16585596,0723,88.8,80.8,79.3,37.5,47.1,45.0,873.6,896.7,889.0,20.3,13.6,10.7,8.2,7.7,7.6,31.1,17.1,16.9,102.9,96.3,96.0,75.0,67.2,64.9,0.0,0.0,0.0,999.9,999.9,999.9,18,8.6,9.4
16585596,0723,78.4,80.9,79.5,57.2,47.0,44.6,866.4,896.6,889.0,22.2,13.7,11.1,10.2,7.7,7.7,12.0,17.2,17.2,93.9,96.3,96.1,64.9,67.2,65.3,0.14,0.0,0.0,999.9,999.9,999.9,0,8.7,9.4
16585596,0723,80.9,80.8,79.4,47.2,47.1,45.1,872.4,896.6,888.8,10.0,13.7,11.3,5.6,7.7,7.8,18.1,17.2,16.5,99.0,96.3,95.9,61.0,67.2,65.4,0.0,0.0,0.0,999.9,999.9,999.9,0,8.7,9.4
16585596,0723,80.9,80.9,79.4,54.6,47.1,45.1,866.4,896.6,888.8,9.7,13.7,11.3,10.6,7.7,7.7,11.1,17.2,16.5,102.0,96.3,95.9,64.9,67.2,65.5,0.33,0.0,0.0,999.9,999.9,999.9,0,8.6,8.8
16585596,0723,81.1,80.9,79.1,45.2,47.2,45.4,873.6,896.6,888.7,10.0,13.7,11.3,6.4,7.7,7.8,12.0,17.1,16.3,93.9,96.3,96.0,66.0,67.1,65.9,0.0,0.0,0.0,999.9,999.9,999.9,0,8.6,8.8
16585596,0723,88.8,80.8,79.3,54.5,47.3,45.2,869.5,896.6,888.8,10.0,13.6,11.3,11.6,7.7,7.8,31.1,17.1,15.6,93.9,96.3,95.7,73.0,67.1,66.2,0.33,0.0,0.0,999.9,999.9,999.9,18,8.5,8.8
16585596,0723,89.2,80.9,80.0,54.1,47.3,45.4,999.9,896.6,884.4,10.0,13.4,11.3,8.7,7.7,7.9,10.1,17.2,16.0,102.9,96.2,95.4,64.9,67.2,66.4,0.0,0.0,0.1,999.9,999.9,999.9,0,8.5,8.8
16585596,0723,82.8,80.9,80.6,55.9,47.4,45.5,873.0,897.3,888.7,9.9,13.4,11.3,10.6,7.7,8.0,15.9,17.2,16.0,100.0,96.3,96.2,66.2,67.2,66.1,0.0,0.0,0.1,999.9,999.9,999.9,18,8.4,8.8
16585596,0723,82.3,80.9,80.8,57.6,47.4,45.7,999.9,897.3,888.7,10.0,13.4,11.3,11.6,7.7,8.0,10.1,17.2,15.9,95.0,96.3,96.3,75.9,67.2,66.0,0.01,0.0,0.1,999.9,999.9,999.9,0,8.5,8.8
16585596,0723,62.0,80.9,80.9,41.4,47.5,46.2,870.0,897.3,888.7,10.0,13.4,11.2,4.9,7.7,8.0,12.0,17.2,15.6,102.9,96.4,96.1,62.2,67.2,66.5,0.0,0.0,0.1,999.9,999.9,999.9,18,8.4,8.7
16585596,0723,81.8,80.8,80.2,58.4,47.5,45.7,873.6,897.3,888.6,10.0,13.4,11.2,8.7,7.7,8.0,12.0,17.2,15.7,99.0,96.5,96.6,61.0,67.2,66.5,0.0,0.0,0.1,999.9,999.9,999.9,0,8.5,9.3
16585596,0723,88.1,80.9,80.3,50.9,47.5,46.6,999.9,897.3,888.7,10.0,13.4,11.2,6.6,7.7,8.1,24.1,17.1,15.8,90.0,96.5,97.0,62.1,67.2,66.2,0.11,0.0,0.1,999.9,999.9,999.9,18,8.4,9.3
16585596,0723,82.3,80.9,80.6,49.2,47.6,47.1,873.5,898.0,893.0,9.9,13.4,11.2,8.7,7.7,8.0,24.1,17.2,16.3,93.9,96.4,96.8,63.0,67.2,66.0,0.0,0.0,0.1,999.9,999.9,999.9,2,8.4,9.3
16585596,0723,82.7,81.0,80.8,55.9,47.6,47.6,999.9,898.0,893.0,10.0,13.4,11.2,6.2,7.8,8.0,13.0,17.3,16.7,99.0,96.4,96.9,57.0,67.1,65.8,0.0,0.0,0.1,999.9,999.9,999.9,0,8.4,8.8
16585596,0723,85.2,81.0,80.8,48.9,47.6,47.9,999.9,898.8,897.3,10.0,13.4,11.2,10.1,7.7,7.8,15.9,17.2,16.5,89.1,96.4,96.9,63.0,67.1,65.6,0.0,0.0,0.1,999.9,999.9,999.9,18,8.4,8.2
16585596,0723,81.1,81.0,80.7,41.4,47.7,48.1,871.4,899.5,897.3,41.0,13.4,10.9,4.9,7.7,8.0,14.0,17.2,16.5,93.9,96.4,96.5,61.0,67.0,65.4,0.03,0.0,0.1,999.9,999.9,999.9,0,8.4,7.2
16585596,0723,88.8,81.0,80.7,36.2,47.6,48.2,869.5,899.5,897.4,10.0,13.6,11.9,10.2,7.7,7.8,11.1,17.1,16.4,88.7,96.4,96.2,71.1,66.9,65.4,0.01,0.0,0.1,999.9,999.9,999.9,0,8.4,7.2
16585596,0723,76.7,81.0,81.0,47.1,47.6,47.6,869.5,899.4,897.5,10.0,13.6,11.9,9.9,7.7,8.0,12.0,17.1,16.4,93.9,96.4,96.0,57.0,66.9,65.6,0.14,0.0,0.1,999.9,999.9,999.9,0,8.4,7.2
16585596,0723,74.2,81.0,80.9,37.5,47.5,47.8,870.4,899.4,897.3,22.3,13.6,11.9,11.6,7.7,8.1,19.0,17.0,16.5,99.0,96.3,95.9,75.0,66.9,65.3,0.0,0.0,0.1,999.9,999.9,999.9,18,8.4,6.6
16585596,0723,79.3,80.9,80.8,57.6,47.4,47.9,871.5,898.7,897.2,10.0,13.7,12.3,6.9,7.8,8.3,15.9,17.0,16.8,93.9,96.4,96.6,61.0,66.9,65.5,0.0,0.0,0.1,999.9,999.9,999.9,48,8.5,7.2
16585596,0723,76.8,80.9,80.8,41.2,47.4,48.4,999.9,898.7,892.9,10.0,13.5,12.3,8.1,7.7,8.2,18.1,17.0,16.8,99.0,96.4,96.6,71.1,66.9,65.5,0.17,0.0,0.1,999.9,999.9,999.9,0,8.8,8.2
16585596,0723,80.7,80.9,80.5,57.5,47.3,48.4,999.9,898.7,897.2,10.0,13.5,12.3,10.4,7.7,8.3,24.1,16.9,16.6,104.0,96.4,96.9,54.0,66.9,65.8,0.0,0.0,0.1,999.9,999.9,999.9,0,8.8,7.7
16585596,0723,80.9,80.9,81.1,41.6,47.3,48.5,870.4,899.4,901.5,13.5,13.5,12.3,9.5,7.8,8.4,19.0,16.9,16.3,98.1,96.4,97.0,57.0,66.8,65.5,0.0,0.0,0.1,999.9,999.9,999.9,18,8.7,7.1
16585596,0723,86.8,80.9,81.2,40.5,47.3,48.4,999.9,899.4,901.5,10.0,13.5,12.3,9.9,7.8,8.4,10.1,16.9,16.4,93.0,96.4,97.0,66.0,66.8,65.0,0.0,0.0,0.1,999.9,999.9,999.9,18,8.8,7.7
16585596,0723,80.9,80.9,81.8,54.1,47.3,48.1,871.0,900.1,905.7,10.0,13.5,12.3,9.9,7.8,8.6,20.0,16.9,16.0,95.0,96.3,96.8,66.9,66.8,65.0,0.11,0.0,0.1,999.9,999.9,999.9,0,8.9,8.3
16585596,0723,79.9,80.8,81.9,40.5,47.3,48.1,868.1,900.2,905.7,20.3,13.5,12.3,6.9,7.8,8.6,26.0,16.9,16.4,93.0,96.3,96.7,71.1,66.8,65.3,0.02,0.0,0.0,999.9,999.9,999.9,18,8.8,8.3
16585596,0723,80.3,80.8,81.9,54.6,47.3,47.9,875.8,900.1,905.5,9.9,13.6,12.6,6.5,7.8,8.5,17.1,17.0,16.7,95.0,96.3,96.5,71.1,66.8,65.4,0.0,0.0,0.0,999.9,999.9,999.9,2,8.9,8.9
16585596,0723,80.9,80.8,81.7,39.9,47.3,48.3,870.4,900.1,905.6,9.7,13.6,12.6,8.2,7.8,8.5,18.1,17.0,16.9,102.0,96.3,96.6,75.0,66.9,65.4,0.02,0.0,0.0,999.9,999.9,999.9,2,8.8,8.3
16585596,0723,80.7,80.8,81.5,54.1,47.2,48.1,873.5,899.4,905.5,10.0,13.6,12.6,6.3,7.8,8.4,14.0,17.0,17.0,93.9,96.3,96.7,66.2,66.8,65.8,0.11,0.0,0.0,999.9,999.9,999.9,0,8.8,7.8
16585596,0723,85.2,80.8,81.4,41.6,47.2,48.5,873.6,899.4,905.5,22.3,13.5,12.6,6.3,7.8,8.5,15.9,17.1,16.9,88.7,96.3,96.7,66.0,66.9,65.6,0.0,0.0,0.1,999.9,999.9,999.9,0,8.8,7.8
16585596,0723,88.8,80.8,81.6,58.4,47.2,48.5,999.9,899.4,905.5,9.8,13.6,13.0,6.3,7.8,8.5,8.9,17.1,16.9,79.0,96.3,96.3,66.0,66.8,65.7,0.0,0.0,0.1,999.9,999.9,999.9,0,8.8,7.8
16585596,0723,76.8,80.9,81.6,44.1,47.2,49.2,875.8,900.1,909.8,10.0,13.6,12.7,9.6,7.8,8.4,15.9,17.1,16.2,102.0,96.1,95.5,71.1,66.8,65.4,0.0,0.0,0.1,999.9,999.9,999.9,18,8.8,7.2
16585596,0723,79.3,80.8,81.6,54.5,47.2,48.7,872.4,899.4,910.1,41.0,13.6,12.3,10.4,7.8,8.4,13.0,17.1,16.3,93.0,96.1,95.8,66.9,66.8,65.6,0.0,0.0,0.0,999.9,999.9,999.9,2,8.8,7.8
16585596,0723,80.9,80.9,81.5,41.6,47.1,49.0,869.0,899.5,910.1,10.0,13.6,13.3,10.2,7.8,8.6,15.9,17.0,16.1,93.0,96.1,95.6,57.0,66.8,65.8,0.0,0.0,0.0,999.9,999.9,999.9,0,8.8,7.9
16585596,0723,87.8,81.0,81.5,41.6,47.1,48.5,873.0,899.5,910.2,41.0,13.6,13.3,10.4,7.8,8.5,15.9,17.1,16.3,99.0,96.0,95.3,68.0,66.7,65.5,0.0,0.0,0.0,999.9,999.9,999.9,0,8.8,7.9
16585596,0723,88.1,81.0,81.7,37.5,47.0,48.4,999.9,899.5,910.1,9.7,13.6,14.4,6.2,7.8,8.7,18.1,17.0,16.4,89.1,96.1,95.4,71.1,66.7,65.6,0.0,0.0,0.0,999.9,999.9,999.9,0,8.8,7.9
16585596,0723,79.9,81.1,81.7,49.3,47.0,47.8,873.1,900.2,914.5,30.7,13.4,14.3,10.6,7.8,8.5,12.0,17.0,16.0,87.1,96.0,95.3,68.0,66.7,65.5,0.02,0.0,0.0,999.9,999.9,999.9,18,8.8,7.3
16585596,0723,81.1,81.1,81.4,36.2,47.0,47.7,873.5,900.2,910.3,9.8,13.6,15.0,9.5,7.8,8.6,13.0,16.9,16.0,95.0,96.0,94.7,64.9,66.7,65.6,0.0,0.0,0.0,999.9,999.9,999.9,18,8.9,7.9
16585596,0723,85.2,81.1,81.3,45.0,47.0,47.0,869.5,900.2,910.3,10.0,13.6,15.0,5.3,7.8,8.5,13.0,16.9,15.9,99.0,96.0,94.6,71.1,66.7,65.6,0.0,0.0,0.0,999.9,999.9,999.9,0,8.9,7.9
16585596,0723,85.4,81.1,81.4,47.1,47.0,46.6,875.8,899.5,905.9,10.0,13.6,15.0,6.9,7.8,8.3,17.1,16.9,16.0,99.0,96.0,94.7,63.0,66.7,65.4,0.0,0.0,0.0,999.9,999.9,999.9,0,8.8,7.9
16585596,0723,74.2,81.1,82.2,45.0,47.0,46.8,869.0,898.8,906.1,10.0,13.6,15.0,6.2,7.8,8.4,24.3,16.9,16.2,95.0,96.1,94.6,62.1,66.6,65.4,0.0,0.0,0.0,999.9,999.9,999.9,18,8.8,7.3
16585596,0723,80.7,81.1,82.0,47.1,47.1,46.4,866.4,898.0,906.0,10.0,13.6,15.0,8.1,7.8,8.3,11.1,17.0,16.6,95.0,96.0,94.4,62.1,66.6,65.5,0.0,0.0,0.0,999.9,999.9,999.9,2,8.8,7.9
16585596,0723,78.4,81.1,81.7,36.2,47.1,46.2,999.9,898.0,901.5,10.0,13.6,15.0,6.3,7.8,8.3,15.0,17.0,16.2,90.0,96.0,94.6,73.9,66.6,65.5,0.0,0.0,0.0,999.9,999.9,999.9,0,8.8,7.3
16585596,0723,79.9,81.1,81.6,54.6,47.0,45.8,871.4,898.7,905.7,10.0,13.5,15.0,10.4,7.8,8.3,10.1,17.0,15.9,91.9,95.9,94.5,64.9,66.6,65.8,0.0,0.0,0.0,999.9,999.9,999.9,0,8.7,7.3
16585596,0723,82.7,81.1,81.5,57.2,47.0,45.8,999.9,898.7,901.4,9.9,13.5,15.0,4.7,7.8,8.4,12.0,17.0,15.8,91.9,95.9,94.2,73.9,66.6,66.1,0.0,0.0,0.0,999.9,999.9,999.9,18,8.6,7.3
16585596,0723,81.1,81.2,81.4,46.5,47.1,46.0,869.6,899.4,901.4,10.0,13.5,15.0,10.2,7.8,8.2,15.9,17.0,15.7,93.9,95.9,94.3,62.1,66.6,66.5,0.33,0.0,0.0,999.9,999.9,999.9,2,8.6,7.3
16585596,0723,79.9,81.2,81.4,41.2,47.1,46.2,869.5,898.7,901.4,10.0,13.4,14.0,6.4,7.8,8.4,13.0,17.0,15.7,98.1,95.9,94.3,68.0,66.6,66.5,0.11,0.0,0.0,999.9,999.9,999.9,0,8.5,7.3
16585596,0723,82.3,81.2,81.1,54.5,47.0,46.4,999.9,898.7,901.4,10.0,13.4,14.0,9.3,7.8,8.3,20.0,17.0,15.8,102.9,95.8,94.7,66.0,66.5,66.4,0.11,0.0,0.0,999.9,999.9,999.9,18,8.5,7.3
16585596,0723,76.4,81.1,81.3,57.5,47.1,46.6,999.9,899.4,905.7,10.0,13.4,14.0,10.1,7.8,8.2,22.0,16.9,16.1,99.0,95.9,95.0,66.9,66.5,66.7,0.0,0.0,0.0,999.9,999.9,999.9,16,8.6,7.9
16585596,0723,88.1,81.1,81.4,55.6,47.2,47.3,872.4,900.1,910.0,10.0,13.4,13.6,4.7,7.8,8.2,12.0,17.0,16.2,102.9,96.0,95.0,54.0,66.5,66.4,0.0,0.0,0.0,999.9,999.9,999.9,0,8.7,7.9
16585596,0723,81.1,81.1,81.7,41.6,47.3,47.2,871.4,900.1,910.1,9.9,13.4,13.6,6.9,7.8,8.1,18.1,16.9,16.0,93.0,96.0,95.2,66.9,66.4,66.2,0.0,0.0,0.0,999.9,999.9,999.9,16,8.7,6.3
16585596,0723,82.3,81.1,81.8,48.9,47.2,47.2,869.0,900.1,905.8,9.9,13.4,13.6,3.7,7.8,8.1,19.0,17.0,16.0,95.0,96.0,95.0,62.1,66.4,66.0,0.0,0.0,0.0,999.9,999.9,999.9,0,8.8,6.8
16585596,0723,83.0,81.1,81.9,55.9,47.2,46.9,871.0,900.1,901.4,9.8,13.4,13.6,9.5,7.8,7.9,11.1,17.0,15.9,98.1,96.1,94.8,71.1,66.3,66.3,0.14,0.0,0.0,999.9,999.9,999.9,0,8.7,6.8
16585596,0723,79.9,81.1,81.9,54.1,47.2,47.4,871.0,900.1,901.5,9.9,13.4,13.5,9.6,7.8,7.9,26.0,17.0,15.6,90.0,96.1,94.8,61.0,66.4,66.8,0.11,0.0,0.0,999.9,999.9,999.9,0,8.7,6.2
16585596,0723,77.5,81.1,81.7,52.0,47.3,47.9,999.9,900.1,897.2,14.9,13.4,13.5,10.1,7.8,7.9,13.0,17.0,16.1,88.7,96.0,94.7,63.0,66.3,66.6,0.0,0.0,0.0,999.9,999.9,999.9,2,8.6,5.6
16585596,0723,80.7,81.1,81.6,45.2,47.2,47.8,871.5,900.9,901.5,10.0,13.4,13.6,6.6,7.8,7.9,13.0,17.0,15.9,95.0,96.0,94.4,75.9,66.3,66.5,0.33,0.0,0.0,999.9,999.9,999.9,18,8.6,5.7
16585596,0723,69.7,81.1,81.6,54.5,47.2,48.0,869.5,900.9,901.6,22.3,13.4,13.3,10.2,7.8,7.8,13.0,17.0,15.5,102.9,96.0,94.5,68.0,66.3,66.6,0.0,0.0,0.0,999.9,999.9,999.9,0,8.6,5.7
16585596,0723,81.1,81.0,81.3,54.1,47.2,48.0,871.5,900.9,901.4,10.0,13.5,13.7,9.8,7.8,8.0,18.1,16.9,15.3,89.1,96.0,94.8,57.0,66.3,66.5,0.11,0.0,0.0,999.9,999.9,999.9,0,8.5,5.6
16585596,0723,76.4,81.0,81.3,57.5,47.2,48.4,869.6,900.9,901.4,10.0,13.5,13.7,8.7,7.8,8.0,19.0,16.9,15.3,99.0,96.0,94.3,75.9,66.3,65.9,0.0,0.0,0.0,999.9,999.9,999.9,0,8.5,5.5
16585596,0723,79.9,81.0,81.1,52.0,47.2,48.5,999.9,900.1,901.3,10.0,13.4,13.7,6.2,7.9,8.1,15.0,16.9,15.5,102.0,96.0,94.5,61.0,66.3,66.3,0.33,0.0,0.0,999.9,999.9,999.9,0,8.5,5.5
16585596,0723,80.7,81.0,81.0,49.2,47.3,48.9,873.0,900.1,905.5,9.9,13.4,13.3,10.2,7.9,8.1,24.1,16.8,15.5,95.0,96.0,95.0,72.0,66.2,66.1,0.0,0.0,0.1,999.9,999.9,999.9,18,8.4,5.5
16585596,0723,87.8,81.0,80.7,49.3,47.3,48.6,999.9,900.1,901.2,10.0,13.4,13.3,10.6,7.9,8.2,14.0,16.9,16.0,98.1,96.0,95.5,68.0,66.2,66.3,0.0,0.0,0.1,999.9,999.9,999.9,0,8.5,6.1
16585596,0723,69.7,81.1,81.1,37.5,47.3,48.8,870.4,900.8,905.4,13.5,13.4,13.3,8.7,7.9,8.3,14.0,16.9,15.9,93.9,96.0,95.4,63.0,66.2,66.2,0.0,0.0,0.1,999.9,999.9,999.9,18,8.4,5.5
16585596,0723,80.9,81.0,80.7,45.0,47.3,48.2,871.4,900.8,905.3,13.5,13.4,12.4,5.6,7.9,8.2,12.0,16.8,15.9,102.0,96.0,95.4,72.0,66.2,66.1,0.01,0.0,0.1,999.9,999.9,999.9,18,8.5,6.1
16585596,0723,80.3,81.0,80.7,37.5,47.3,48.3,872.9,900.8,905.4,30.7,13.4,12.5,6.3,7.9,8.1,15.9,16.8,15.8,102.0,96.0,95.7,66.0,66.2,66.6,0.0,0.0,0.1,999.9,999.9,999.9,0,8.5,6.7
16585596,0723,82.7,81.0,80.5,48.9,47.3,48.2,873.6,900.1,905.4,9.9,13.5,12.1,10.6,7.9,7.9,15.9,16.8,15.8,102.0,96.1,95.8,66.9,66.2,66.5,0.01,0.0,0.1,999.9,999.9,999.9,48,8.5,6.7
16585596,0723,80.9,80.9,80.3,49.2,47.4,48.5,869.6,900.1,901.2,20.3,13.5,12.2,10.2,7.9,8.1,15.9,16.8,15.7,93.0,96.2,96.2,66.2,66.3,66.4,0.0,0.0,0.1,999.9,999.9,999.9,0,8.7,8.3
16585596,0723,83.0,80.9,80.3,45.2,47.3,48.5,870.4,900.1,901.1,9.7,13.6,11.8,5.1,7.9,8.1,17.1,16.8,15.9,102.9,96.2,96.4,62.1,66.2,66.3,0.33,0.0,0.1,999.9,999.9,999.9,0,8.7,7.7
16585596,0723,88.8,80.9,80.4,44.1,47.3,48.8,870.0,900.1,901.0,9.9,13.6,11.8,9.6,7.9,7.9,10.1,16.9,16.0,95.0,96.2,96.7,66.9,66.2,66.2,0.0,0.0,0.1,999.9,999.9,999.9,18,8.6,7.1
16585596,0723,76.7,80.9,80.5,44.6,47.3,48.8,873.0,900.1,901.0,9.7,13.6,11.8,6.2,7.9,8.0,19.0,16.8,15.9,102.0,96.2,96.5,75.0,66.2,66.1,0.03,0.0,0.1,999.9,999.9,999.9,18,8.7,7.7
16585596,0723,77.1,80.9,80.2,55.6,47.3,48.7,869.5,900.1,900.9,22.2,13.6,11.8,9.8,7.9,8.0,13.0,16.9,16.0,102.0,96.2,96.6,75.9,66.3,66.5,0.33,0.0,0.1,999.9,999.9,999.9,0,8.8,8.3
16585596,0723,82.7,80.9,80.3,45.0,47.3,49.1,866.4,900.1,900.9,10.0,13.6,12.2,9.8,7.9,8.1,13.0,16.9,15.6,98.1,96.3,96.9,70.0,66.3,66.9,0.0,0.0,0.1,999.9,999.9,999.9,18,8.8,7.7
16585596,0723,80.3,80.9,80.4,52.0,47.3,49.0,866.4,900.1,900.9,9.8,13.6,12.2,9.3,7.9,8.2,24.3,16.9,15.6,99.0,96.3,97.0,72.0,66.4,67.2,0.0,0.0,0.1,999.9,999.9,999.9,0,8.9,8.2
16585596,0723,78.4,80.9,80.5,41.4,47.3,49.5,869.0,900.0,896.4,9.7,13.4,12.2,5.1,7.9,8.3,15.0,16.9,16.0,99.0,96.4,97.3,59.0,66.5,67.1,0.0,0.0,0.1,999.9,999.9,999.9,0,8.8,8.2
16585596,0723,82.8,80.9,80.4,41.6,47.3,49.1,875.8,900.0,896.4,39.8,13.4,12.2,9.9,7.9,8.1,8.9,16.8,16.1,102.9,96.4,97.5,62.1,66.4,66.9,0.02,0.0,0.1,999.9,999.9,999.9,0,8.8,8.2
16585596,0723,77.5,80.9,80.4,41.2,47.3,48.6,873.6,900.0,892.2,30.7,13.4,13.2,6.3,7.9,8.3,15.9,16.8,16.0,104.0,96.4,97.9,75.9,66.4,66.5,0.0,0.0,0.1,999.9,999.9,999.9,0,8.7,7.6
16585596,0723,62.0,80.9,80.3,57.6,47.2,48.4,870.4,899.3,892.4,22.2,13.6,13.9,11.6,7.9,8.2,14.0,16.7,16.0,93.0,96.4,98.2,66.0,66.4,67.0,0.0,0.0,0.1,999.9,999.9,999.9,0,8.4,7.5
16585596,0723,82.8,80.8,79.7,54.1,47.3,48.9,999.9,899.3,892.4,9.9,13.6,14.3,8.8,7.9,8.3,19.0,16.7,16.0,93.9,96.5,98.0,61.0,66.5,66.9,0.15,0.0,0.1,999.9,999.9,999.9,18,8.4,7.5
16585596,0723,83.0,80.7,79.7,47.1,47.3,48.9,869.5,900.0,892.4,14.9,13.6,14.3,9.3,8.0,8.3,15.9,16.7,16.0,91.9,96.4,97.8,63.0,66.5,66.8,0.33,0.0,0.1,999.9,999.9,999.9,0,8.4,7.5
16585596,0723,79.3,80.8,79.9,57.6,47.3,48.6,999.9,900.0,888.0,9.9,13.6,14.4,6.4,8.0,8.3,17.1,16.7,15.8,95.0,96.4,97.5,66.2,66.5,66.6,0.0,0.0,0.1,999.9,999.9,999.9,0,8.1,7.0
16585596,0723,80.3,80.8,79.6,54.6,47.4,48.6,870.4,900.7,892.3,9.7,13.6,14.4,6.2,8.0,8.4,11.1,16.7,16.0,99.0,96.4,97.3,71.1,66.5,67.0,0.03,0.0,0.1,999.9,999.9,999.9,0,8.1,7.0
16585596,0723,82.7,80.8,79.6,47.1,47.5,49.1,869.6,900.7,892.3,39.8,13.6,14.4,8.1,8.0,8.3,13.0,16.7,15.7,79.0,96.4,97.5,59.0,66.5,67.2,0.0,0.0,0.1,999.9,999.9,999.9,18,8.1,6.5
16585596,0723,86.6,80.8,79.6,44.1,47.4,49.0,872.9,900.7,892.3,10.0,13.8,15.4,5.3,8.0,8.5,24.3,16.6,15.5,93.0,96.3,96.9,71.1,66.4,67.1,0.15,0.0,0.1,999.9,999.9,999.9,18,8.2,7.1
16585596,0723,76.7,80.9,79.7,44.1,47.4,48.6,870.0,900.7,892.3,22.3,13.8,15.4,8.8,8.0,8.3,12.0,16.7,16.0,102.0,96.2,96.7,75.9,66.4,67.1,0.0,0.0,0.1,999.9,999.9,999.9,0,8.3,7.7
16585596,0723,78.3,80.9,79.6,50.9,47.4,48.3,875.8,900.0,892.3,14.9,13.8,15.8,8.8,8.0,8.3,26.0,16.7,15.5,87.1,96.2,97.1,68.0,66.5,67.6,0.0,0.0,0.1,999.9,999.9,999.9,18,8.2,7.7
16585596,0723,88.1,80.9,79.7,45.2,47.4,48.3,873.0,899.3,888.2,9.9,13.9,15.8,10.4,8.0,8.3,18.1,16.7,16.0,95.0,96.2,97.1,71.1,66.5,67.7,0.33,0.0,0.1,999.9,999.9,999.9,18,8.2,8.2
16585596,0723,69.7,80.9,79.9,57.2,47.4,48.3,999.9,898.6,888.2,10.0,13.9,15.8,6.3,8.0,8.4,22.0,16.8,16.1,99.0,96.2,97.1,66.0,66.5,67.6,0.01,0.0,0.1,999.9,999.9,999.9,18,8.1,8.2
16585596,0723,82.8,80.9,79.9,41.6,47.4,48.3,871.0,899.3,892.6,9.9,13.9,15.4,6.3,8.0,8.3,12.0,16.8,16.4,93.0,96.2,97.0,73.9,66.5,67.5,0.0,0.0,0.1,999.9,999.9,999.9,18,8.1,8.8
16585596,0723,85.2,80.9,80.0,47.1,47.4,47.9,871.0,899.3,892.6,10.0,13.9,15.4,8.7,8.0,8.2,15.0,16.6,16.2,102.9,96.1,97.1,62.1,66.5,68.1,0.0,0.0,0.1,999.9,999.9,999.9,18,8.1,9.4
16585596,0723,76.7,80.9,80.3,45.0,47.4,47.6,999.9,899.3,892.6,10.0,13.9,15.4,8.2,8.0,8.2,15.0,16.6,16.1,98.1,96.2,97.2,73.9,66.4,67.6,0.0,0.0,0.1,999.9,999.9,999.9,0,8.2,10.0
16585596,0723,83.0,80.9,80.1,47.2,47.4,47.4,999.9,899.3,892.6,10.0,13.7,15.4,10.4,8.0,8.2,19.0,16.5,16.1,102.0,96.2,97.1,64.9,66.4,68.0,0.0,0.0,0.1,999.9,999.9,999.9,18,8.1,10.0
16585596,0723,89.2,80.9,80.2,45.0,47.5,47.3,869.5,900.0,896.8,10.0,13.6,15.4,9.6,8.0,8.2,17.1,16.6,15.9,93.0,96.3,97.3,71.1,66.4,67.8,0.0,0.0,0.1,999.9,999.9,999.9,0,8.1,10.0
16585596,0723,76.8,80.9,80.3,41.6,47.5,47.1,870.5,899.3,892.5,9.9,13.5,15.4,9.9,8.0,8.2,22.0,16.5,16.0,90.0,96.3,97.2,64.9,66.4,67.9,0.0,0.0,0.1,999.9,999.9,999.9,2,8.1,10.0
16585596,0723,76.4,80.9,80.5,49.2,47.5,47.3,999.9,898.6,892.5,10.0,13.5,15.3,8.1,8.0,8.2,20.0,16.5,16.3,102.0,96.3,97.0,64.9,66.3,68.0,0.0,0.0,0.1,999.9,999.9,999.9,18,8.1,9.5
16585596,0723,62.0,80.8,80.4,58.4,47.5,47.4,872.4,898.6,896.8,9.7,13.5,15.2,9.3,8.1,8.3,14.0,16.5,16.6,91.9,96.3,97.0,73.9,66.3,67.7,0.0,0.0,0.1,999.9,999.9,999.9,0,8.1,9.5
16585596,0723,79.9,80.7,79.8,46.5,47.6,48.1,873.5,898.6,896.8,10.0,13.5,14.5,6.9,8.1,8.4,14.0,16.5,16.5,90.0,96.3,96.7,61.0,66.3,68.0,0.0,0.0,0.1,999.9,999.9,999.9,0,8.0,9.5
16585596,0723,82.3,80.7,79.7,44.1,47.6,48.0,870.4,898.6,896.8,9.8,13.5,14.5,6.3,8.1,8.3,12.0,16.5,16.4,95.0,96.2,96.3,62.1,66.3,67.8,0.0,0.0,0.1,999.9,999.9,999.9,18,8.0,7.9
16585596,0723,80.9,80.7,79.7,55.9,47.6,47.9,871.0,898.6,896.8,9.8,13.5,14.1,6.3,8.0,8.2,14.0,16.5,16.3,102.9,96.2,96.4,54.0,66.3,67.7,0.0,0.0,0.1,999.9,999.9,999.9,18,8.1,8.5
16585596,0723,79.3,80.7,79.6,39.9,47.6,48.2,871.5,897.9,896.8,10.0,13.5,14.1,6.6,8.0,8.2,14.0,16.5,16.2,87.1,96.2,96.4,66.0,66.2,67.4,0.33,0.0,0.0,999.9,999.9,999.9,18,8.2,9.1
16585596,0723,80.9,80.7,79.3,50.9,47.5,48.1,872.4,897.9,896.9,9.9,13.5,14.1,9.6,8.0,8.1,31.1,16.4,16.3,93.9,96.2,96.1,61.0,66.2,67.4,0.11,0.0,0.1,999.9,999.9,999.9,18,8.3,9.1
16585596,0723,79.3,80.8,79.5,39.9,47.6,48.3,873.0,897.9,896.8,14.9,13.5,14.2,6.2,8.1,8.2,20.0,16.5,16.7,95.0,96.3,95.8,66.9,66.1,66.9,0.0,0.0,0.1,999.9,999.9,999.9,0,8.3,9.1
16585596,0723,76.8,80.8,79.5,37.5,47.6,47.8,869.5,897.9,896.9,10.0,13.5,13.9,9.8,8.0,8.1,18.1,16.5,17.0,98.1,96.3,95.6,70.0,66.1,66.6,0.0,0.0,0.0,999.9,999.9,999.9,18,8.3,9.1
16585596,0723,85.2,80.7,79.3,49.2,47.6,47.5,873.5,897.9,897.1,9.9,13.5,13.9,9.8,8.0,8.1,15.9,16.6,17.1,93.0,96.3,95.6,73.9,66.1,66.6,0.0,0.0,0.0,999.9,999.9,999.9,18,8.4,9.1
16585596,0723,76.4,80.8,79.5,52.0,47.6,47.4,870.4,897.9,897.3,30.7,13.5,13.9,6.4,8.1,8.1,15.9,16.5,16.9,90.0,96.3,95.4,61.0,66.1,66.7,0.03,0.0,0.0,999.9,999.9,999.9,0,8.5,9.7
16585596,0723,88.1,80.7,79.4,45.0,47.6,47.8,872.4,897.9,897.3,22.3,13.7,14.6,5.3,8.1,8.2,18.1,16.6,16.9,102.0,96.3,95.1,62.2,66.1,66.7,0.0,0.0,0.0,999.9,999.9,999.9,0,8.5,9.7
16585596,0723,81.1,80.8,79.6,57.2,47.6,47.9,872.4,897.9,897.2,10.0,13.7,14.0,6.6,8.0,8.0,24.1,16.5,17.2,104.0,96.3,95.1,66.9,66.0,66.7,0.0,0.0,0.0,999.9,999.9,999.9,0,8.5,9.7
16585596,0723,78.3,80.9,79.7,33.1,47.6,48.4,873.5,897.2,897.2,9.9,13.7,13.3,4.9,8.0,8.0,15.0,16.6,17.5,93.0,96.3,95.1,62.1,66.0,66.4,0.0,0.0,0.0,999.9,999.9,999.9,18,8.4,9.7
16585596,0723,74.2,80.9,80.3,46.5,47.5,47.6,869.6,897.2,897.3,10.0,13.7,12.9,5.6,8.0,7.8,17.1,16.6,17.5,88.7,96.3,95.1,73.9,66.0,66.3,0.0,0.0,0.0,999.9,999.9,999.9,0,8.4,10.3
16585596,0723,80.9,80.8,80.0,54.1,47.5,47.4,872.9,897.2,892.9,39.8,13.7,12.9,11.6,8.0,7.7,22.0,16.6,17.4,89.1,96.2,94.9,66.2,66.1,66.7,0.15,0.0,0.0,999.9,999.9,999.9,0,8.3,9.7
16585596,0723,86.8,80.8,79.9,40.5,47.5,47.6,872.4,896.5,893.1,10.0,13.9,13.8,11.6,8.0,7.8,11.1,16.6,17.6,100.0,96.2,94.8,66.9,66.1,66.8,0.0,0.0,0.0,999.9,999.9,999.9,0,8.2,9.7
16585596,0723,77.5,80.8,80.2,50.2,47.5,47.0,869.7,896.5,888.8,41.0,13.9,13.8,10.4,8.1,7.9,24.1,16.6,17.4,87.1,96.2,95.0,73.9,66.1,66.9,0.0,0.0,0.0,999.9,999.9,999.9,0,8.2,9.7
16585596,0723,74.2,80.8,80.1,47.2,47.5,46.9,872.9,896.4,888.8,9.9,14.0,14.8,10.6,8.1,8.1,34.0,16.5,17.9,98.1,96.2,94.6,73.9,66.2,67.0,0.0,0.0,0.0,999.9,999.9,999.9,18,7.9,9.7
16585596,0723,77.5,80.7,79.8,57.5,47.5,46.9,870.0,896.5,888.9,10.0,14.0,13.8,5.3,8.1,8.2,15.9,16.7,18.6,102.0,96.2,95.2,75.0,66.2,67.5,0.0,0.0,0.0,999.9,999.9,999.9,48,8.0,9.7
16585596,0723,76.8,80.6,79.5,47.2,47.6,47.3,870.4,896.4,888.8,22.3,13.8,13.8,3.7,8.1,8.2,31.1,16.7,18.3,93.9,96.3,95.5,71.1,66.2,67.6,0.0,0.0,0.0,999.9,999.9,999.9,0,8.3,10.7
16585596,0723,82.8,80.6,79.5,58.4,47.6,47.4,870.5,896.4,888.8,9.8,13.7,13.8,5.6,8.0,8.0,19.0,16.8,18.9,93.9,96.3,95.2,64.9,66.2,67.4,0.0,0.0,0.0,999.9,999.9,999.9,18,8.3,10.7
16585596,0723,77.1,80.6,79.6,49.2,47.6,47.7,871.0,896.4,888.6,10.0,13.7,13.6,6.6,8.0,7.9,10.1,16.8,18.7,102.0,96.2,95.5,70.0,66.2,67.3,0.0,0.0,0.0,999.9,999.9,999.9,0,8.4,10.7
16585596,0723,74.2,80.6,79.3,55.9,47.7,47.8,869.6,896.4,888.6,41.0,13.7,13.7,4.7,8.0,7.8,31.1,16.7,18.4,95.0,96.3,95.7,61.0,66.1,67.3,0.0,0.0,0.0,999.9,999.9,999.9,18,8.4,10.1
16585596,0723,80.9,80.6,79.4,48.9,47.7,47.8,999.9,896.4,884.2,10.0,13.9,14.7,5.1,8.0,7.7,20.0,16.8,18.7,102.9,96.2,95.6,54.0,66.2,67.1,0.0,0.0,0.0,999.9,999.9,999.9,0,8.4,10.1
16585596,0723,82.3,80.6,79.4,57.5,47.7,48.0,870.5,897.1,888.5,30.7,13.8,14.7,8.1,8.0,7.7,34.0,16.8,19.0,91.9,96.3,95.9,70.0,66.1,66.5,0.0,0.0,0.0,999.9,999.9,999.9,18,8.3,9.5
16585596,0723,62.0,80.6,79.3,39.9,47.8,48.4,871.4,897.1,888.5,10.0,13.9,15.4,9.9,8.0,7.6,11.1,16.9,19.6,93.0,96.3,95.5,64.9,66.1,66.7,0.02,0.0,0.0,999.9,999.9,999.9,0,8.4,9.5
16585596,0723,79.3,80.4,78.8,49.3,47.8,48.2,869.5,897.1,884.2,9.9,13.9,15.4,5.3,8.0,7.7,15.0,16.8,19.5,93.0,96.3,95.3,75.0,66.0,66.4,0.0,0.0,0.0,999.9,999.9,999.9,0,8.4,9.5
16585596,0723,78.4,80.4,78.6,41.6,47.8,48.3,999.9,897.1,879.9,20.3,13.9,15.4,6.6,8.0,7.5,12.0,16.8,19.4,102.0,96.2,95.0,66.0,66.1,66.8,0.0,0.0,0.0,999.9,999.9,999.9,0,8.4,8.9
16585596,0723,79.9,80.4,78.3,47.2,47.7,48.1,872.9,897.8,884.2,9.9,13.9,15.7,5.1,8.0,7.4,31.1,16.8,19.2,99.0,96.2,95.3,62.2,66.2,66.6,0.03,0.0,0.0,999.9,999.9,999.9,0,8.3,8.9
16585596,0723,76.4,80.4,78.4,54.1,47.7,48.3,869.0,897.8,884.3,10.0,13.9,15.7,5.6,8.0,7.3,20.0,16.8,19.5,93.9,96.2,95.7,66.9,66.2,66.5,0.0,0.0,0.0,999.9,999.9,999.9,18,8.2,8.8
16585596,0723,82.8,80.4,78.4,45.2,47.7,48.5,871.4,897.1,879.9,22.2,13.8,15.7,9.3,8.0,7.2,18.1,16.8,19.5,99.0,96.2,95.4,66.2,66.2,66.6,0.0,0.0,0.0,999.9,999.9,999.9,0,8.3,8.8
16585596,0723,89.2,80.4,79.1,39.9,47.7,48.1,870.5,897.1,879.9,10.0,13.9,16.1,8.2,7.9,7.2,24.1,16.9,19.6,91.9,96.2,95.6,61.0,66.2,66.3,0.01,0.0,0.0,999.9,999.9,999.9,0,8.3,8.8
16585596,0723,79.3,80.4,79.4,44.6,47.6,47.8,873.5,897.1,879.8,10.0,13.7,16.1,6.2,7.9,7.2,18.1,16.9,20.0,79.0,96.2,95.7,72.0,66.2,66.3,0.0,0.0,0.0,999.9,999.9,999.9,0,8.3,8.8
16585596,0723,89.2,80.4,79.3,55.6,47.6,47.9,873.1,897.1,879.9,39.8,13.6,16.1,6.9,7.9,7.2,34.0,16.9,20.2,89.1,96.1,95.1,66.2,66.2,66.6,0.17,0.0,0.0,999.9,999.9,999.9,18,8.0,8.2
16585596,0723,85.2,80.4,79.6,41.4,47.7,47.8,872.4,897.1,880.0,39.8,13.6,17.1,8.7,7.9,7.2,17.1,17.0,20.8,104.0,96.1,94.7,59.0,66.3,67.0,0.0,0.0,0.0,999.9,999.9,999.9,18,8.1,8.2
16585596,0723,82.7,80.5,79.8,44.1,47.7,47.9,999.9,896.4,880.0,10.0,13.7,18.1,6.9,8.0,7.3,18.1,16.9,20.9,90.0,96.1,95.3,66.0,66.2,66.8,0.0,0.0,0.0,999.9,999.9,999.9,0,8.2,8.2
16585596,0723,76.8,80.4,79.8,49.2,47.6,47.7,868.1,897.1,884.3,9.8,13.7,18.1,10.2,7.9,7.2,22.0,17.0,20.5,93.9,96.0,95.1,66.9,66.2,67.0,0.0,0.0,0.0,999.9,999.9,999.9,16,8.1,7.6
16585596,0723,82.8,80.4,79.7,45.2,47.6,48.0,869.5,897.1,884.1,10.0,13.5,18.0,9.3,8.0,7.4,13.0,17.1,20.6,99.0,96.0,95.1,54.0,66.2,67.0,0.0,0.0,0.0,999.9,999.9,999.9,0,8.2,8.1
16585596,0723,74.2,80.4,79.9,55.9,47.6,48.2,872.9,897.1,884.1,10.0,13.5,18.0,11.6,8.0,7.3,12.0,17.1,20.4,102.0,96.0,95.1,73.9,66.1,66.4,0.0,0.0,0.0,999.9,999.9,999.9,0,8.2,7.5
16585596,0723,77.5,80.4,79.6,41.2,47.6,48.5,873.5,897.1,884.1,10.0,13.5,18.0,8.7,8.0,7.4,15.0,17.0,20.3,99.0,96.0,95.4,71.1,66.1,66.4,0.0,0.0,0.0,999.9,999.9,999.9,0,8.1,6.9
16585596,0723,86.6,80.3,79.6,41.4,47.6,48.1,869.5,896.4,884.2,20.3,13.5,17.3,9.6,8.0,7.5,24.1,17.0,20.2,93.9,96.0,95.7,70.0,66.2,66.8,0.0,0.0,0.0,999.9,999.9,999.9,0,8.1,6.9
16585596,0723,86.8,80.4,79.6,57.6,47.6,48.0,869.5,896.3,884.1,9.7,13.5,17.2,5.3,8.0,7.6,11.1,17.1,20.4,95.0,96.0,95.4,66.2,66.2,67.0,0.0,0.0,0.0,999.9,999.9,999.9,18,8.0,6.9
16585596,0723,89.2,80.4,79.8,57.2,47.6,48.0,873.0,896.3,884.0,10.0,13.5,17.2,7.8,8.0,7.6,19.0,17.0,20.0,93.0,96.0,95.1,61.0,66.2,67.0,0.0,0.0,0.0,999.9,999.9,999.9,0,8.0,7.5
16585596,0723,89.2,80.4,80.1,40.5,47.6,48.8,869.7,896.3,884.0,10.0,13.5,17.2,7.8,8.0,7.7,18.1,17.1,20.1,102.0,95.9,95.1,66.2,66.2,67.0,0.02,0.0,0.0,999.9,999.9,999.9,0,7.9,6.9
16585596,0723,88.1,80.5,80.6,37.5,47.5,48.6,870.4,896.3,884.0,10.0,13.5,17.2,8.2,8.0,7.7,14.0,17.1,20.2,93.9,95.9,95.6,71.1,66.2,66.7,0.0,0.0,0.0,999.9,999.9,999.9,18,7.8,6.9
16585596,0723,86.8,80.5,80.9,36.2,47.4,48.0,999.9,895.6,883.9,10.0,13.5,16.2,8.8,8.0,7.6,13.0,17.1,19.9,104.0,95.9,95.7,62.2,66.2,66.9,0.02,0.0,0.0,999.9,999.9,999.9,0,7.9,7.5
16585596,0723,85.4,80.5,80.9,58.4,47.3,47.9,999.9,896.3,888.1,9.9,13.6,16.2,8.8,8.0,7.5,13.0,17.1,20.0,102.9,95.9,95.9,71.1,66.2,66.7,0.0,0.0,0.0,999.9,999.9,999.9,18,7.9,7.5
16585596,0723,79.9,80.5,81.1,57.5,47.4,48.2,872.9,897.1,892.5,14.9,13.5,15.2,6.6,8.0,7.5,17.1,17.1,19.6,93.0,96.0,96.4,54.0,66.3,66.6,0.02,0.0,0.0,999.9,999.9,999.9,0,8.0,8.1
16585596,0723,74.2,80.6,81.3,41.2,47.4,48.5,875.8,897.1,892.5,10.0,13.6,15.3,4.9,8.0,7.4,20.0,17.0,19.0,102.0,95.9,96.2,66.9,66.2,66.0,0.01,0.0,0.0,999.9,999.9,999.9,0,8.0,7.5
16585596,0723,82.8,80.5,81.2,54.6,47.5,48.0,872.4,897.1,892.7,20.3,13.6,15.3,8.7,7.9,7.3,24.3,17.1,19.2,95.0,96.0,96.2,68.0,66.3,65.7,0.0,0.0,0.0,999.9,999.9,999.9,0,7.9,5.9
16585596,0723,78.3,80.5,81.4,33.1,47.5,48.2,999.9,896.4,892.7,10.0,13.6,15.3,10.4,7.9,7.5,19.0,17.1,19.0,102.0,95.9,96.3,62.1,66.3,65.6,0.0,0.0,0.0,999.9,999.9,999.9,0,7.9,5.9
16585596,0723,85.4,80.5,81.2,55.9,47.4,47.4,869.6,897.1,897.0,13.5,13.6,15.3,5.6,8.0,7.7,17.1,17.1,19.0,95.0,95.9,96.5,57.9,66.2,65.5,0.0,0.0,0.0,999.9,999.9,999.9,0,7.9,5.3
16585596,0723,79.3,80.5,81.5,37.5,47.5,47.6,869.5,897.1,897.0,10.0,13.6,15.4,8.1,7.9,7.6,12.0,17.1,19.2,102.0,96.0,96.3,68.0,66.2,65.1,0.0,0.0,0.0,999.9,999.9,999.9,18,7.9,5.3
16585596,0723,83.0,80.5,81.7,36.2,47.4,47.0,872.4,896.3,897.0,10.0,13.6,14.4,5.6,7.9,7.7,13.0,17.1,18.6,104.0,96.0,96.5,62.2,66.2,65.3,0.02,0.0,0.0,999.9,999.9,999.9,16,7.9,5.3
16585596,0723,80.7,80.5,81.8,45.0,47.3,46.6,870.4,895.6,892.7,10.0,13.6,14.4,10.2,8.0,7.8,15.9,17.1,18.3,88.7,96.1,96.6,66.0,66.1,65.6,0.0,0.0,0.0,999.9,999.9,999.9,18,8.0,5.9
16585596,0723,81.1,80.5,81.7,41.6,47.3,46.1,871.5,895.6,892.7,9.9,13.6,13.7,8.8,8.0,7.8,26.0,17.1,17.7,99.0,96.0,96.5,66.2,66.1,65.5,0.0,0.0,0.0,999.9,999.9,999.9,0,8.1,5.9
16585596,0723,85.2,80.5,82.3,50.9,47.3,46.2,872.9,894.9,892.7,10.0,13.6,13.7,6.4,8.0,7.8,22.0,17.2,18.2,99.0,96.1,96.7,61.0,66.1,65.5,0.0,0.0,0.0,999.9,999.9,999.9,18,8.0,5.9
16585596,0723,78.4,80.5,82.5,34.9,47.4,46.2,871.5,894.9,892.9,22.3,13.6,13.7,6.3,8.0,7.8,11.1,17.2,18.4,95.0,96.0,96.9,62.1,66.1,65.0,0.01,0.0,0.0,999.9,999.9,999.9,0,8.0,6.5
16585596,0723,80.9,80.5,82.5,55.6,47.3,46.0,871.0,894.9,888.6,10.0,13.6,13.7,6.6,8.0,7.8,8.9,17.1,18.4,88.7,96.0,96.6,71.1,66.1,64.9,0.0,0.0,0.0,999.9,999.9,999.9,0,8.0,6.5
16585596,0723,76.8,80.5,82.6,45.2,47.4,46.3,875.8,894.9,888.5,10.0,13.6,13.7,9.9,8.0,7.9,19.0,17.0,17.7,90.0,96.0,96.3,66.0,66.2,65.2,0.03,0.0,0.0,999.9,999.9,999.9,2,7.9,6.5
16585596,0723,89.2,80.4,82.6,45.0,47.4,46.0,869.7,894.9,888.7,10.0,13.6,13.7,3.7,8.0,8.0,15.9,17.0,17.6,95.0,95.9,96.2,71.1,66.2,65.2,0.0,0.0,0.0,999.9,999.9,999.9,0,7.9,5.9
16585596,0723,81.1,80.5,82.8,57.6,47.3,46.0,869.5,894.9,888.7,10.0,13.6,13.3,10.2,8.0,7.8,11.1,16.9,17.6,87.1,95.9,96.0,71.1,66.3,65.3,0.0,0.0,0.0,999.9,999.9,999.9,0,7.9,5.9
16585596,0723,77.1,80.6,82.5,57.6,47.4,46.6,873.0,894.2,888.7,10.0,13.6,13.3,9.8,8.0,7.9,34.0,16.9,17.1,79.0,95.8,95.9,61.0,66.3,65.7,0.0,0.0,0.0,999.9,999.9,999.9,0,7.8,5.9
16585596,0723,78.3,80.6,82.5,57.5,47.4,47.0,999.9,894.2,888.6,10.0,13.6,13.3,9.8,8.0,8.0,10.1,17.0,17.7,95.0,95.8,95.9,70.0,66.3,65.3,0.0,0.0,0.0,999.9,999.9,999.9,0,7.8,5.9
16585596,0723,74.2,80.6,82.1,52.0,47.4,47.1,870.5,894.9,892.9,10.0,13.6,12.3,4.7,8.0,8.1,24.3,17.0,16.9,98.1,95.8,96.1,62.1,66.3,65.4,0.17,0.0,0.0,999.9,999.9,999.9,18,7.7,5.3
16585596,0723,87.8,80.6,81.7,47.2,47.5,47.4,999.9,894.2,892.8,22.3,13.6,11.4,6.3,8.0,8.0,15.0,17.0,17.1,93.9,95.8,95.9,64.9,66.3,65.5,0.15,0.0,0.0,999.9,999.9,999.9,18,7.8,5.3
16585596,0723,79.9,80.6,81.9,45.0,47.5,47.5,869.7,894.9,892.8,22.3,13.7,11.8,10.1,8.0,8.0,12.0,17.0,17.0,100.0,95.8,96.0,59.0,66.3,65.5,0.0,0.0,0.0,999.9,999.9,999.9,0,7.9,5.9
16585596,0723,81.1,80.6,82.0,57.2,47.5,47.4,999.9,894.9,892.9,9.8,13.7,12.2,6.4,8.0,8.0,18.1,17.0,16.7,93.0,95.9,96.2,68.0,66.2,65.2,0.0,0.0,0.0,999.9,999.9,999.9,0,7.9,5.4
16585596,0723,79.9,80.7,82.0,49.2,47.6,47.8,869.5,895.6,897.2,10.0,13.7,12.2,10.2,8.0,7.9,14.0,17.1,16.8,104.0,95.9,96.0,66.0,66.2,65.7,0.0,0.0,0.0,999.9,999.9,999.9,18,7.8,5.4
16585596,0723,89.6,80.7,82.1,36.2,47.7,47.6,999.9,895.6,897.1,9.7,13.7,12.2,5.3,8.0,7.8,15.9,17.1,16.9,100.0,95.9,96.1,62.1,66.2,65.5,0.0,0.0,0.0,999.9,999.9,999.9,0,7.8,6.0
16585596,0723,79.9,80.7,82.5,41.6,47.7,47.4,871.0,896.3,901.3,10.0,13.7,12.2,6.5,7.9,7.7,18.1,17.1,16.9,95.0,95.9,96.1,66.2,66.2,65.2,0.14,0.0,0.0,999.9,999.9,999.9,0,7.7,6.0
16585596,0723,89.2,80.7,82.3,44.6,47.7,47.4,872.7,895.6,901.4,10.0,13.7,11.8,10.6,7.9,7.6,24.1,17.1,16.7,99.0,95.9,96.1,66.0,66.2,65.0,0.0,0.0,0.0,999.9,999.9,999.9,18,7.4,6.0
16585596,0723,69.7,80.7,82.4,44.1,47.7,47.0,872.4,895.6,901.5,10.0,13.7,11.8,9.9,7.9,7.8,18.1,17.1,17.2,93.0,95.9,96.3,63.0,66.2,65.0,0.0,0.0,0.0,999.9,999.9,999.9,0,7.5,6.0
16585596,0723,82.7,80.7,81.7,40.5,47.6,46.6,869.5,895.7,901.4,10.0,13.7,11.8,11.6,8.0,7.8,15.0,17.2,17.1,88.7,95.9,96.3,66.2,66.2,65.1,0.0,0.0,0.0,999.9,999.9,999.9,0,7.5,6.0
16585596,0723,77.1,80.7,81.5,47.2,47.6,46.6,872.4,895.6,901.4,30.7,13.7,11.8,6.6,8.0,8.0,15.9,17.2,17.0,89.1,95.8,95.8,73.9,66.2,65.1,0.0,0.0,0.0,999.9,999.9,999.9,18,7.4,6.0
16585596,0723,79.3,80.7,81.2,49.2,47.7,46.9,872.4,895.6,901.5,9.7,13.8,12.5,10.4,8.0,7.9,13.0,17.2,17.1,93.9,95.9,95.7,71.1,66.2,65.2,0.0,0.0,0.0,999.9,999.9,999.9,0,7.5,6.0
16585596,0723,88.1,80.7,80.9,58.4,47.7,47.3,869.7,894.9,897.2,13.5,13.8,12.5,8.7,8.0,8.0,18.1,17.2,17.1,95.0,95.9,95.3,63.0,66.3,65.5,0.15,0.0,0.0,999.9,999.9,999.9,18,7.4,6.0
16585596,0723,62.0,80.7,81.0,54.6,47.8,47.3,873.6,894.9,892.9,10.0,13.8,12.6,5.3,8.0,8.0,14.0,17.2,17.3,95.0,95.9,95.1,73.0,66.3,65.2,0.02,0.0,0.0,999.9,999.9,999.9,2,7.5,6.0
16585596,0723,77.5,80.7,80.4,45.2,47.8,47.2,870.4,894.9,892.9,10.0,13.8,12.5,4.7,8.0,7.9,18.1,17.1,17.2,102.0,95.9,95.1,70.0,66.4,65.8,0.0,0.0,0.0,999.9,999.9,999.9,0,7.4,6.1
16585596,0723,79.9,80.7,80.5,54.5,47.8,47.3,869.5,894.9,892.8,30.7,13.8,12.5,9.8,8.0,7.9,20.0,17.1,17.1,93.9,95.9,95.1,66.0,66.4,65.9,0.0,0.0,0.0,999.9,999.9,999.9,2,7.4,6.1
16585596,0723,86.6,80.7,80.4,45.2,47.9,47.3,999.9,894.9,892.7,10.0,13.9,12.8,6.5,8.0,8.0,12.0,17.1,17.0,95.0,95.9,95.1,63.0,66.3,65.9,0.0,0.0,0.0,999.9,999.9,999.9,48,7.4,6.1
16585596,0723,83.0,80.8,80.7,39.9,47.8,47.7,873.6,895.6,892.7,9.9,13.9,12.8,10.2,8.0,7.8,12.0,17.1,16.7,104.0,95.8,94.9,66.0,66.4,65.9,0.0,0.0,0.0,999.9,999.9,999.9,0,7.6,7.7
16585596,0723,79.3,80.8,80.6,41.6,47.8,47.2,999.9,895.6,892.8,10.0,13.9,12.7,8.2,8.0,8.0,18.1,17.1,16.6,93.9,95.9,95.2,66.0,66.4,66.2,0.02,0.0,0.0,999.9,999.9,999.9,0,7.6,7.7
16585596,0723,89.6,80.8,80.6,54.1,47.8,47.4,870.0,896.3,897.1,22.2,13.9,12.7,6.6,8.0,8.0,11.1,17.1,16.8,79.0,95.9,94.9,68.0,66.3,66.1,0.0,0.0,0.0,999.9,999.9,999.9,18,7.5,7.1
16585596,0723,80.7,80.8,80.8,41.4,47.8,47.9,872.9,896.3,897.1,20.3,14.0,13.1,6.9,8.0,8.0,22.0,17.1,16.7,93.0,95.8,94.1,62.1,66.4,66.3,0.0,0.0,0.0,999.9,999.9,999.9,0,7.5,7.2
16585596,0723,81.8,80.8,80.8,41.6,47.8,47.8,871.0,896.3,897.1,10.0,14.0,13.4,4.7,8.0,7.9,22.0,17.1,16.9,95.0,95.8,94.2,72.0,66.3,66.2,0.0,0.0,0.0,999.9,999.9,999.9,0,7.5,6.6
16585596,0723,81.8,80.8,80.9,49.2,47.8,47.8,873.6,896.3,897.1,41.0,14.0,13.4,9.9,8.0,7.8,12.0,17.2,16.8,93.9,95.7,94.1,71.1,66.3,66.4,0.0,0.0,0.0,999.9,999.9,999.9,48,7.5,6.6
16585596,0723,89.6,80.7,80.8,55.9,47.9,47.8,999.9,896.3,897.1,9.8,14.2,14.5,10.4,8.0,7.9,17.1,17.0,16.4,79.0,95.7,93.9,54.0,66.3,66.7,0.02,0.0,0.0,999.9,999.9,999.9,0,7.7,7.6
16585596,0723,80.9,80.8,81.1,55.6,47.9,48.5,872.7,897.0,901.4,10.0,14.1,14.1,6.5,8.0,8.0,15.0,17.1,16.6,89.1,95.6,93.4,71.1,66.3,66.4,0.33,0.0,0.0,999.9,999.9,999.9,18,7.7,7.6
16585596,0723,76.7,80.8,81.1,49.2,47.9,48.5,871.5,897.0,901.5,10.0,14.1,14.1,5.3,8.0,8.0,11.1,17.1,16.8,100.0,95.6,93.4,62.1,66.3,66.4,0.0,0.0,0.0,999.9,999.9,999.9,0,7.8,8.2
16585596,0723,79.9,80.8,81.1,58.4,47.9,48.6,869.5,897.1,901.3,9.8,14.1,14.1,6.3,8.0,7.9,34.0,17.1,16.6,99.0,95.5,93.7,68.0,66.3,66.3,0.0,0.0,0.0,999.9,999.9,999.9,18,7.8,8.1
16585596,0723,87.8,80.8,80.8,41.6,48.0,49.1,871.5,897.0,901.3,14.9,14.1,14.1,8.2,8.0,7.9,15.0,17.2,17.2,88.7,95.6,93.9,66.9,66.3,66.2,0.14,0.0,0.0,999.9,999.9,999.9,18,7.9,8.7
16585596,0723,78.4,80.8,81.0,57.5,47.9,48.5,872.4,897.0,901.4,10.0,14.1,14.2,10.2,8.0,7.9,24.1,17.1,17.3,102.9,95.5,93.9,68.0,66.3,66.1,0.0,0.0,0.0,999.9,999.9,999.9,18,7.9,9.3
16585596,0723,88.8,80.7,81.1,54.5,47.9,48.5,999.9,896.3,901.4,10.0,14.1,14.2,5.3,8.0,7.9,14.0,17.2,17.0,95.0,95.5,94.7,59.0,66.3,66.3,0.0,0.0,0.0,999.9,999.9,999.9,0,8.0,9.9
16585596,0723,80.3,80.7,81.4,54.5,47.9,48.4,870.4,897.0,901.4,10.0,14.1,14.2,3.7,8.0,7.7,31.1,17.2,17.1,100.0,95.5,94.7,70.0,66.3,65.9,0.33,0.0,0.0,999.9,999.9,999.9,18,7.9,9.9
16585596,0723,82.8,80.7,81.6,45.2,47.9,48.5,873.1,896.3,901.4,22.2,14.1,14.2,5.6,7.9,7.7,24.1,17.3,17.3,95.0,95.5,94.8,54.0,66.2,66.2,0.0,0.0,0.0,999.9,999.9,999.9,18,8.0,9.9
16585596,0723,82.7,80.8,81.5,57.2,47.9,48.4,999.9,896.3,897.1,10.0,14.2,14.2,6.2,7.9,7.7,10.1,17.3,17.6,90.0,95.5,94.8,54.0,66.2,65.8,0.0,0.0,0.0,999.9,999.9,999.9,0,8.0,9.9
16585596,0723,85.4,80.9,81.6,55.9,47.9,48.8,871.0,897.0,901.5,9.9,14.2,13.8,10.2,7.9,7.6,11.1,17.3,17.6,104.0,95.4,94.5,66.9,66.1,65.7,0.0,0.0,0.0,999.9,999.9,999.9,0,8.0,9.9
16585596,0723,77.1,80.8,81.7,54.6,47.9,48.8,869.6,896.3,897.2,10.0,14.2,13.8,9.5,7.9,7.7,11.1,17.3,17.3,91.9,95.5,94.8,57.0,66.2,65.6,0.0,0.0,0.0,999.9,999.9,999.9,0,7.9,9.9
16585596,0723,79.9,80.8,81.6,54.1,48.0,49.0,873.0,896.3,897.2,10.0,14.2,13.8,10.4,7.9,7.7,15.0,17.2,17.2,95.0,95.5,94.4,62.1,66.1,65.3,0.0,0.0,0.0,999.9,999.9,999.9,16,7.9,9.3
16585596,0723,77.1,80.8,81.3,45.0,48.0,49.6,870.4,895.6,893.0,10.0,14.2,13.8,10.2,7.9,7.8,19.0,17.2,17.2,95.0,95.5,94.3,66.9,66.2,65.3,0.0,0.0,0.0,999.9,999.9,999.9,0,8.0,9.9
16585596,0723,85.4,80.7,81.2,41.2,47.9,49.7,870.0,894.9,892.9,10.0,14.2,13.8,11.6,7.9,8.0,14.0,17.2,17.2,99.0,95.5,94.3,71.1,66.2,65.3,0.0,0.0,0.0,999.9,999.9,999.9,0,7.9,9.9
16585596,0723,86.8,80.8,81.1,45.2,47.9,49.6,999.9,894.9,892.9,10.0,14.0,13.8,10.4,8.0,8.0,13.0,17.2,16.9,104.0,95.6,94.3,71.1,66.2,65.5,0.0,0.0,0.0,999.9,999.9,999.9,18,7.9,9.3
16585596,0723,76.8,80.8,81.6,54.1,48.0,49.6,873.6,895.6,897.1,9.9,14.0,13.8,9.6,8.0,8.0,17.1,17.2,16.7,99.0,95.6,94.6,73.0,66.2,65.8,0.0,0.0,0.0,999.9,999.9,999.9,0,8.0,9.9
16585596,0723,87.8,80.8,81.4,47.1,48.0,50.1,869.5,895.6,897.2,9.9,14.0,13.8,5.1,8.0,7.9,18.1,17.3,16.8,99.0,95.7,95.0,61.0,66.3,66.0,0.15,0.0,0.0,999.9,999.9,999.9,18,8.0,9.9
16585596,0723,88.1,80.8,81.8,36.2,48.1,50.1,999.9,895.6,897.1,41.0,13.9,13.1,8.1,7.9,7.9,11.1,17.2,16.9,98.1,95.7,95.3,66.0,66.3,65.6,0.0,0.0,0.0,999.9,999.9,999.9,0,8.0,9.9
16585596,0723,80.9,80.9,82.1,45.0,48.0,49.6,875.8,896.3,901.4,10.0,14.1,14.2,7.8,8.0,7.8,11.1,17.2,16.8,99.0,95.7,95.4,54.0,66.3,65.4,0.0,0.0,0.0,999.9,999.9,999.9,0,7.7,9.9
16585596,0723,74.2,80.9,81.8,47.1,48.0,49.2,875.8,895.6,901.6,9.9,14.1,14.0,9.9,8.0,7.8,26.0,17.2,16.6,93.9,95.7,95.6,63.0,66.2,65.1,0.0,0.0,0.0,999.9,999.9,999.9,0,7.7,9.3
16585596,0723,86.8,80.9,82.3,45.2,47.9,48.9,872.9,894.9,901.7,10.0,14.1,14.0,10.2,8.0,7.9,19.0,17.2,17.0,99.0,95.6,95.5,61.0,66.2,64.8,0.11,0.0,0.0,999.9,999.9,999.9,0,7.7,9.2
16585596,0723,74.2,80.9,82.6,36.2,47.9,48.9,999.9,895.0,901.8,30.7,14.1,14.0,6.6,8.0,8.1,11.1,17.2,17.0,104.0,95.6,95.4,66.0,66.3,64.5,0.11,0.0,0.0,999.9,999.9,999.9,0,7.6,9.2
16585596,0723,77.5,80.8,82.4,48.9,47.9,48.3,872.9,895.0,906.1,39.8,14.2,14.0,6.3,7.9,8.0,20.0,17.2,16.7,95.0,95.7,95.8,75.0,66.3,64.5,0.33,0.0,0.0,999.9,999.9,999.9,0,7.5,9.1
16585596,0723,80.9,80.8,82.1,44.1,47.9,48.4,873.1,895.0,901.9,14.9,14.4,15.0,4.9,7.9,8.0,11.1,17.2,17.0,102.9,95.7,95.8,66.9,66.3,64.9,0.01,0.0,0.1,999.9,999.9,999.9,0,7.5,7.5
16585596,0723,88.8,80.8,82.0,48.9,47.9,48.6,999.9,895.0,901.9,10.0,14.3,15.2,10.2,7.9,7.8,15.0,17.1,17.0,93.0,95.8,95.7,66.9,66.3,64.9,0.0,0.0,0.1,999.9,999.9,999.9,18,7.4,7.5
16585596,0723,79.9,80.9,82.3,57.5,47.9,48.8,999.9,895.7,901.9,39.8,14.3,15.2,6.2,7.9,7.9,14.0,17.1,16.9,90.0,95.7,95.7,73.9,66.3,64.9,0.0,0.0,0.1,999.9,999.9,999.9,0,7.5,8.1
16585596,0723,69.7,80.9,82.0,34.9,48.0,48.9,872.4,896.4,906.2,10.0,14.5,15.8,10.6,7.9,7.9,24.3,17.1,16.9,93.0,95.7,96.1,71.1,66.3,65.1,0.33,0.0,0.1,999.9,999.9,999.9,0,7.5,7.5
16585596,0723,74.2,80.8,81.6,45.2,47.9,48.7,869.5,896.4,906.2,30.7,14.5,15.4,5.3,7.9,8.0,15.0,17.1,17.0,95.0,95.7,96.1,73.9,66.3,65.4,0.0,0.0,0.1,999.9,999.9,999.9,0,7.5,7.5
16585596,0723,80.7,80.7,81.4,57.5,47.9,48.8,872.4,896.4,906.1,9.9,14.6,16.1,4.9,7.9,8.0,24.1,17.1,16.8,93.9,95.7,96.1,66.0,66.3,65.5,0.0,0.0,0.1,999.9,999.9,999.9,18,7.5,7.5
16585596,0723,78.3,80.7,81.3,45.0,47.9,49.1,875.8,895.7,906.1,10.0,14.6,15.1,10.2,7.9,7.9,19.0,17.2,17.2,79.0,95.8,96.1,71.1,66.3,65.3,0.0,0.0,0.1,999.9,999.9,999.9,0,7.6,6.5
16585596,0723,80.9,80.7,81.0,41.4,47.9,48.8,999.9,895.7,901.9,9.9,14.6,15.1,8.1,7.9,7.8,26.0,17.2,17.3,93.9,95.7,96.1,61.0,66.3,65.9,0.0,0.0,0.1,999.9,999.9,999.9,0,7.5,6.5
16585596,0723,80.3,80.7,81.0,41.2,47.8,48.3,873.0,896.4,906.2,9.7,14.4,15.1,6.9,7.9,7.9,12.0,17.3,17.6,91.9,95.7,96.2,66.0,66.3,65.6,0.14,0.0,0.1,999.9,999.9,999.9,0,7.5,5.9
16585596,0723,79.9,80.7,81.1,47.2,47.8,48.0,869.7,896.4,906.2,9.9,14.4,15.1,6.2,7.9,8.0,19.0,17.3,17.7,102.0,95.7,96.0,66.0,66.3,65.7,0.17,0.0,0.1,999.9,999.9,999.9,0,7.5,5.9
16585596,0723,85.4,80.7,81.1,45.2,47.8,47.6,872.9,896.4,906.2,9.9,14.2,15.1,6.3,7.9,8.0,24.1,17.3,17.2,98.1,95.7,96.1,62.2,66.3,65.6,0.0,0.0,0.1,999.9,999.9,999.9,16,7.5,5.3
16585596,0723,76.4,80.7,81.0,45.2,47.9,47.8,870.5,895.7,906.3,10.0,14.2,14.9,10.6,7.9,7.9,12.0,17.3,17.5,95.0,95.7,96.4,59.0,66.3,65.5,0.0,0.0,0.1,999.9,999.9,999.9,18,7.6,5.3
16585596,0723,81.1,80.6,80.9,49.3,47.9,47.4,869.5,895.7,906.2,10.0,14.1,14.9,3.7,7.9,7.9,17.1,17.3,17.1,99.0,95.8,96.1,71.1,66.2,65.2,0.0,0.0,0.1,999.9,999.9,999.9,18,7.6,5.3
16585596,0723,81.1,80.6,80.7,45.2,47.9,47.2,999.9,895.6,901.9,10.0,14.1,14.9,9.9,7.8,7.8,13.0,17.4,17.2,90.0,95.8,96.3,66.0,66.3,65.6,0.0,0.0,0.1,999.9,999.9,999.9,0,7.6,5.9
16585596,0723,79.9,80.6,80.7,45.2,47.9,46.9,869.5,896.4,906.2,10.0,14.1,14.9,6.6,7.9,8.1,19.0,17.4,16.6,99.0,95.7,95.9,73.9,66.2,65.4,0.0,0.0,0.0,999.9,999.9,999.9,0,7.6,5.3
16585596,0723,86.6,80.6,80.6,55.6,47.9,46.9,872.9,896.3,906.1,9.9,14.1,14.5,8.1,7.9,8.1,31.1,17.4,16.4,93.0,95.7,96.1,62.2,66.3,66.1,0.0,0.0,0.0,999.9,999.9,999.9,0,7.6,4.7
16585596,0723,89.2,80.6,80.7,34.9,48.0,46.8,872.4,896.4,901.8,10.0,14.1,14.5,5.6,7.9,8.2,8.9,17.4,17.1,102.9,95.7,96.2,62.2,66.3,66.4,0.14,0.0,0.0,999.9,999.9,999.9,0,7.5,4.7
16585596,0723,81.1,80.7,80.9,41.2,47.9,46.1,869.5,896.4,901.9,9.9,14.1,14.5,10.6,7.9,8.0,13.0,17.4,17.0,100.0,95.8,96.1,66.2,66.3,66.2,0.0,0.0,0.0,999.9,999.9,999.9,0,7.5,4.7
16585596,0723,80.3,80.7,81.0,45.0,47.9,45.7,999.9,895.7,901.9,22.2,14.1,14.5,5.6,7.9,8.0,22.0,17.4,17.1,102.9,95.8,96.4,71.1,66.3,66.5,0.0,0.0,0.0,999.9,999.9,999.9,18,7.5,4.7
16585596,0723,89.2,80.7,81.0,44.6,47.9,45.4,873.0,896.4,906.1,9.9,14.2,14.9,10.2,7.9,7.9,26.0,17.4,17.3,93.9,95.9,96.7,75.9,66.3,66.8,0.0,0.0,0.0,999.9,999.9,999.9,18,7.6,4.7
16585596,0723,86.8,80.7,81.4,44.1,47.8,45.4,873.6,895.7,906.2,9.9,14.2,14.9,10.2,7.9,7.9,18.1,17.5,17.5,98.1,95.9,96.6,66.0,66.3,67.1,0.02,0.0,0.0,999.9,999.9,999.9,0,7.6,5.3
16585596,0723,79.3,80.8,81.5,50.9,47.8,45.4,866.4,895.7,906.3,10.0,14.2,14.9,6.2,7.9,7.8,10.1,17.5,17.7,102.0,95.9,96.6,75.0,66.3,67.0,0.0,0.0,0.1,999.9,999.9,999.9,0,7.6,5.3
16585596,0723,80.9,80.8,81.2,57.5,47.9,45.6,872.9,895.7,901.9,22.2,14.2,14.9,8.8,7.9,7.7,19.0,17.5,17.6,93.0,95.9,96.5,75.0,66.4,67.1,0.0,0.0,0.1,999.9,999.9,999.9,18,7.6,4.7
16585596,0723,79.3,80.8,81.3,54.5,47.9,45.8,872.4,895.0,901.8,10.0,14.2,15.3,6.5,7.9,7.7,15.9,17.5,17.6,95.0,95.9,96.3,59.0,66.4,67.2,0.0,0.0,0.1,999.9,999.9,999.9,16,7.6,5.3
16585596,0723,85.2,80.8,81.1,50.9,47.9,46.0,999.9,894.3,901.9,9.9,14.2,15.3,7.8,7.9,7.7,11.1,17.5,17.6,99.0,95.9,96.2,66.2,66.4,67.1,0.0,0.0,0.0,999.9,999.9,999.9,18,7.6,5.3
16585596,0723,79.9,80.8,81.0,41.2,47.8,46.5,871.4,895.0,901.9,10.0,14.2,14.3,10.4,7.9,7.7,14.0,17.5,17.6,87.1,95.8,96.2,70.0,66.4,67.1,0.0,0.0,0.0,999.9,999.9,999.9,0,7.7,5.9
16585596,0723,79.9,80.8,80.9,48.9,47.8,46.4,866.4,895.0,901.8,22.3,14.2,14.3,4.9,7.9,7.8,14.0,17.5,17.7,99.0,95.8,95.8,66.9,66.5,67.6,0.0,0.0,0.0,999.9,999.9,999.9,16,7.6,5.9
16585596,0723,82.8,80.8,81.1,57.5,47.8,46.4,868.1,895.0,901.5,10.0,14.3,14.7,10.6,7.9,7.6,19.0,17.4,17.3,89.1,95.8,96.0,71.1,66.5,67.8,0.03,0.0,0.0,999.9,999.9,999.9,0,7.7,6.4
16585596,0723,82.3,80.7,81.0,41.4,47.8,46.8,872.4,894.9,901.3,14.9,14.3,14.7,6.2,7.9,7.6,34.0,17.5,17.3,104.0,95.8,95.7,57.9,66.5,68.1,0.0,0.0,0.0,999.9,999.9,999.9,0,7.7,6.4
16585596,0723,88.1,80.8,81.3,40.5,47.8,47.0,870.4,894.9,897.1,41.0,14.3,14.2,9.9,7.9,7.6,18.1,17.5,18.0,91.9,95.9,95.7,73.9,66.5,67.8,0.0,0.0,0.0,999.9,999.9,999.9,0,7.7,6.4
16585596,0723,83.0,80.8,81.6,45.0,47.7,46.7,999.9,894.2,897.0,9.7,14.5,14.2,10.2,7.9,7.7,34.0,17.5,18.0,102.0,95.9,95.6,66.0,66.5,67.8,0.0,0.0,0.0,999.9,999.9,999.9,0,7.6,6.4
16585596,0723,79.3,80.8,81.7,49.3,47.7,46.8,866.4,894.9,901.2,22.3,14.5,14.1,6.3,7.9,7.9,17.1,17.7,18.7,102.0,95.9,95.5,66.9,66.5,67.8,0.0,0.0,0.0,999.9,999.9,999.9,0,7.5,6.4
16585596,0723,86.6,80.9,81.4,45.2,47.7,46.8,873.5,894.9,896.8,10.0,14.5,14.5,8.7,7.9,7.8,14.0,17.7,18.8,99.0,95.9,95.8,59.0,66.5,67.8,0.0,0.0,0.0,999.9,999.9,999.9,18,7.5,5.8
16585596,0723,87.8,80.9,81.6,48.9,47.6,46.4,999.9,894.9,892.5,10.0,14.5,13.5,4.9,7.9,7.9,22.0,17.7,18.8,99.0,96.0,96.1,54.0,66.5,67.3,0.17,0.0,0.0,999.9,999.9,999.9,0,7.6,6.4
16585596,0723,77.1,81.0,82.2,45.0,47.6,46.8,999.9,895.7,896.8,9.9,14.5,13.5,8.1,7.9,7.7,19.0,17.7,18.7,100.0,96.0,96.3,73.9,66.4,66.7,0.0,0.0,0.0,999.9,999.9,999.9,0,7.6,6.4
16585596,0723,80.7,81.0,82.3,45.2,47.5,46.8,875.8,895.7,901.1,14.9,14.5,12.8,5.1,7.9,7.8,20.0,17.7,18.9,99.0,96.0,96.5,75.9,66.4,66.7,0.0,0.0,0.0,999.9,999.9,999.9,18,7.6,6.4
16585596,0723,81.8,81.0,82.3,45.2,47.5,46.4,875.8,895.7,901.3,10.0,14.5,12.9,6.4,7.8,7.8,24.1,17.7,18.7,93.9,96.0,96.7,73.9,66.4,67.0,0.0,0.0,0.0,999.9,999.9,999.9,0,7.6,6.4
16585596,0723,79.9,80.9,82.4,55.9,47.5,46.4,873.0,895.0,901.3,10.0,14.5,12.9,9.6,7.8,7.7,22.0,17.7,18.9,95.0,96.0,97.2,73.9,66.5,67.1,0.0,0.0,0.0,999.9,999.9,999.9,0,7.6,6.4
16585596,0723,88.1,81.0,82.4,58.4,47.6,46.9,869.7,895.0,897.0,9.8,14.5,12.9,5.6,7.8,7.7,31.1,17.8,18.8,93.0,96.0,97.2,66.0,66.5,67.5,0.0,0.0,0.0,999.9,999.9,999.9,0,7.5,6.4
16585596,0723,88.8,81.0,82.6,54.5,47.7,47.5,868.1,895.0,896.9,10.0,14.5,12.9,8.7,7.8,7.7,17.1,17.9,19.4,95.0,95.9,97.2,73.9,66.5,67.5,0.0,0.0,0.0,999.9,999.9,999.9,0,7.4,6.4
16585596,0723,86.8,81.1,82.9,44.6,47.8,47.7,873.0,895.0,896.9,41.0,14.3,13.0,6.4,7.8,7.7,10.1,17.9,19.3,99.0,95.9,97.0,73.0,66.5,67.8,0.15,0.0,0.0,999.9,999.9,999.9,16,7.4,6.4
16585596,0723,80.3,81.1,83.0,50.9,47.7,47.7,999.9,895.0,896.9,30.7,14.5,14.0,11.6,7.8,7.7,13.0,17.9,18.9,99.0,95.9,97.0,61.0,66.6,68.2,0.0,0.0,0.0,999.9,999.9,999.9,0,7.3,6.4
16585596,0723,88.8,81.1,83.1,55.6,47.7,47.9,869.7,895.7,901.2,10.0,14.6,14.7,6.2,7.8,7.8,12.0,17.8,18.9,88.7,95.9,97.2,72.0,66.6,68.2,0.15,0.0,0.0,999.9,999.9,999.9,18,7.3,5.8
16585596,0723,82.7,81.1,83.4,54.6,47.8,48.1,868.1,895.7,901.2,30.7,14.6,14.7,7.8,7.8,7.9,15.9,17.8,18.7,102.9,95.8,96.8,73.9,66.6,68.3,0.02,0.0,0.0,999.9,999.9,999.9,0,7.4,5.8
16585596,0723,76.8,81.1,83.4,57.6,47.9,48.4,872.4,895.7,896.8,9.7,14.7,15.4,9.8,7.8,7.8,18.1,17.8,18.8,99.0,95.9,97.2,62.1,66.6,68.5,0.0,0.0,0.0,999.9,999.9,999.9,0,7.3,5.8
16585596,0723,81.1,81.1,83.3,57.5,47.9,48.8,999.9,895.7,896.9,9.9,14.7,15.4,10.2,7.8,7.9,13.0,17.8,18.8,87.1,95.8,97.2,61.0,66.6,68.1,0.0,0.0,0.0,999.9,999.9,999.9,0,7.2,5.8
16585596,0723,78.4,81.1,83.1,45.2,47.9,48.9,870.4,896.4,901.1,10.0,14.6,15.4,9.9,7.8,8.0,19.0,17.8,18.2,95.0,95.8,97.0,66.2,66.5,68.1,0.02,0.0,0.0,999.9,999.9,999.9,0,7.2,5.8
16585596,0723,81.8,81.1,82.8,36.2,47.9,49.2,999.9,896.4,901.1,9.7,14.6,15.4,10.2,7.8,8.1,31.1,17.9,18.5,93.9,95.7,96.8,73.9,66.5,68.2,0.0,0.0,0.0,999.9,999.9,999.9,0,7.1,5.8
16585596,0723,88.1,81.1,82.8,45.2,47.9,49.1,999.9,897.2,905.4,22.3,14.6,15.4,6.9,7.9,8.1,14.0,17.9,19.1,95.0,95.7,96.6,57.0,66.5,68.5,0.0,0.0,0.0,999.9,999.9,999.9,18,7.1,5.8
16585596,0723,78.4,81.2,83.1,50.2,47.9,49.1,869.5,897.9,905.4,9.9,14.7,15.4,5.3,7.9,8.1,31.1,17.9,18.9,98.1,95.7,96.3,54.0,66.5,68.0,0.0,0.0,0.0,999.9,999.9,999.9,0,7.2,5.8
16585596,0723,77.5,81.1,82.7,47.2,47.9,49.3,999.9,897.8,905.3,10.0,14.5,15.4,9.6,7.8,8.0,14.0,18.0,19.0,99.0,95.7,96.5,71.1,66.4,67.3,0.0,0.0,0.0,999.9,999.9,999.9,0,7.2,5.2
16585596,0723,87.8,81.1,82.4,45.2,48.0,49.4,869.5,898.5,909.5,9.9,14.4,15.4,6.6,7.9,8.0,10.1,18.0,18.9,93.9,95.6,96.5,62.2,66.4,67.5,0.0,0.0,0.0,999.9,999.9,999.9,18,7.2,5.2
16585596,0723,86.6,81.3,82.7,41.4,47.9,49.2,873.1,898.5,909.6,41.0,14.3,15.4,8.1,7.8,8.0,18.1,18.0,18.9,93.9,95.6,96.2,70.0,66.4,67.0,0.0,0.0,0.0,999.9,999.9,999.9,18,7.3,5.8
16585596,0723,87.8,81.3,82.9,34.9,47.8,48.6,870.5,897.8,909.6,10.0,14.5,16.0,10.2,7.8,7.9,8.9,18.0,18.9,102.0,95.6,96.3,66.0,66.4,66.9,0.0,0.0,0.0,999.9,999.9,999.9,0,7.3,5.8
16585596,0723,82.7,81.3,83.1,40.5,47.8,48.0,875.8,897.8,909.5,10.0,14.5,16.0,8.7,7.8,8.1,13.0,18.0,18.6,104.0,95.7,96.5,62.1,66.4,67.1,0.02,0.0,0.0,999.9,999.9,999.9,0,7.3,5.3
16585596,0723,88.8,81.3,83.1,58.4,47.7,47.6,870.4,897.2,905.4,20.3,14.5,16.0,6.9,7.8,8.1,10.1,17.9,18.7,104.0,95.7,96.7,61.0,66.4,67.0,0.0,0.0,0.0,999.9,999.9,999.9,0,7.3,4.7
16585596,0723,81.8,81.4,83.4,58.4,47.7,48.2,873.5,897.2,905.4,9.9,14.6,16.3,9.9,7.8,8.0,18.1,17.9,18.6,93.0,95.8,97.2,66.0,66.4,66.7,0.0,0.0,0.0,999.9,999.9,999.9,0,7.3,4.7
16585596,0723,80.9,81.4,83.4,45.2,47.7,48.5,870.5,897.2,905.6,10.0,14.4,15.9,10.4,7.9,8.2,24.1,18.0,18.7,88.7,95.9,97.0,72.0,66.4,66.6,0.0,0.0,0.0,999.9,999.9,999.9,0,7.2,4.1
16585596,0723,80.7,81.4,83.4,58.4,47.8,48.1,873.5,897.2,905.7,10.0,14.4,15.9,8.8,7.9,8.1,11.1,18.0,18.9,93.9,95.8,97.0,62.1,66.4,66.7,0.0,0.0,0.0,999.9,999.9,999.9,0,7.1,4.1
16585596,0723,80.9,81.4,83.3,45.2,47.8,48.7,870.0,897.2,905.7,9.9,14.3,15.8,8.2,7.9,8.2,10.1,17.9,18.1,104.0,95.8,96.7,66.0,66.3,66.8,0.02,0.0,0.0,999.9,999.9,999.9,0,7.1,4.1
16585596,0723,88.1,81.4,83.1,49.3,47.8,48.8,873.5,897.1,905.7,10.0,14.3,14.7,10.2,7.9,8.2,13.0,17.9,17.8,93.0,95.9,97.1,70.0,66.3,66.5,0.33,0.0,0.0,999.9,999.9,999.9,18,7.0,4.1
16585596,0723,80.7,81.4,83.2,50.2,47.8,49.0,875.8,897.2,901.5,10.0,14.3,14.7,4.9,7.9,8.2,15.9,17.8,17.1,102.9,95.9,96.8,66.0,66.3,66.7,0.0,0.0,0.0,999.9,999.9,999.9,0,7.0,4.7
16585596,0723,82.3,81.4,83.3,33.1,47.8,49.0,869.0,896.5,901.8,9.9,14.3,14.3,10.2,7.9,8.1,13.0,17.8,17.1,100.0,95.9,96.8,66.9,66.3,66.6,0.0,0.0,0.0,999.9,999.9,999.9,18,6.9,4.7
16585596,0723,88.8,81.4,83.1,44.6,47.7,48.6,871.0,896.5,901.7,9.8,14.3,14.3,6.3,7.9,8.2,15.9,17.8,17.1,93.9,95.9,96.8,66.9,66.3,66.9,0.14,0.0,0.0,999.9,999.9,999.9,18,6.9,4.7
16585596,0723,86.6,81.5,83.2,54.6,47.7,48.5,999.9,896.5,897.4,22.2,14.3,14.3,4.9,7.9,8.2,13.0,17.8,16.9,90.0,95.9,96.7,66.0,66.3,67.3,0.0,0.0,0.0,999.9,999.9,999.9,0,6.9,5.3
16585596,0723,88.8,81.5,83.5,49.2,47.8,48.8,868.1,896.5,897.4,9.9,14.4,14.7,9.5,7.9,8.1,13.0,17.8,16.7,89.1,95.8,96.3,66.2,66.3,67.1,0.03,0.0,0.0,999.9,999.9,999.9,18,6.9,5.3
16585596,0723,85.4,81.6,83.8,54.6,47.8,48.9,871.0,895.7,897.1,9.8,14.4,14.5,9.6,7.9,8.3,15.0,17.8,16.4,91.9,95.8,96.0,66.9,66.3,66.7,0.0,0.0,0.0,999.9,999.9,999.9,0,6.9,5.3
16585596,0723,85.4,81.5,83.9,37.5,47.8,49.2,871.5,895.7,896.9,9.9,14.4,14.5,7.8,7.9,8.4,26.0,17.8,16.1,95.0,95.8,95.9,66.0,66.2,66.5,0.33,0.0,0.0,999.9,999.9,999.9,18,6.9,5.3
16585596,0723,89.2,81.6,84.1,34.9,47.8,48.6,872.7,895.7,896.9,41.0,14.4,14.5,6.9,7.8,8.3,13.0,17.8,16.3,93.9,95.8,95.9,71.1,66.2,66.2,0.01,0.0,0.0,999.9,999.9,999.9,0,7.0,5.9
16585596,0723,69.7,81.7,84.1,54.5,47.7,47.8,872.7,895.0,897.0,10.0,14.5,15.6,6.6,7.8,8.4,11.1,17.7,15.7,93.9,95.7,96.0,71.1,66.3,66.4,0.15,0.0,0.0,999.9,999.9,999.9,0,6.9,5.9
16585596,0723,89.2,81.7,83.5,50.2,47.7,47.8,999.9,895.0,897.2,30.7,14.5,15.6,5.1,7.8,8.3,13.0,17.7,15.5,93.0,95.7,95.9,66.0,66.3,66.3,0.0,0.0,0.0,999.9,999.9,999.9,0,6.9,5.9
16585596,0723,82.8,81.7,83.5,34.9,47.7,48.0,872.4,895.7,901.4,22.2,14.6,15.2,8.8,7.8,8.2,10.1,17.7,15.6,91.9,95.8,95.7,64.9,66.3,66.1,0.0,0.0,0.0,999.9,999.9,999.9,0,6.9,5.4
16585596,0723,82.8,81.7,83.6,57.5,47.7,47.5,872.9,895.7,897.1,9.7,14.7,15.0,9.3,7.8,8.2,34.0,17.7,15.5,99.0,95.7,95.5,73.9,66.3,66.2,0.0,0.0,0.0,999.9,999.9,999.9,0,6.8,5.4
16585596,0723,87.8,81.8,83.4,47.2,47.7,47.5,871.5,895.8,897.2,22.2,14.7,14.9,10.4,7.8,8.3,10.1,17.8,16.2,88.7,95.7,95.8,66.9,66.4,66.3,0.0,0.0,0.0,999.9,999.9,999.9,0,6.7,4.8
16585596,0723,87.8,81.8,83.6,49.3,47.7,47.3,999.9,895.8,897.4,9.8,14.8,14.7,9.5,7.9,8.3,15.0,17.8,16.0,100.0,95.7,95.4,62.1,66.4,66.1,0.0,0.0,0.0,999.9,999.9,999.9,16,6.6,4.8
16585596,0723,81.1,81.8,84.0,57.2,47.7,47.0,999.9,896.5,901.6,9.9,14.8,14.7,11.6,7.9,8.3,19.0,17.7,15.9,104.0,95.8,95.4,59.0,66.4,66.1,0.0,0.0,0.0,999.9,999.9,999.9,0,6.5,5.3
16585596,0723,77.5,81.9,84.0,46.5,47.8,47.0,999.9,897.2,901.6,10.0,14.8,14.7,9.8,7.9,8.4,19.0,17.7,16.1,91.9,95.8,96.0,64.9,66.4,66.0,0.01,0.0,0.0,999.9,999.9,999.9,0,6.5,5.3
16585596,0723,82.8,81.9,83.9,55.6,47.9,47.1,871.0,897.9,905.9,10.0,14.8,14.7,6.2,7.9,8.4,15.9,17.7,16.1,87.1,95.8,95.9,66.2,66.4,65.9,0.0,0.0,0.0,999.9,999.9,999.9,0,6.4,5.3
16585596,0723,86.6,81.8,84.0,46.5,47.9,47.7,869.6,897.9,901.6,10.0,14.8,14.7,10.1,7.9,8.2,18.1,17.7,15.6,98.1,95.8,95.6,62.1,66.3,65.7,0.0,0.0,0.0,999.9,999.9,999.9,2,6.3,5.3
16585596,0723,77.5,81.9,83.9,39.9,47.9,47.7,866.4,897.9,897.3,10.0,14.6,14.3,5.1,7.9,8.3,15.9,17.7,15.7,99.0,95.8,95.7,64.9,66.3,65.9,0.0,0.0,0.0,999.9,999.9,999.9,0,6.4,4.8
16585596,0723,76.7,81.8,83.9,40.5,47.8,47.4,870.0,897.8,897.2,41.0,14.6,14.3,10.6,7.9,8.3,20.0,17.7,15.2,93.9,95.8,95.8,70.0,66.3,66.2,0.01,0.0,0.0,999.9,999.9,999.9,0,6.4,4.8
16585596,0723,89.2,81.8,83.9,49.2,47.8,47.2,872.9,897.8,892.8,10.0,14.7,15.3,6.4,7.9,8.4,18.1,17.7,15.4,102.9,95.7,95.6,75.0,66.4,66.2,0.0,0.0,0.0,999.9,999.9,999.9,0,6.4,4.8
16585596,0723,86.8,81.9,83.9,39.9,47.8,47.3,875.8,897.8,893.0,9.9,14.7,15.3,6.9,7.9,8.4,18.1,17.7,15.7,102.0,95.8,95.9,61.0,66.4,66.6,0.02,0.0,0.0,999.9,999.9,999.9,18,6.3,4.2
16585596,0723,76.4,81.9,83.9,41.6,47.8,47.3,871.0,897.9,893.1,10.0,14.7,14.3,10.2,7.9,8.3,10.1,17.7,15.7,102.0,95.9,96.2,54.0,66.4,66.3,0.14,0.0,0.0,999.9,999.9,999.9,2,6.4,4.2
16585596,0723,88.1,81.9,83.5,50.9,47.7,47.5,869.5,897.8,893.1,9.7,14.6,14.3,9.9,7.9,8.3,18.1,17.6,15.7,93.9,95.9,96.2,64.9,66.3,65.9,0.02,0.0,0.0,999.9,999.9,999.9,0,6.4,4.3
16585596,0723,82.7,81.9,83.7,41.4,47.8,47.8,872.4,897.8,892.9,10.0,14.6,14.3,9.5,7.9,8.4,15.9,17.7,15.9,102.0,95.9,95.8,62.1,66.3,66.0,0.17,0.0,0.0,999.9,999.9,999.9,48,6.4,4.3
16585596,0723,79.9,82.0,83.5,54.5,47.7,47.3,869.0,897.8,892.9,10.0,14.4,13.9,6.2,7.9,8.5,15.0,17.6,16.1,93.0,96.0,95.8,61.0,66.2,66.0,0.11,0.0,0.0,999.9,999.9,999.9,0,6.6,5.9
16585596,0723,81.1,82.0,83.4,45.2,47.8,47.1,870.5,897.8,892.8,9.7,14.4,13.9,7.8,7.9,8.3,18.1,17.5,16.0,93.0,95.9,95.8,63.0,66.1,65.9,0.03,0.0,0.0,999.9,999.9,999.9,48,6.5,5.9
16585596,0723,80.9,82.0,83.4,49.2,47.7,47.1,871.4,897.8,892.8,20.3,14.4,13.9,6.9,7.9,8.2,11.1,17.5,15.8,90.0,95.9,95.9,66.2,66.1,65.6,0.0,0.0,0.1,999.9,999.9,999.9,18,6.5,7.5
16585596,0723,82.7,82.0,83.5,45.0,47.7,46.8,999.9,897.8,892.7,9.7,14.4,14.2,10.2,7.9,8.2,13.0,17.4,15.8,89.1,95.9,95.8,66.0,66.0,65.7,0.0,0.0,0.1,999.9,999.9,999.9,0,6.6,8.1
16585596,0723,82.8,82.0,83.5,57.5,47.7,46.8,873.6,898.5,897.0,9.9,14.4,14.2,8.1,7.9,8.2,31.1,17.4,15.9,99.0,95.8,95.3,63.0,66.1,65.7,0.01,0.0,0.1,999.9,999.9,999.9,16,6.5,8.1
16585596,0723,85.2,82.1,83.3,57.2,47.7,47.1,872.4,898.6,897.0,9.9,14.4,14.2,6.4,8.0,8.2,15.9,17.5,16.5,95.0,95.8,95.5,61.0,66.0,65.5,0.0,0.0,0.0,999.9,999.9,999.9,18,6.6,8.0
16585596,0723,81.8,82.1,83.5,57.6,47.7,47.3,872.4,898.6,896.9,10.0,14.2,14.2,10.2,8.0,8.2,8.9,17.4,16.5,93.9,95.8,95.2,73.9,66.0,65.3,0.0,0.0,0.0,999.9,999.9,999.9,0,6.6,8.6
16585596,0723,85.4,82.1,83.5,39.9,47.8,48.1,871.5,897.9,897.0,10.0,14.2,14.2,6.5,8.0,8.2,20.0,17.4,16.4,99.0,95.8,95.0,73.9,66.1,65.5,0.0,0.0,0.0,999.9,999.9,999.9,0,6.6,8.0
16585596,0723,81.1,82.1,83.4,46.5,47.7,48.0,871.4,897.9,897.1,13.5,14.1,14.2,9.8,8.0,8.2,18.1,17.3,16.5,102.0,95.8,95.2,70.0,66.1,65.8,0.17,0.0,0.0,999.9,999.9,999.9,18,6.5,7.4
16585596,0723,80.9,82.3,83.2,48.9,47.7,47.7,872.7,897.9,892.8,41.0,14.1,14.0,6.4,8.0,8.4,19.0,17.3,16.7,98.1,95.9,95.6,62.2,66.2,65.9,0.0,0.0,0.0,999.9,999.9,999.9,0,6.6,8.0
16585596,0723,79.9,82.3,82.9,45.0,47.7,47.7,869.7,897.9,892.9,20.3,14.3,15.0,6.9,8.0,8.3,15.0,17.3,16.9,98.1,95.9,95.9,54.0,66.1,65.8,0.0,0.0,0.0,999.9,999.9,999.9,0,6.6,7.4
16585596,0723,79.9,82.3,82.7,57.2,47.7,47.4,870.4,897.2,892.9,10.0,14.3,15.3,11.6,8.0,8.2,8.9,17.4,16.9,90.0,95.9,96.1,64.9,66.0,65.3,0.0,0.0,0.0,999.9,999.9,999.9,0,6.6,7.4
16585596,0723,86.6,82.3,82.5,49.3,47.8,48.0,873.0,897.2,892.8,9.8,14.3,15.3,5.3,8.0,8.3,18.1,17.2,16.3,93.9,95.8,95.9,66.0,66.1,65.3,0.0,0.0,0.0,999.9,999.9,999.9,18,6.6,6.8
16585596,0723,88.1,82.3,82.5,54.5,47.7,48.5,875.8,897.2,892.9,9.7,14.3,14.3,9.6,8.0,8.3,24.3,17.2,16.5,95.0,95.8,95.9,57.0,66.0,65.1,0.0,0.0,0.0,999.9,999.9,999.9,0,6.6,7.4
16585596,0723,82.8,82.4,83.1,50.2,47.8,48.5,875.8,897.2,893.0,9.9,14.2,14.3,5.1,8.0,8.4,15.9,17.3,16.9,100.0,95.8,96.0,62.1,66.0,64.7,0.02,0.0,0.0,999.9,999.9,999.9,18,6.6,7.4
16585596,0723,74.2,82.3,82.9,41.2,47.9,48.5,999.9,897.2,888.8,9.9,14.2,13.6,5.3,8.0,8.4,14.0,17.2,17.0,102.0,95.8,96.2,54.0,66.0,64.5,0.02,0.0,0.0,999.9,999.9,999.9,0,6.7,8.0
16585596,0723,88.1,82.3,82.6,45.0,47.8,48.7,869.7,897.9,893.1,10.0,14.2,13.2,11.6,8.0,8.3,12.0,17.2,17.1,104.0,96.0,96.5,73.0,65.9,64.2,0.0,0.0,0.0,999.9,999.9,999.9,18,6.7,8.0
16585596,0723,82.3,82.3,82.7,54.6,47.8,48.3,999.9,897.9,893.0,10.0,14.1,13.2,8.7,8.0,8.3,13.0,17.1,16.4,93.0,96.1,96.7,61.0,65.9,64.1,0.0,0.0,0.0,999.9,999.9,999.9,0,6.7,8.6
16585596,0723,87.8,82.3,82.6,52.0,47.8,48.6,873.5,898.6,897.2,30.7,13.9,12.8,5.3,8.0,8.3,11.1,17.1,16.5,102.0,96.0,96.8,66.9,66.0,63.9,0.0,0.0,0.0,999.9,999.9,999.9,0,6.6,8.6
16585596,0723,86.6,82.3,82.6,57.5,47.9,48.7,871.0,897.9,893.0,10.0,14.0,13.5,9.6,8.0,8.1,18.1,17.0,16.4,88.7,96.1,96.9,62.1,66.0,64.1,0.03,0.0,0.0,999.9,999.9,999.9,0,6.6,8.1
16585596,0723,80.3,82.4,82.7,47.2,47.9,48.7,869.0,897.9,888.7,10.0,14.0,13.5,9.9,8.0,8.1,22.0,17.0,16.3,95.0,96.0,96.4,71.1,65.9,64.2,0.0,0.0,0.0,999.9,999.9,999.9,0,6.5,8.1
16585596,0723,82.7,82.3,82.8,54.5,47.9,48.7,872.4,897.9,884.4,9.9,14.0,13.5,8.7,8.0,8.1,19.0,17.0,16.4,90.0,96.0,96.5,66.9,66.0,64.4,0.0,0.0,0.0,999.9,999.9,999.9,0,6.5,8.1
16585596,0723,79.9,82.4,82.8,58.4,47.9,48.7,999.9,897.9,884.4,10.0,14.0,13.5,6.9,8.0,8.2,13.0,17.1,16.5,89.1,95.9,96.6,71.1,66.0,64.4,0.0,0.0,0.0,999.9,999.9,999.9,18,6.5,8.1
16585596,0723,81.1,82.4,82.6,55.6,48.0,49.0,872.4,898.6,888.8,13.5,14.0,13.5,10.4,8.0,8.1,8.9,17.1,16.4,104.0,95.9,96.3,54.0,66.0,64.7,0.0,0.0,0.0,999.9,999.9,999.9,18,6.6,8.6
16585596,0723,74.2,82.4,82.7,55.6,48.1,49.6,999.9,898.7,889.0,9.9,14.0,13.6,9.9,8.0,8.2,19.0,17.0,16.1,98.1,95.9,96.5,62.1,65.9,64.4,0.0,0.0,0.0,999.9,999.9,999.9,0,6.7,9.2
16585596,0723,80.7,82.3,82.6,41.2,48.1,50.1,870.4,899.4,893.3,10.0,14.0,12.6,6.6,8.0,8.2,10.1,17.0,16.1,93.9,96.0,96.6,71.1,65.9,64.1,0.0,0.0,0.0,999.9,999.9,999.9,0,6.6,9.2
16585596,0723,80.9,82.3,82.4,57.2,48.0,49.8,872.4,899.4,893.2,10.0,14.0,12.6,5.3,8.0,8.2,8.9,17.0,15.8,95.0,96.0,96.3,63.0,65.9,64.0,0.0,0.0,0.0,999.9,999.9,999.9,18,6.6,9.2
16585596,0723,69.7,82.2,82.2,50.2,48.1,50.4,871.0,899.4,893.1,10.0,14.0,12.6,5.1,8.0,8.2,17.1,16.9,15.5,79.0,95.9,96.1,73.9,65.9,64.0,0.11,0.0,0.0,999.9,999.9,999.9,0,6.7,9.2
16585596,0723,79.9,82.1,81.9,50.2,48.2,50.7,873.0,899.4,893.1,9.8,14.0,12.6,9.6,8.0,8.0,11.1,16.9,15.8,93.0,95.8,95.3,70.0,65.9,64.7,0.11,0.0,0.0,999.9,999.9,999.9,18,6.6,9.1
16585596,0723,80.3,82.1,81.7,41.2,48.3,50.7,872.4,898.7,893.2,41.0,14.0,12.6,8.1,8.0,8.0,26.0,16.9,15.5,102.0,95.8,95.3,66.0,66.0,64.9,0.0,0.0,0.0,999.9,999.9,999.9,0,6.7,9.7
16585596,0723,83.0,82.0,81.6,37.5,48.2,50.6,866.4,898.0,893.2,9.8,14.1,13.6,6.9,8.0,7.9,15.9,17.0,15.9,102.0,95.8,95.3,73.0,65.9,65.0,0.0,0.0,0.0,999.9,999.9,999.9,0,6.6,8.1
16585596,0723,82.7,82.1,81.7,36.2,48.0,50.1,872.7,897.9,893.1,9.9,14.1,13.6,5.3,8.0,8.0,13.0,17.0,15.9,102.9,95.8,95.6,61.0,66.0,65.4,0.0,0.0,0.0,999.9,999.9,999.9,0,6.6,8.1
16585596,0723,87.8,82.1,81.8,49.3,48.0,49.8,872.7,897.9,893.2,14.9,14.1,13.6,7.8,8.0,7.9,24.3,17.0,15.7,95.0,95.8,95.9,64.9,66.0,65.3,0.0,0.0,0.0,999.9,999.9,999.9,0,6.6,6.5
16585596,0723,77.5,82.1,82.0,46.5,48.0,49.8,873.6,897.9,893.2,9.9,14.1,13.4,6.2,8.0,7.9,18.1,17.0,16.2,89.1,95.8,96.1,66.0,66.0,65.3,0.0,0.0,0.0,999.9,999.9,999.9,0,6.6,5.9
16585596,0723,79.9,82.1,81.8,50.9,48.1,49.8,869.5,897.2,889.0,10.0,14.1,13.4,8.7,8.0,7.8,10.1,17.0,16.3,93.0,95.8,96.1,71.1,66.0,65.3,0.0,0.0,0.0,999.9,999.9,999.9,18,6.6,5.9
16585596,0723,79.9,82.1,81.7,41.4,48.0,49.6,869.5,897.2,888.9,9.9,14.1,13.4,3.7,8.0,7.8,18.1,16.9,15.6,79.0,95.8,95.9,71.1,66.1,65.6,0.17,0.0,0.0,999.9,999.9,999.9,18,6.7,6.0
16585596,0723,89.6,82.1,81.5,57.2,48.1,49.1,873.1,897.2,888.8,9.9,14.1,13.4,9.3,8.0,7.7,31.1,16.9,15.7,90.0,95.6,95.3,66.2,66.1,65.9,0.02,0.0,0.0,999.9,999.9,999.9,0,6.7,6.0
16585596,0723,83.0,82.1,81.8,34.9,48.2,49.1,873.1,897.2,888.8,41.0,14.1,13.4,9.5,8.0,7.7,34.0,17.1,16.4,102.0,95.5,95.2,73.0,66.1,65.7,0.0,0.0,0.0,999.9,999.9,999.9,18,6.6,6.0
16585596,0723,74.2,82.1,81.7,57.6,48.1,48.9,872.7,897.2,888.9,10.0,14.2,14.5,10.2,8.0,7.8,15.0,17.2,16.9,95.0,95.6,95.3,75.9,66.2,65.6,0.0,0.0,0.0,999.9,999.9,999.9,18,6.6,6.6
16585596,0723,87.8,82.1,81.5,48.9,48.2,49.3,873.1,897.2,888.9,10.0,14.2,14.4,5.6,8.0,7.8,14.0,17.1,16.8,98.1,95.6,95.1,64.9,66.2,65.8,0.0,0.0,0.0,999.9,999.9,999.9,18,6.7,6.6
16585596,0723,76.8,82.1,81.7,34.9,48.2,49.3,870.4,897.2,888.9,10.0,14.2,13.3,6.4,8.0,7.8,34.0,17.0,16.6,79.0,95.6,95.1,66.2,66.2,65.9,0.0,0.0,0.0,999.9,999.9,999.9,18,6.7,7.2
16585596,0723,89.2,82.1,81.6,36.2,48.2,48.9,873.6,897.2,889.0,9.9,14.2,13.0,9.9,8.0,7.7,18.1,17.2,17.3,102.0,95.5,94.4,59.0,66.3,66.3,0.14,0.0,0.0,999.9,999.9,999.9,18,6.8,7.8
16585596,0723,88.8,82.2,81.9,48.9,48.1,48.2,999.9,897.2,889.1,30.7,14.2,13.0,8.8,8.0,7.7,15.9,17.2,17.6,95.0,95.6,94.8,68.0,66.2,66.1,0.11,0.0,0.0,999.9,999.9,999.9,18,6.9,8.4
16585596,0723,89.6,82.2,82.0,52.0,48.1,48.2,869.5,897.9,893.3,22.3,14.3,13.7,10.2,8.0,7.8,19.0,17.2,17.5,87.1,95.6,94.9,64.9,66.2,66.2,0.0,0.0,0.0,999.9,999.9,999.9,0,7.0,8.4
16585596,0723,87.8,82.2,82.0,49.3,48.1,48.1,872.4,897.9,893.1,10.0,14.3,14.1,6.6,8.0,7.8,24.1,17.2,17.3,93.9,95.6,94.6,72.0,66.2,66.5,0.33,0.0,0.0,999.9,999.9,999.9,18,7.0,8.4
16585596,0723,82.3,82.3,82.2,39.9,48.1,48.1,875.8,898.0,893.0,13.5,14.3,14.1,7.8,8.0,7.9,11.1,17.3,17.6,90.0,95.6,94.4,66.0,66.2,66.8,0.0,0.0,0.0,999.9,999.9,999.9,0,7.1,8.4
16585596,0723,79.9,82.3,82.5,57.5,48.0,48.1,999.9,898.0,888.8,10.0,14.4,14.2,9.6,8.0,8.0,14.0,17.2,17.5,104.0,95.7,94.0,54.0,66.2,67.2,0.0,0.0,0.0,999.9,999.9,999.9,2,7.1,8.4
16585596,0723,86.8,82.3,82.2,49.2,48.0,48.5,869.5,898.0,893.2,10.0,14.4,14.2,8.8,8.0,7.9,34.0,17.2,17.6,100.0,95.7,94.0,62.1,66.1,66.5,0.02,0.0,0.0,999.9,999.9,999.9,2,7.1,7.9
16585596,0723,76.7,82.4,82.4,40.5,48.0,48.3,872.7,898.0,888.8,10.0,14.4,14.2,8.1,8.0,7.9,12.0,17.2,18.3,102.0,95.7,94.2,70.0,66.1,66.6,0.0,0.0,0.0,999.9,999.9,999.9,0,7.1,7.9
16585596,0723,88.1,82.3,82.0,57.6,48.0,47.9,870.5,897.3,888.8,9.9,14.3,13.5,4.9,8.0,8.0,34.0,17.2,18.3,102.0,95.8,94.2,62.1,66.2,66.7,0.02,0.0,0.0,999.9,999.9,999.9,18,7.0,7.9
16585596,0723,80.7,82.4,82.0,49.3,48.0,47.9,866.4,897.3,888.8,9.9,14.2,13.5,6.6,8.0,7.8,31.1,17.3,18.8,79.0,95.8,94.7,62.1,66.2,66.7,0.0,0.0,0.0,999.9,999.9,999.9,0,7.1,8.5
16585596,0723,77.5,82.4,82.0,50.2,48.0,48.0,869.5,896.5,888.7,39.8,14.2,13.5,5.3,8.0,7.7,14.0,17.4,19.1,102.9,95.7,94.1,61.0,66.1,66.4,0.0,0.0,0.0,999.9,999.9,999.9,0,7.1,8.5
16585596,0723,77.1,82.3,81.9,54.1,48.0,47.9,999.9,896.5,888.6,9.8,14.4,14.5,6.3,8.0,7.6,18.1,17.4,19.0,89.1,95.7,94.6,68.0,66.1,66.2,0.0,0.0,0.0,999.9,999.9,999.9,0,7.0,8.5
16585596,0723,74.2,82.3,81.8,49.2,48.1,47.7,872.4,896.5,888.6,9.8,14.4,14.5,4.7,8.0,7.6,10.1,17.4,19.1,79.0,95.6,94.6,75.9,66.1,66.1,0.02,0.0,0.0,999.9,999.9,999.9,0,7.0,7.9
16585596,0723,76.8,82.2,81.6,57.5,48.1,47.5,999.9,896.5,888.6,14.9,14.4,14.4,3.7,8.0,7.4,11.1,17.4,19.2,99.0,95.5,93.7,64.9,66.2,66.8,0.01,0.0,0.0,999.9,999.9,999.9,0,7.0,7.3
16585596,0723,69.7,82.2,81.6,44.1,48.2,47.6,870.5,897.2,888.6,9.9,14.4,14.6,8.7,7.9,7.2,13.0,17.3,18.9,95.0,95.5,93.8,62.1,66.2,66.9,0.0,0.0,0.0,999.9,999.9,999.9,0,6.9,7.3
16585596,0723,79.9,82.2,81.3,34.9,48.2,47.7,873.5,897.2,888.6,9.8,14.4,14.6,8.7,7.9,7.3,15.9,17.3,19.0,102.9,95.6,93.8,70.0,66.2,66.6,0.0,0.0,0.0,999.9,999.9,999.9,0,6.9,7.3
16585596,0723,76.8,82.2,81.2,47.1,48.2,46.9,871.5,897.2,888.6,10.0,14.4,14.5,9.5,7.9,7.4,14.0,17.3,19.2,99.0,95.6,94.1,57.9,66.2,66.8,0.14,0.0,0.0,999.9,999.9,999.9,0,6.9,6.7
16585596,0723,78.3,82.2,81.5,37.5,48.2,46.8,868.1,897.2,888.7,10.0,14.3,14.5,8.1,7.9,7.5,19.0,17.3,19.1,90.0,95.7,94.7,57.0,66.1,66.3,0.0,0.0,0.0,999.9,999.9,999.9,0,6.8,6.7
16585596,0723,74.2,82.2,81.4,52.0,48.1,46.4,872.9,897.2,888.5,9.8,14.3,14.6,9.3,7.9,7.5,11.1,17.3,19.4,99.0,95.7,94.6,66.9,66.0,65.9,0.0,0.0,0.0,999.9,999.9,999.9,0,6.8,6.1
16585596,0723,77.1,82.1,81.2,39.9,48.1,46.7,873.6,897.2,888.5,9.7,14.3,13.5,5.1,7.9,7.5,34.0,17.3,18.9,90.0,95.7,94.5,66.9,66.1,65.9,0.0,0.0,0.0,999.9,999.9,999.9,0,6.7,6.1
16585596,0723,80.7,82.2,81.0,41.4,48.0,46.8,872.4,897.2,888.7,9.7,14.3,13.5,10.2,7.9,7.4,19.0,17.4,19.5,99.0,95.7,94.1,59.0,66.0,65.7,0.0,0.0,0.0,999.9,999.9,999.9,0,6.6,6.1
16585596,0723,81.1,82.2,81.0,46.5,48.0,47.0,999.9,897.2,888.7,41.0,14.3,13.5,6.4,7.9,7.6,11.1,17.4,19.7,102.9,95.6,94.0,71.1,66.0,65.6,0.0,0.0,0.0,999.9,999.9,999.9,0,6.6,6.1
16585596,0723,74.2,82.2,80.7,45.2,47.9,46.9,873.6,898.0,893.0,10.0,14.3,14.4,6.2,7.9,7.6,22.0,17.3,19.3,90.0,95.7,94.3,71.1,66.0,65.8,0.0,0.0,0.0,999.9,999.9,999.9,0,6.6,6.1
16585596,0723,87.8,82.1,80.6,47.2,47.9,46.9,868.1,897.3,893.0,30.7,14.3,14.4,8.8,7.9,7.6,31.1,17.4,19.4,95.0,95.7,94.3,71.1,66.0,66.0,0.0,0.0,0.0,999.9,999.9,999.9,2,6.4,6.1
16585596,0723,74.2,82.1,80.9,54.6,48.0,46.7,869.0,897.2,892.9,9.9,14.5,15.1,8.1,7.9,7.6,19.0,17.5,20.1,89.1,95.6,94.4,70.0,66.1,66.0,0.0,0.0,0.0,999.9,999.9,999.9,0,6.4,5.6
16585596,0723,81.8,82.1,80.7,34.9,48.0,47.2,870.4,896.5,892.9,9.9,14.5,15.1,5.3,7.9,7.7,12.0,17.5,20.1,95.0,95.6,94.7,61.0,66.1,66.0,0.0,0.0,0.0,999.9,999.9,999.9,0,6.4,5.0
16585596,0723,89.2,82.1,80.4,36.2,47.9,46.4,999.9,896.5,892.8,14.9,14.4,15.1,8.2,7.9,7.6,19.0,17.5,19.5,93.9,95.7,94.9,64.9,66.0,65.8,0.15,0.0,0.0,999.9,999.9,999.9,18,6.3,5.0
16585596,0723,79.9,82.1,80.6,40.5,47.9,46.5,872.7,897.2,897.0,10.0,14.4,14.2,10.2,7.9,7.5,10.1,17.5,19.0,93.0,95.7,94.6,57.9,66.1,65.5,0.11,0.0,0.0,999.9,999.9,999.9,18,6.4,5.0
16585596,0723,82.8,82.1,80.8,44.1,47.9,45.9,868.1,897.2,897.0,10.0,14.4,14.2,3.7,7.9,7.5,22.0,17.4,18.8,100.0,95.7,94.5,59.0,66.0,64.9,0.14,0.0,0.0,999.9,999.9,999.9,18,6.5,5.0
16585596,0723,81.8,82.1,80.7,39.9,47.9,45.7,873.6,897.2,896.9,30.7,14.2,14.2,5.1,7.9,7.5,14.0,17.5,19.1,104.0,95.7,94.6,66.9,65.9,64.7,0.14,0.0,0.0,999.9,999.9,999.9,0,6.3,5.0
16585596,0723,80.7,82.1,80.8,37.5,47.8,45.9,873.0,896.5,897.0,22.2,14.3,14.9,5.1,7.9,7.4,15.9,17.5,18.4,102.9,95.8,95.4,71.1,66.0,64.8,0.03,0.0,0.0,999.9,999.9,999.9,0,6.3,4.4
16585596,0723,86.6,82.1,80.6,46.5,47.7,46.0,869.6,896.5,897.0,9.9,14.4,15.3,11.6,7.9,7.3,18.1,17.5,18.4,95.0,95.9,95.5,57.9,66.0,65.2,0.0,0.0,0.0,999.9,999.9,999.9,18,6.2,3.8
16585596,0723,76.8,82.1,80.5,44.1,47.7,45.9,870.5,896.5,892.6,9.7,14.4,14.6,9.6,7.9,7.4,15.0,17.5,18.4,91.9,95.9,95.5,71.1,66.0,64.8,0.02,0.0,0.0,999.9,999.9,999.9,16,6.3,3.8
16585596,0723,79.9,82.1,80.1,44.6,47.6,45.6,869.5,896.5,892.7,9.8,14.4,14.2,6.3,7.9,7.3,12.0,17.4,18.3,93.9,95.9,95.6,75.9,66.0,65.0,0.0,0.0,0.0,999.9,999.9,999.9,0,6.3,4.3
16585596,0723,88.8,82.1,79.8,45.0,47.6,45.5,873.1,896.5,892.6,22.3,14.3,14.2,5.6,7.9,7.3,15.0,17.4,17.9,102.0,95.9,95.6,66.9,66.0,65.2,0.0,0.0,0.0,999.9,999.9,999.9,0,6.2,3.7
16585596,0723,79.3,82.1,80.0,55.9,47.5,45.6,999.9,896.5,892.5,9.7,14.4,14.5,5.3,7.9,7.3,26.0,17.3,18.0,87.1,95.9,96.0,73.9,66.0,65.2,0.0,0.0,0.0,999.9,999.9,999.9,0,6.1,3.7
16585596,0723,74.2,82.1,80.0,54.5,47.5,45.6,873.5,896.5,892.5,10.0,14.4,14.5,8.2,7.9,7.1,11.1,17.4,18.4,93.0,95.8,95.5,68.0,66.1,65.9,0.0,0.0,0.0,999.9,999.9,999.9,0,6.1,3.7
16585596,0723,62.0,82.0,79.6,33.1,47.5,45.8,875.8,896.5,892.6,10.0,14.4,14.5,10.2,7.9,7.1,18.1,17.3,17.7,87.1,95.8,95.2,70.0,66.1,66.1,0.0,0.0,0.0,999.9,999.9,999.9,0,6.0,3.6
16585596,0723,62.0,81.9,79.1,47.2,47.5,45.5,873.0,896.5,892.7,10.0,14.3,14.5,10.2,7.9,7.2,10.1,17.3,17.9,104.0,95.8,94.7,66.2,66.2,66.1,0.0,0.0,0.0,999.9,999.9,999.9,0,5.9,3.6
16585596,0723,82.3,81.8,78.2,57.2,47.4,45.2,869.5,895.8,892.8,9.9,14.3,14.5,6.9,8.0,7.3,26.0,17.3,17.1,104.0,95.8,94.8,66.2,66.3,66.2,0.14,0.0,0.0,999.9,999.9,999.9,0,5.9,3.0
16585596,0723,82.3,81.8,78.3,37.5,47.4,45.4,870.5,895.8,892.9,9.9,14.3,14.5,9.3,7.9,7.4,15.9,17.3,16.9,90.0,95.8,95.6,61.0,66.3,66.3,0.0,0.0,0.0,999.9,999.9,999.9,0,5.9,3.0
16585596,0723,79.9,81.8,78.4,50.2,47.3,45.0,875.8,895.8,892.9,9.7,14.3,13.5,8.8,7.9,7.5,12.0,17.4,17.0,95.0,95.8,95.2,62.1,66.3,66.3,0.02,0.0,0.0,999.9,999.9,999.9,2,5.9,3.0
16585596,0723,79.9,81.8,78.5,41.2,47.3,44.9,999.9,895.8,888.8,9.9,14.3,13.5,10.4,7.9,7.6,13.0,17.4,16.8,99.0,95.8,95.4,62.2,66.3,66.1,0.0,0.0,0.0,999.9,999.9,999.9,0,5.8,3.1
16585596,0723,80.7,81.8,78.7,54.5,47.3,44.6,875.8,896.5,893.0,10.0,14.3,13.5,8.8,7.9,7.8,11.1,17.3,16.9,87.1,95.8,96.1,73.9,66.2,65.7,0.0,0.0,0.0,999.9,999.9,999.9,0,5.8,3.1
16585596,0723,89.2,81.8,78.8,54.1,47.4,44.5,869.5,896.6,888.9,22.2,14.3,13.3,9.6,7.9,7.9,26.0,17.3,16.9,93.9,95.8,95.7,66.0,66.3,66.0,0.0,0.0,0.0,999.9,999.9,999.9,18,5.8,3.1
16585596,0723,88.1,81.8,79.5,33.1,47.4,44.8,872.9,895.9,888.9,10.0,14.4,13.7,6.4,7.9,8.0,18.1,17.4,17.3,93.0,95.7,95.6,66.2,66.2,66.1,0.11,0.0,0.0,999.9,999.9,999.9,0,5.8,3.7
16585596,0723,77.1,81.9,79.8,47.2,47.3,44.8,873.6,895.8,888.9,10.0,14.4,13.7,8.8,7.9,7.9,15.0,17.4,17.4,95.0,95.7,95.3,57.9,66.2,66.0,0.0,0.0,0.0,999.9,999.9,999.9,0,5.8,3.7
16585596,0723,77.1,81.8,79.8,45.2,47.3,44.8,871.4,895.9,888.9,9.7,14.4,13.7,9.8,7.9,7.9,13.0,17.4,17.4,99.0,95.7,95.2,61.0,66.2,66.0,0.17,0.0,0.0,999.9,999.9,999.9,0,5.7,3.7
16585596,0723,80.7,81.8,79.7,41.2,47.3,45.0,869.7,895.2,889.0,10.0,14.2,13.7,10.1,7.9,7.9,15.0,17.4,17.2,104.0,95.7,95.5,73.9,66.2,66.1,0.0,0.0,0.0,999.9,999.9,999.9,0,5.7,3.7
16585596,0723,69.7,81.8,79.9,40.5,47.3,44.7,870.5,895.1,888.9,9.9,14.2,13.7,6.5,7.9,7.9,18.1,17.4,17.3,93.0,95.7,95.6,63.0,66.3,66.3,0.0,0.0,0.0,999.9,999.9,999.9,16,5.7,3.7
16585596,0723,85.2,81.7,79.7,49.2,47.3,44.7,871.4,895.1,888.8,39.8,14.2,13.7,10.6,7.9,8.0,18.1,17.4,16.8,93.0,95.7,95.7,73.9,66.3,66.2,0.0,0.0,0.0,999.9,999.9,999.9,0,5.8,4.2
16585596,0723,86.8,81.7,79.8,45.0,47.3,45.0,873.5,895.1,888.8,9.8,14.4,14.7,6.9,7.9,8.0,20.0,17.4,16.8,79.0,95.7,95.5,71.1,66.3,66.7,0.0,0.0,0.0,999.9,999.9,999.9,0,5.8,4.2
16585596,0723,81.8,81.8,80.0,47.2,47.3,44.9,875.8,894.4,884.6,9.9,14.3,13.7,10.2,7.9,8.0,22.0,17.4,17.1,99.0,95.5,94.7,64.9,66.4,66.7,0.11,0.0,0.0,999.9,999.9,999.9,18,5.8,4.2
16585596,0723,78.4,81.8,80.3,47.2,47.3,45.0,873.1,894.4,884.7,39.8,14.1,13.7,6.9,7.9,8.2,15.0,17.4,17.1,87.1,95.5,95.0,71.1,66.3,66.5,0.0,0.0,0.0,999.9,999.9,999.9,0,5.9,4.8
16585596,0723,80.3,81.8,80.0,48.9,47.4,45.0,872.4,894.4,884.8,20.3,14.3,14.0,4.9,8.0,8.1,13.0,17.4,16.5,98.1,95.5,94.8,71.1,66.3,66.5,0.0,0.0,0.0,999.9,999.9,999.9,0,5.9,4.7
16585596,0723,89.6,81.8,80.2,33.1,47.4,44.8,873.0,893.7,884.9,39.8,14.3,14.3,7.8,7.9,8.0,11.1,17.4,16.3,98.1,95.5,95.1,66.9,66.4,66.5,0.01,0.0,0.0,999.9,999.9,999.9,0,5.8,4.7
16585596,0723,69.7,81.8,80.4,57.5,47.2,44.7,999.9,893.0,885.0,10.0,14.3,15.3,6.6,7.9,8.1,15.9,17.4,16.3,93.9,95.5,95.2,62.1,66.3,66.7,0.15,0.0,0.0,999.9,999.9,999.9,0,5.8,4.7
16585596,0723,87.8,81.8,79.8,44.6,47.3,45.4,999.9,893.7,885.0,10.0,14.3,15.2,6.3,7.9,8.0,22.0,17.4,16.2,99.0,95.5,95.2,61.0,66.3,66.6,0.0,0.0,0.0,999.9,999.9,999.9,48,5.8,4.1
16585596,0723,86.6,81.9,80.0,41.6,47.3,45.6,872.9,894.4,889.3,9.8,14.2,15.2,5.3,7.9,7.9,15.9,17.4,16.6,93.9,95.6,95.4,66.9,66.2,66.7,0.02,0.0,0.0,999.9,999.9,999.9,0,6.1,5.1
16585596,0723,86.8,81.9,80.2,48.9,47.3,45.5,869.7,894.4,889.4,10.0,14.2,15.2,5.1,7.9,7.9,18.1,17.4,16.4,87.1,95.6,95.2,66.0,66.2,67.0,0.0,0.0,0.0,999.9,999.9,999.9,0,6.0,4.5
16585596,0723,80.3,82.0,80.3,54.1,47.3,45.8,872.4,894.4,889.3,10.0,14.2,14.5,4.7,7.9,7.9,17.1,17.3,16.5,95.0,95.6,94.6,75.9,66.2,67.0,0.0,0.0,0.0,999.9,999.9,999.9,18,6.0,4.5
16585596,0723,79.9,82.0,80.3,46.5,47.3,46.3,872.4,893.7,889.3,22.3,14.2,14.1,6.6,7.9,7.9,11.1,17.3,16.6,98.1,95.6,94.3,71.1,66.3,67.1,0.0,0.0,0.0,999.9,999.9,999.9,0,6.1,5.1
16585596,0723,76.7,82.0,80.1,54.5,47.4,46.3,870.5,893.7,889.4,9.8,14.3,14.5,9.3,7.9,7.8,14.0,17.3,16.3,100.0,95.6,94.4,66.0,66.3,67.6,0.03,0.0,0.0,999.9,999.9,999.9,0,6.1,4.5
16585596,0723,78.4,81.9,80.1,55.6,47.4,46.7,870.5,893.7,889.4,9.9,14.3,14.5,8.7,7.9,7.7,18.1,17.3,16.3,90.0,95.6,94.7,71.1,66.3,67.4,0.0,0.0,0.0,999.9,999.9,999.9,18,6.1,4.0
16585596,0723,79.9,81.9,80.1,33.1,47.5,47.0,869.7,893.7,889.4,10.0,14.3,14.5,5.1,7.9,7.8,34.0,17.2,16.5,90.0,95.6,94.6,66.9,66.3,67.2,0.03,0.0,0.0,999.9,999.9,999.9,18,6.1,4.6
16585596,0723,62.0,81.9,79.8,57.2,47.4,46.7,869.7,893.7,889.3,9.9,14.3,14.1,6.5,7.9,7.8,13.0,17.4,17.1,93.0,95.6,94.2,66.0,66.4,67.2,0.0,0.0,0.0,999.9,999.9,999.9,0,6.1,5.2
16585596,0723,85.4,81.8,79.2,45.2,47.5,46.7,873.5,893.7,884.9,20.3,14.3,14.1,3.7,7.9,7.8,15.9,17.3,16.7,99.0,95.5,94.4,57.0,66.3,67.0,0.0,0.0,0.0,999.9,999.9,999.9,0,6.0,5.2
16585596,0723,77.5,81.8,79.6,52.0,47.5,46.4,869.5,893.0,884.9,10.0,14.3,14.4,10.2,7.8,7.7,12.0,17.3,16.9,99.0,95.6,94.6,62.1,66.3,66.6,0.0,0.0,0.0,999.9,999.9,999.9,18,6.0,5.2
16585596,0723,82.3,81.8,80.1,52.0,47.5,47.0,872.4,893.0,884.7,20.3,14.3,14.4,3.7,7.9,7.7,15.0,17.3,16.7,95.0,95.6,95.0,73.9,66.2,66.4,0.0,0.0,0.0,999.9,999.9,999.9,0,6.1,5.8
16585596,0723,80.7,81.8,80.7,44.6,47.5,47.2,999.9,893.0,884.7,9.8,14.4,14.8,5.3,7.8,7.5,24.3,17.2,16.8,93.0,95.6,94.7,64.9,66.3,66.6,0.14,0.0,0.0,999.9,999.9,999.9,0,6.1,5.8
16585596,0723,82.3,81.8,80.7,50.9,47.5,46.8,999.9,893.7,889.1,10.0,14.4,14.8,7.8,7.8,7.4,15.0,17.3,16.8,93.9,95.5,94.3,71.1,66.3,66.6,0.0,0.0,0.0,999.9,999.9,999.9,16,6.1,5.8
16585596,0723,83.0,81.8,80.7,52.0,47.6,47.2,868.1,894.4,893.4,9.9,14.4,14.8,8.1,7.8,7.4,19.0,17.3,16.7,102.0,95.5,94.4,59.0,66.3,66.9,0.0,0.0,0.0,999.9,999.9,999.9,18,6.2,6.3
16585596,0723,77.1,81.8,80.8,48.9,47.6,47.3,872.7,893.7,893.1,10.0,14.3,14.8,6.9,7.8,7.4,24.1,17.3,17.0,93.9,95.5,94.7,70.0,66.3,66.8,0.0,0.0,0.0,999.9,999.9,999.9,48,6.2,6.9
16585596,0723,81.8,81.7,80.7,45.2,47.6,47.5,873.0,893.7,888.9,10.0,14.3,14.8,6.9,7.8,7.2,22.0,17.3,17.3,98.1,95.5,94.5,54.0,66.2,67.1,0.11,0.0,0.0,999.9,999.9,999.9,18,6.3,8.5
16585596,0723,80.9,81.7,80.7,57.5,47.6,47.2,999.9,893.7,888.8,10.0,14.3,14.8,8.2,7.8,7.2,17.1,17.3,17.7,98.1,95.5,94.9,75.9,66.2,66.4,0.02,0.0,0.0,999.9,999.9,999.9,0,6.4,9.1
16585596,0723,85.4,81.7,80.5,47.2,47.7,47.3,999.9,894.4,893.1,10.0,14.3,14.4,9.5,7.8,7.1,19.0,17.4,17.4,102.0,95.5,95.0,66.2,66.2,66.7,0.0,0.0,0.0,999.9,999.9,999.9,18,6.4,8.5
16585596,0723,89.6,81.7,80.4,47.2,47.6,47.8,873.1,895.1,897.4,9.9,14.2,14.4,8.7,7.8,7.2,18.1,17.4,17.4,102.9,95.5,95.3,54.0,66.1,66.7,0.01,0.0,0.0,999.9,999.9,999.9,0,6.4,9.1
16585596,0723,83.0,81.8,80.8,55.9,47.6,47.8,999.9,895.1,897.3,39.8,14.2,14.4,10.2,7.8,7.2,24.1,17.4,17.5,90.0,95.6,95.6,68.0,66.1,66.6,0.01,0.0,0.0,999.9,999.9,999.9,0,6.4,9.1
16585596,0723,78.4,81.8,81.0,57.2,47.6,48.2,873.5,895.1,901.6,10.0,14.4,15.4,9.6,7.8,7.2,24.1,17.4,17.9,98.1,95.5,95.3,62.2,66.1,66.8,0.0,0.0,0.0,999.9,999.9,999.9,0,6.3,9.1
16585596,0723,89.6,81.8,80.9,39.9,47.7,48.7,870.4,895.1,901.8,30.7,14.4,15.4,9.5,7.8,7.2,15.9,17.5,18.2,100.0,95.6,95.1,73.0,66.1,66.4,0.15,0.0,0.0,999.9,999.9,999.9,2,6.3,9.1
16585596,0723,87.8,81.8,81.6,44.6,47.7,48.7,869.5,895.1,901.8,10.0,14.5,16.1,4.9,7.9,7.3,12.0,17.5,18.1,102.9,95.6,95.3,71.1,66.1,66.8,0.0,0.0,0.0,999.9,999.9,999.9,18,6.2,8.6
16585596,0723,80.9,81.8,81.7,57.6,47.6,48.5,870.5,895.1,901.7,9.9,14.5,15.1,6.4,7.8,7.1,11.1,17.5,17.9,102.0,95.7,95.6,68.0,66.1,66.7,0.15,0.0,0.0,999.9,999.9,999.9,0,6.3,9.2
16585596,0723,69.7,81.8,81.5,36.2,47.7,48.9,999.9,895.1,901.6,10.0,14.4,15.1,6.9,7.8,7.1,17.1,17.3,17.6,104.0,95.6,96.4,73.9,66.2,66.6,0.0,0.0,0.0,999.9,999.9,999.9,0,6.3,9.2
16585596,0723,81.8,81.7,81.1,55.9,47.6,48.6,872.9,895.9,905.7,10.0,14.3,15.1,5.3,7.8,7.0,15.9,17.3,17.5,93.0,95.7,96.6,71.1,66.2,66.9,0.15,0.0,0.0,999.9,999.9,999.9,48,6.3,8.6
16585596,0723,81.8,81.7,81.2,33.1,47.7,48.9,999.9,895.1,905.7,10.0,14.3,14.1,6.6,7.8,7.0,8.9,17.2,17.5,99.0,95.7,96.8,59.0,66.2,66.9,0.0,0.0,0.0,999.9,999.9,999.9,18,6.5,10.2
16585596,0723,87.8,81.7,81.2,45.2,47.6,48.3,999.9,895.9,910.0,41.0,14.2,13.7,6.9,7.8,7.0,8.9,17.2,17.4,90.0,95.6,96.8,62.1,66.1,66.5,0.0,0.0,0.0,999.9,999.9,999.9,18,6.6,10.8
16585596,0723,79.3,81.7,81.2,55.6,47.6,48.7,869.6,896.6,914.2,9.9,14.4,13.8,10.1,7.8,7.0,15.9,17.2,17.3,93.9,95.6,96.5,73.0,66.2,66.3,0.0,0.0,0.0,999.9,999.9,999.9,0,6.6,11.4
16585596,0723,86.8,81.7,81.5,41.2,47.7,48.7,870.0,895.9,909.9,9.9,14.4,13.8,6.2,7.8,7.1,19.0,17.1,17.3,99.0,95.6,96.5,66.0,66.3,66.7,0.02,0.0,0.0,999.9,999.9,999.9,0,6.6,11.4
16585596,0723,77.1,81.7,81.5,58.4,47.6,48.6,870.4,895.1,905.5,10.0,14.4,13.8,6.4,7.8,7.1,14.0,17.1,17.2,99.0,95.6,96.5,71.1,66.2,66.8,0.0,0.0,0.0,999.9,999.9,999.9,0,6.6,9.8
16585596,0723,86.8,81.7,81.1,50.9,47.7,49.1,873.1,895.1,905.4,10.0,14.3,13.8,6.2,7.8,7.1,15.9,17.1,17.1,93.0,95.6,96.7,66.9,66.2,67.0,0.0,0.0,0.0,999.9,999.9,999.9,18,6.5,9.8
16585596,0723,82.7,81.8,81.1,50.9,47.7,49.2,872.4,895.1,905.6,9.9,14.3,13.8,9.8,7.8,7.2,15.0,17.0,17.1,95.0,95.6,96.9,66.9,66.2,67.0,0.0,0.0,0.0,999.9,999.9,999.9,0,6.6,10.4
16585596,0723,74.2,81.8,81.2,44.6,47.7,49.1,869.7,895.1,905.6,9.9,14.3,13.8,9.3,7.8,7.3,22.0,17.0,17.0,95.0,95.6,96.9,62.2,66.1,66.7,0.0,0.0,0.0,999.9,999.9,999.9,0,6.6,9.8
16585596,0723,81.1,81.7,81.0,36.2,47.6,49.0,873.1,895.1,905.5,10.0,14.3,13.4,10.2,7.8,7.4,18.1,17.0,17.3,93.0,95.6,96.8,70.0,66.1,66.4,0.0,0.0,0.0,999.9,999.9,999.9,18,6.6,9.8
16585596,0723,88.1,81.6,81.2,57.6,47.5,48.4,873.6,895.1,905.6,10.0,14.3,13.4,8.2,7.8,7.5,15.9,17.0,17.5,88.7,95.6,96.6,64.9,66.1,66.6,0.0,0.0,0.0,999.9,999.9,999.9,48,6.7,10.4
16585596,0723,78.3,81.7,81.5,41.2,47.6,48.5,870.0,895.1,905.7,9.9,14.2,13.4,9.5,7.8,7.4,11.1,17.0,17.4,93.0,95.5,96.5,64.9,66.0,66.3,0.0,0.0,0.0,999.9,999.9,999.9,0,6.9,11.4
16585596,0723,80.7,81.6,81.4,45.2,47.6,48.7,869.6,894.4,905.7,10.0,14.0,13.4,9.8,7.8,7.6,15.9,17.0,16.6,93.9,95.5,96.6,71.1,66.0,66.3,0.02,0.0,0.0,999.9,999.9,999.9,18,6.9,10.8
16585596,0723,82.8,81.6,82.1,55.6,47.5,48.3,999.9,894.4,905.7,10.0,14.0,13.4,6.3,7.9,7.7,18.1,17.0,16.7,95.0,95.5,96.6,62.1,66.0,66.5,0.02,0.0,0.0,999.9,999.9,999.9,0,6.9,11.4
16585596,0723,81.8,81.6,82.0,45.2,47.5,48.7,999.9,895.1,909.9,9.9,13.9,13.0,9.9,7.8,7.8,34.0,17.0,16.8,89.1,95.5,96.5,73.0,66.0,66.6,0.0,0.0,0.0,999.9,999.9,999.9,0,6.9,11.4
16585596,0723,81.8,81.6,82.1,48.9,47.4,48.5,873.0,895.8,914.2,9.9,13.9,13.0,10.4,7.8,7.8,17.1,17.1,17.6,93.9,95.4,96.2,62.2,66.0,67.0,0.0,0.0,0.0,999.9,999.9,999.9,18,6.9,10.8
16585596,0723,74.2,81.6,82.1,52.0,47.4,48.4,870.5,895.1,914.2,14.9,13.9,12.7,6.2,7.9,8.0,10.1,17.1,17.6,99.0,95.4,96.1,62.1,66.0,66.6,0.0,0.0,0.0,999.9,999.9,999.9,18,7.0,11.4
16585596,0723,76.7,81.6,81.9,37.5,47.4,48.6,869.7,895.1,909.9,10.0,14.0,12.8,9.3,7.8,8.0,11.1,17.1,17.1,90.0,95.5,96.3,70.0,66.0,66.5,0.0,0.0,0.0,999.9,999.9,999.9,0,7.1,12.0
16585596,0723,78.3,81.6,81.7,57.6,47.4,48.2,871.4,894.4,905.6,14.9,14.0,12.8,5.3,7.8,8.1,24.3,17.0,17.0,93.9,95.4,96.2,62.1,66.0,66.5,0.14,0.0,0.0,999.9,999.9,999.9,2,7.1,11.5
16585596,0723,77.1,81.5,81.5,58.4,47.5,48.3,869.5,893.7,905.7,10.0,13.9,13.0,6.4,7.8,8.0,15.9,17.0,17.2,102.9,95.4,95.9,66.9,66.0,66.6,0.0,0.0,0.0,999.9,999.9,999.9,0,7.0,10.9
16585596,0723,82.7,81.5,81.5,36.2,47.5,48.7,872.4,893.7,905.6,9.8,13.9,13.0,7.8,7.8,8.0,31.1,16.9,16.9,102.9,95.5,96.2,73.9,66.1,66.5,0.11,0.0,0.0,999.9,999.9,999.9,18,7.0,9.3
16585596,0723,80.7,81.5,81.6,45.2,47.5,48.4,869.5,893.0,905.6,10.0,13.9,13.0,9.3,7.8,8.0,19.0,17.0,17.2,93.0,95.5,96.4,71.1,66.1,67.1,0.0,0.0,0.0,999.9,999.9,999.9,0,7.1,9.3
16585596,0723,80.3,81.5,81.6,45.2,47.5,47.9,869.0,893.0,901.2,9.9,13.9,13.0,6.2,7.8,8.0,31.1,17.1,17.3,93.0,95.5,96.2,61.0,66.2,67.0,0.0,0.0,0.0,999.9,999.9,999.9,0,7.0,9.3
16585596,0723,87.8,81.5,81.4,33.1,47.5,47.9,869.0,893.0,896.9,9.9,13.7,13.0,5.1,7.8,7.9,14.0,17.2,17.7,89.1,95.5,95.9,71.1,66.1,66.8,0.0,0.0,0.0,999.9,999.9,999.9,0,6.9,8.7
16585596,0723,82.7,81.5,81.3,47.2,47.5,47.4,999.9,893.0,896.7,22.3,13.7,13.0,5.6,7.8,7.8,24.3,17.2,17.6,99.0,95.4,95.5,66.9,66.1,67.4,0.0,0.0,0.0,999.9,999.9,999.9,0,6.9,8.7
16585596,0723,80.3,81.5,81.3,36.2,47.5,47.1,875.8,893.7,896.7,10.0,13.8,12.4,6.5,7.8,7.7,13.0,17.2,17.6,104.0,95.4,95.8,73.0,66.2,67.3,0.03,0.0,0.0,999.9,999.9,999.9,0,6.9,8.7
16585596,0723,82.7,81.4,81.4,47.2,47.4,46.4,999.9,893.7,896.8,10.0,13.8,12.4,7.8,7.8,7.6,15.0,17.3,17.2,99.0,95.4,96.0,64.9,66.2,67.7,0.0,0.0,0.0,999.9,999.9,999.9,0,6.9,8.7
16585596,0723,88.1,81.4,81.2,49.2,47.3,46.7,873.0,894.4,901.1,20.3,13.8,11.7,6.9,7.8,7.5,12.0,17.2,17.2,100.0,95.4,95.9,71.1,66.2,67.4,0.11,0.0,0.0,999.9,999.9,999.9,18,6.9,8.7
16585596,0723,79.9,81.5,81.2,45.0,47.4,46.8,870.0,894.4,901.2,9.9,13.8,12.1,6.2,7.7,7.6,19.0,17.2,17.2,95.0,95.5,95.8,62.2,66.2,67.4,0.0,0.0,0.0,999.9,999.9,999.9,0,7.0,8.7
16585596,0723,76.7,81.5,81.1,34.9,47.3,46.4,869.6,894.4,901.2,9.9,13.8,12.1,6.3,7.7,7.6,22.0,17.2,17.4,95.0,95.5,95.6,62.1,66.2,67.2,0.0,0.0,0.0,999.9,999.9,999.9,18,7.0,8.7
16585596,0723,69.7,81.4,81.4,36.2,47.2,46.4,869.6,894.4,896.9,10.0,13.8,12.1,6.5,7.7,7.5,13.0,17.3,17.6,104.0,95.4,95.3,71.1,66.2,66.8,0.0,0.0,0.0,999.9,999.9,999.9,18,7.1,9.3
16585596,0723,69.7,81.3,81.0,49.2,47.2,45.7,869.5,894.4,896.8,10.0,13.8,12.1,4.9,7.7,7.6,11.1,17.3,17.5,93.0,95.5,95.7,66.9,66.2,66.8,0.0,0.0,0.0,999.9,999.9,999.9,18,7.1,8.3
16585596,0723,83.0,81.3,80.6,54.1,47.2,46.2,999.9,894.3,892.4,10.0,13.8,12.1,10.2,7.7,7.5,13.0,17.3,17.6,102.9,95.4,95.5,62.2,66.2,67.1,0.0,0.0,0.0,999.9,999.9,999.9,0,7.2,8.3
16585596,0723,80.9,81.3,80.4,37.5,47.3,46.5,866.4,895.1,892.4,10.0,13.8,11.0,6.3,7.7,7.6,10.1,17.3,17.7,95.0,95.4,95.9,71.1,66.2,67.1,0.01,0.0,0.0,999.9,999.9,999.9,48,7.1,7.7
16585596,0723,82.3,81.2,80.5,47.1,47.2,45.9,871.4,895.0,892.3,10.0,13.8,11.0,10.2,7.7,7.5,26.0,17.2,17.5,102.0,95.5,95.9,64.9,66.2,67.0,0.0,0.0,0.0,999.9,999.9,999.9,0,7.3,9.3
16585596,0723,80.7,81.2,80.3,39.9,47.2,46.1,871.4,894.3,892.4,10.0,13.7,11.0,6.4,7.7,7.6,18.1,17.3,17.7,95.0,95.5,96.0,73.9,66.2,67.0,0.0,0.0,0.0,999.9,999.9,999.9,0,7.3,9.3
16585596,0723,81.1,81.2,80.4,55.9,47.1,45.5,873.1,894.3,892.4,9.9,13.7,11.0,10.6,7.7,7.6,8.9,17.3,17.9,93.9,95.6,95.9,59.0,66.3,67.1,0.0,0.0,0.0,999.9,999.9,999.9,2,7.2,9.3
16585596,0723,83.0,81.1,80.2,45.0,47.1,45.7,873.1,894.3,892.4,10.0,13.7,11.0,9.5,7.7,7.8,15.0,17.3,17.6,99.0,95.6,95.9,73.9,66.2,66.8,0.02,0.0,0.0,999.9,999.9,999.9,0,7.2,8.7
16585596,0723,78.4,81.1,80.2,45.2,47.2,45.5,999.9,894.4,892.4,9.7,13.7,11.0,6.5,7.7,7.8,19.0,17.2,17.6,99.0,95.6,96.1,73.9,66.3,67.1,0.02,0.0,0.0,999.9,999.9,999.9,0,7.1,8.7
16585596,0723,83.0,81.1,80.4,46.5,47.2,45.5,999.9,895.1,896.8,10.0,13.6,11.0,6.2,7.7,7.7,19.0,17.3,17.5,99.0,95.6,96.2,62.1,66.3,67.5,0.03,0.0,0.0,999.9,999.9,999.9,0,7.1,8.7
16585596,0723,76.4,81.1,80.5,41.2,47.2,45.8,869.7,895.8,901.0,22.3,13.6,11.0,7.8,7.7,7.5,19.0,17.3,17.6,102.9,95.6,96.4,73.9,66.2,67.2,0.0,0.0,0.0,999.9,999.9,999.9,18,7.1,8.1
16585596,0723,79.9,81.1,80.1,41.2,47.2,45.3,873.0,895.0,900.9,9.9,13.5,11.4,5.3,7.7,7.5,13.0,17.3,17.7,93.9,95.7,96.9,62.1,66.3,67.5,0.02,0.0,0.0,999.9,999.9,999.9,0,7.2,7.1
16585596,0723,76.8,81.1,80.1,33.1,47.2,45.3,873.0,895.0,901.0,10.0,13.5,11.4,7.8,7.7,7.4,22.0,17.4,17.7,99.0,95.7,96.9,66.0,66.2,67.4,0.0,0.0,0.0,999.9,999.9,999.9,18,7.2,7.1
16585596,0723,62.0,81.0,80.0,47.2,47.0,44.9,869.6,895.0,901.1,10.0,13.5,11.4,10.4,7.7,7.3,18.1,17.3,17.9,89.1,95.7,97.1,71.1,66.2,67.2,0.0,0.0,0.0,999.9,999.9,999.9,0,7.3,7.1
16585596,0723,89.2,80.9,79.3,57.2,47.0,44.6,869.5,895.0,896.7,9.7,13.4,11.4,9.5,7.7,7.5,24.1,17.3,17.9,98.1,95.7,96.9,57.9,66.2,67.5,0.0,0.0,0.0,999.9,999.9,999.9,18,7.3,7.1
16585596,0723,77.5,80.9,79.5,55.9,47.1,45.0,873.0,894.3,892.4,14.9,13.4,11.4,5.6,7.7,7.4,13.0,17.4,17.6,87.1,95.7,97.2,75.0,66.2,67.0,0.0,0.0,0.0,999.9,999.9,999.9,0,7.3,7.7
16585596,0723,79.9,80.9,79.4,40.5,47.1,45.2,999.9,893.6,892.4,9.7,13.4,11.6,6.9,7.7,7.3,31.1,17.4,17.5,102.0,95.6,97.0,66.2,66.3,67.4,0.03,0.0,0.0,999.9,999.9,999.9,0,7.3,7.1
16585596,0723,88.8,80.9,79.6,49.2,47.1,44.9,999.9,893.6,896.7,10.0,13.4,11.4,8.7,7.7,7.3,13.0,17.4,18.2,93.0,95.7,97.1,66.9,66.3,67.6,0.0,0.0,0.0,999.9,999.9,999.9,0,7.3,6.5
16585596,0723,76.8,80.9,80.0,57.6,47.0,45.3,999.9,894.3,901.0,9.8,13.4,11.4,9.6,7.7,7.3,20.0,17.4,18.2,100.0,95.7,97.2,62.2,66.3,67.5,0.0,0.0,0.0,999.9,999.9,999.9,0,7.3,6.5
16585596,0723,76.4,80.9,79.9,50.2,47.1,45.3,870.0,895.0,905.3,10.0,13.4,11.3,10.2,7.7,7.4,19.0,17.4,18.1,100.0,95.7,97.4,73.9,66.3,67.5,0.0,0.0,0.0,999.9,999.9,999.9,0,7.3,6.5
16585596,0723,79.9,80.9,79.9,36.2,47.1,45.0,869.5,895.1,905.3,20.3,13.4,11.3,6.9,7.7,7.6,12.0,17.4,18.2,90.0,95.7,97.3,64.9,66.4,67.7,0.0,0.0,0.0,999.9,999.9,999.9,0,7.3,6.5
16585596,0723,89.2,80.9,79.8,47.2,47.1,45.0,871.5,895.1,905.2,9.9,13.3,11.6,5.6,7.7,7.5,31.1,17.4,17.6,95.0,95.7,96.8,66.0,66.3,67.4,0.0,0.0,0.0,999.9,999.9,999.9,0,7.3,5.9
16585596,0723,81.1,80.9,80.1,44.6,47.1,45.0,875.8,895.1,905.3,10.0,13.3,11.6,9.3,7.7,7.4,18.1,17.5,18.0,95.0,95.6,96.9,66.2,66.3,67.2,0.0,0.0,0.0,999.9,999.9,999.9,18,7.3,5.9
16585596,0723,88.8,80.8,80.1,57.5,47.1,45.0,869.5,895.1,905.5,9.8,13.3,11.6,8.2,7.7,7.5,24.3,17.5,17.5,90.0,95.6,97.0,73.9,66.3,67.4,0.14,0.0,0.0,999.9,999.9,999.9,0,7.3,6.5
16585596,0723,85.2,80.9,80.2,52.0,47.2,45.8,872.4,895.0,905.5,10.0,13.3,11.6,6.4,7.7,7.6,24.3,17.5,17.9,93.0,95.5,97.0,73.9,66.4,67.5,0.0,0.0,0.0,999.9,999.9,999.9,18,7.3,6.5
16585596,0723,78.4,80.9,80.2,47.2,47.2,46.0,872.4,895.1,901.3,9.8,13.3,11.2,10.4,7.7,7.6,34.0,17.6,17.9,99.0,95.5,96.8,70.0,66.5,67.7,0.0,0.0,0.0,999.9,999.9,999.9,18,7.4,7.1
16585596,0723,69.7,80.9,80.2,50.9,47.3,46.4,870.0,895.1,901.2,10.0,13.3,11.2,10.6,7.7,7.8,18.1,17.7,18.6,93.9,95.5,96.6,61.0,66.5,67.6,0.0,0.0,0.0,999.9,999.9,999.9,0,7.2,7.7
16585596,0723,81.1,80.8,79.8,49.2,47.2,46.5,872.4,895.1,896.8,10.0,13.3,11.2,8.7,7.7,7.9,22.0,17.7,18.7,104.0,95.5,96.5,54.0,66.5,67.5,0.0,0.0,0.0,999.9,999.9,999.9,0,7.2,7.7
16585596,0723,85.2,80.8,79.5,47.1,47.3,46.5,999.9,895.1,896.8,10.0,13.3,10.8,11.6,7.7,7.9,18.1,17.7,19.0,99.0,95.6,96.6,63.0,66.5,66.9,0.0,0.0,0.0,999.9,999.9,999.9,18,7.0,7.1
16585596,0723,80.9,80.8,79.7,54.6,47.2,46.6,872.4,895.8,901.2,10.0,13.2,10.9,10.6,7.7,8.1,15.0,17.8,19.0,99.0,95.6,96.7,61.0,66.4,67.0,0.02,0.0,0.0,999.9,999.9,999.9,0,7.0,7.7
16585596,0723,85.2,80.8,79.8,54.5,47.3,47.2,875.8,895.1,901.3,10.0,13.2,10.9,10.2,7.7,8.2,18.1,17.8,18.8,98.1,95.7,96.9,71.1,66.4,66.9,0.0,0.0,0.0,999.9,999.9,999.9,0,7.0,7.1
16585596,0723,77.1,80.8,80.3,46.5,47.3,47.8,869.0,895.1,901.5,39.8,13.2,10.9,9.8,7.7,8.4,10.1,17.7,18.9,93.0,95.7,96.7,62.1,66.5,66.9,0.14,0.0,0.0,999.9,999.9,999.9,18,6.9,6.5
16585596,0723,78.3,80.8,80.6,36.2,47.2,47.7,869.7,895.1,901.4,10.0,13.4,11.9,4.9,7.7,8.5,11.1,17.7,18.9,93.9,95.7,96.7,68.0,66.5,66.8,0.0,0.0,0.0,999.9,999.9,999.9,0,6.9,6.5
16585596,0723,62.0,80.8,80.4,50.2,47.1,47.1,870.5,895.1,897.1,10.0,13.4,11.9,8.2,7.7,8.4,18.1,17.7,18.8,99.0,95.7,96.4,71.1,66.4,67.0,0.0,0.0,0.0,999.9,999.9,999.9,18,6.9,6.5
16585596,0723,62.0,80.6,79.8,37.5,47.2,47.6,873.0,895.1,897.2,9.8,13.4,11.9,10.1,7.7,8.4,11.1,17.7,19.1,88.7,95.7,96.5,62.1,66.4,67.0,0.11,0.0,0.0,999.9,999.9,999.9,0,7.0,5.5
16585596,0723,81.1,80.5,79.1,39.9,47.1,47.2,870.5,895.1,897.3,10.0,13.4,11.8,6.2,7.7,8.4,15.9,17.6,18.6,99.0,95.6,96.1,73.9,66.4,66.9,0.0,0.0,0.0,999.9,999.9,999.9,0,6.9,5.5
16585596,0723,69.7,80.5,79.1,54.6,47.1,47.2,871.0,895.1,897.3,10.0,13.2,11.8,6.2,7.7,8.4,13.0,17.6,18.5,93.0,95.6,96.2,62.2,66.4,66.9,0.0,0.0,0.0,999.9,999.9,999.9,0,6.9,5.5
16585596,0723,77.1,80.5,78.8,55.9,47.1,47.2,872.4,895.1,897.2,22.3,13.2,11.8,8.2,7.7,8.3,17.1,17.6,18.7,95.0,95.6,96.2,73.9,66.5,67.0,0.0,0.0,0.0,999.9,999.9,999.9,0,6.9,5.4
16585596,0723,86.6,80.5,78.6,55.9,47.1,47.6,870.5,895.1,897.2,13.5,13.2,12.3,3.7,7.7,8.2,26.0,17.6,18.7,95.0,95.6,96.0,73.9,66.5,67.0,0.03,0.0,0.0,999.9,999.9,999.9,18,6.9,5.4
16585596,0723,78.3,80.5,78.8,40.5,47.1,47.9,873.6,895.1,892.9,9.9,13.3,12.4,6.6,7.7,8.1,8.9,17.7,19.0,93.0,95.6,95.9,71.1,66.6,67.0,0.0,0.0,0.0,999.9,999.9,999.9,18,6.9,6.0
16585596,0723,81.1,80.4,78.7,54.5,47.1,47.7,871.4,895.0,888.6,39.8,13.3,12.4,11.6,7.7,8.1,10.1,17.6,18.6,98.1,95.6,95.7,75.0,66.7,67.3,0.0,0.0,0.0,999.9,999.9,999.9,2,7.0,6.6
16585596,0723,80.3,80.4,78.8,48.9,47.1,48.2,873.5,895.0,888.7,9.9,13.4,13.0,10.6,7.7,8.3,17.1,17.6,18.3,104.0,95.6,95.5,62.1,66.7,67.3,0.0,0.0,0.0,999.9,999.9,999.9,48,6.9,6.1
16585596,0723,82.7,80.4,78.9,45.2,47.1,48.4,875.8,894.3,888.7,22.2,13.4,13.0,5.6,7.7,8.4,12.0,17.6,18.5,95.0,95.6,95.9,62.1,66.8,67.3,0.01,0.0,0.0,999.9,999.9,999.9,0,7.2,7.7
16585596,0723,86.6,80.4,79.1,57.6,47.1,48.8,873.6,894.4,888.8,9.8,13.5,13.4,5.3,7.7,8.4,34.0,17.6,18.1,99.0,95.5,95.7,62.1,66.7,67.2,0.14,0.0,0.0,999.9,999.9,999.9,2,7.1,7.1
16585596,0723,89.2,80.4,79.9,48.9,47.1,49.2,999.9,893.7,888.9,13.5,13.5,13.4,6.2,7.7,8.2,34.0,17.7,18.7,95.0,95.6,96.1,66.0,66.7,66.9,0.0,0.0,0.0,999.9,999.9,999.9,0,7.1,7.1
16585596,0723,85.4,80.4,79.9,47.2,47.1,48.9,999.9,894.4,893.3,9.7,13.4,13.5,9.9,7.7,8.1,24.3,17.8,19.0,91.9,95.5,96.0,62.1,66.7,67.2,0.0,0.0,0.0,999.9,999.9,999.9,0,7.1,6.5
16585596,0723,76.4,80.4,80.1,50.9,47.1,48.6,999.9,895.1,897.5,20.3,13.4,13.3,9.8,7.7,8.2,10.1,17.9,19.4,95.0,95.6,96.1,59.0,66.7,66.7,0.0,0.0,0.0,999.9,999.9,999.9,0,7.1,6.5
16585596,0723,78.4,80.4,80.0,50.9,47.1,48.9,870.4,895.8,897.5,14.9,13.4,13.7,8.7,7.7,8.3,19.0,17.8,18.7,102.9,95.6,95.9,66.2,66.6,66.5,0.14,0.0,0.0,999.9,999.9,999.9,0,7.1,6.5
16585596,0723,86.6,80.4,79.7,54.5,47.1,49.0,871.5,895.8,893.2,41.0,13.5,13.8,3.7,7.7,8.3,12.0,17.8,18.9,93.9,95.6,96.2,66.0,66.6,66.5,0.17,0.0,0.0,999.9,999.9,999.9,18,7.1,6.5
16585596,0723,82.7,80.4,80.0,54.6,47.1,48.9,871.4,895.1,888.9,9.9,13.6,14.9,6.2,7.7,8.1,18.1,17.8,18.6,88.7,95.7,96.0,64.9,66.6,66.6,0.0,0.0,0.0,999.9,999.9,999.9,18,7.1,7.1
16585596,0723,81.1,80.4,80.2,45.0,47.0,49.0,869.5,895.1,889.0,10.0,13.6,14.9,7.8,7.7,8.0,26.0,17.8,18.6,104.0,95.6,95.6,66.2,66.7,66.3,0.0,0.0,0.0,999.9,999.9,999.9,18,7.1,7.7
16585596,0723,78.3,80.5,80.2,55.9,47.0,49.3,872.4,894.3,889.0,9.9,13.6,14.5,5.6,7.6,8.0,13.0,17.9,19.0,102.9,95.6,96.1,68.0,66.7,66.3,0.0,0.0,0.0,999.9,999.9,999.9,0,7.2,8.3
16585596,0723,74.2,80.5,79.9,57.5,47.1,49.6,999.9,894.4,889.0,9.9,13.6,14.5,6.2,7.6,8.0,10.1,17.9,18.4,99.0,95.7,96.4,62.2,66.7,66.4,0.11,0.0,0.0,999.9,999.9,999.9,0,7.2,8.3
16585596,0723,76.7,80.4,79.7,48.9,47.1,50.1,869.5,895.1,893.1,10.0,13.6,14.5,5.6,7.6,7.9,19.0,17.9,18.2,104.0,95.7,96.5,62.1,66.7,66.3,0.0,0.0,0.0,999.9,999.9,999.9,18,7.1,7.7
16585596,0723,74.2,80.5,79.3,47.2,47.1,49.8,872.4,895.1,893.1,9.7,13.6,14.5,9.8,7.6,7.8,15.9,17.9,18.0,99.0,95.8,97.0,75.0,66.6,65.9,0.02,0.0,0.0,999.9,999.9,999.9,18,7.2,8.3
16585596,0723,80.7,80.4,78.9,55.9,47.0,49.6,999.9,895.0,893.1,13.5,13.6,14.5,10.1,7.6,8.0,11.1,17.9,17.7,93.0,95.9,97.2,66.0,66.6,65.9,0.0,0.0,0.0,999.9,999.9,999.9,18,7.2,8.3
16585596,0723,76.4,80.4,79.0,50.9,47.1,49.9,872.7,895.8,897.4,9.9,13.5,14.6,10.1,7.7,7.9,31.1,17.9,16.9,95.0,95.8,97.0,71.1,66.6,65.8,0.0,0.0,0.0,999.9,999.9,999.9,0,7.3,8.3
16585596,0723,81.1,80.4,79.2,49.3,47.2,49.9,869.5,895.8,897.5,9.8,13.5,14.6,6.9,7.7,7.9,19.0,17.9,17.4,95.0,95.8,97.0,61.0,66.6,66.1,0.0,0.0,0.0,999.9,999.9,999.9,0,7.3,8.3
16585596,0723,79.3,80.4,79.2,57.6,47.3,49.9,870.4,895.8,897.4,9.9,13.5,14.6,6.2,7.7,7.9,31.1,18.0,17.3,95.0,95.7,96.7,62.1,66.6,66.3,0.0,0.0,0.0,999.9,999.9,999.9,2,7.3,8.3
16585596,0723,76.7,80.3,79.0,45.0,47.3,50.3,999.9,895.8,893.1,10.0,13.4,14.6,6.2,7.7,7.7,15.0,18.0,17.7,93.0,95.7,96.6,66.0,66.6,66.3,0.0,0.0,0.0,999.9,999.9,999.9,0,7.3,7.8
16585596,0723,80.9,80.3,78.9,41.6,47.3,49.9,869.5,896.5,897.3,9.9,13.4,14.6,9.5,7.7,7.5,13.0,18.0,17.7,98.1,95.7,96.4,62.1,66.6,66.5,0.0,0.0,0.0,999.9,999.9,999.9,18,7.3,7.8
16585596,0723,79.9,80.3,78.7,44.6,47.3,49.5,869.6,896.5,897.1,30.7,13.4,14.6,9.6,7.7,7.5,24.1,18.0,17.5,104.0,95.8,96.4,57.9,66.6,66.2,0.03,0.0,0.0,999.9,999.9,999.9,18,7.3,8.4
16585596,0723,80.7,80.3,78.8,40.5,47.3,49.4,999.9,896.5,897.1,9.7,13.6,14.3,7.8,7.7,7.5,19.0,18.0,18.0,93.0,95.9,96.7,75.9,66.5,66.0,0.11,0.0,0.0,999.9,999.9,999.9,18,7.3,8.4
16585596,0723,88.8,80.3,78.9,49.2,47.2,49.6,999.9,897.2,901.5,9.7,13.6,14.3,8.8,7.7,7.6,17.1,18.0,18.3,104.0,95.9,96.7,62.2,66.5,66.3,0.0,0.0,0.0,999.9,999.9,999.9,0,7.4,9.0
16585596,0723,81.1,80.3,79.8,46.5,47.3,49.6,873.0,897.9,905.8,9.8,13.4,14.3,9.5,7.7,7.6,10.1,17.9,18.2,88.7,95.9,96.9,75.9,66.5,66.0,0.15,0.0,0.0,999.9,999.9,999.9,18,7.3,8.4
16585596,0723,77.1,80.4,80.4,34.9,47.2,49.9,872.4,897.9,905.8,22.3,13.4,14.3,10.4,7.7,7.6,14.0,17.9,18.2,93.0,95.9,96.9,73.0,66.5,66.5,0.03,0.0,0.0,999.9,999.9,999.9,48,7.3,9.0
16585596,0723,86.6,80.3,80.3,49.3,47.1,49.7,999.9,897.9,905.8,9.9,13.5,14.7,6.5,7.7,7.7,8.9,17.9,18.1,99.0,95.9,96.7,61.0,66.5,66.4,0.0,0.0,0.0,999.9,999.9,999.9,0,7.4,10.6
16585596,0723,78.4,80.4,80.8,55.9,47.2,49.5,870.0,898.6,910.1,30.7,13.5,14.7,6.9,7.7,7.8,15.9,17.7,18.0,102.0,96.0,96.9,66.9,66.5,66.4,0.0,0.0,0.0,999.9,999.9,999.9,18,7.3,10.6
16585596,0723,77.5,80.3,80.9,45.2,47.3,49.5,875.8,898.6,910.1,14.9,13.6,15.0,8.8,7.7,7.7,12.0,17.7,18.0,98.1,96.0,97.1,59.0,66.5,66.2,0.14,0.0,0.0,999.9,999.9,999.9,18,7.3,11.2
16585596,0723,81.8,80.2,80.6,44.6,47.3,49.2,869.7,897.9,910.2,9.8,13.5,15.0,6.2,7.7,7.9,10.1,17.7,17.5,95.0,96.0,97.2,62.1,66.5,65.7,0.11,0.0,0.0,999.9,999.9,999.9,0,7.3,11.2
16585596,0723,86.6,80.2,80.7,50.2,47.3,49.3,873.5,897.9,910.1,10.0,13.4,15.0,10.1,7.7,7.9,11.1,17.6,17.5,87.1,96.0,97.3,66.2,66.5,65.4,0.0,0.0,0.0,999.9,999.9,999.9,18,7.3,10.6
16585596,0723,86.8,80.2,80.9,47.1,47.3,49.1,872.4,897.9,910.2,10.0,13.4,14.0,6.3,7.7,7.8,15.0,17.6,17.6,99.0,96.0,96.9,62.1,66.4,65.1,0.0,0.0,0.0,999.9,999.9,999.9,18,7.3,11.1
16585596,0723,80.9,80.2,81.1,41.6,47.3,49.1,871.0,897.9,910.1,10.0,13.4,14.0,10.6,7.7,7.7,11.1,17.6,17.5,99.0,96.1,96.7,66.9,66.4,65.1,0.0,0.0,0.0,999.9,999.9,999.9,0,7.4,10.1
16585596,0723,87.8,80.2,81.0,50.2,47.2,49.0,873.6,897.2,910.0,9.8,13.4,13.6,9.6,7.7,7.8,31.1,17.6,17.5,102.0,96.0,96.9,66.9,66.5,65.2,0.0,0.0,0.0,999.9,999.9,999.9,18,7.4,10.1
16585596,0723,80.3,80.2,81.1,44.6,47.2,48.7,870.4,897.2,910.0,10.0,13.4,13.6,4.9,7.7,8.0,15.9,17.6,17.4,102.9,96.0,97.0,71.1,66.5,65.4,0.0,0.0,0.0,999.9,999.9,999.9,18,7.5,10.7
16585596,0723,78.4,80.2,80.8,41.4,47.2,48.6,999.9,897.2,905.7,9.9,13.4,13.5,8.8,7.7,7.9,8.9,17.6,16.8,98.1,96.0,97.2,64.9,66.5,65.6,0.0,0.0,0.0,999.9,999.9,999.9,0,7.6,11.3
16585596,0723,88.1,80.2,80.5,36.2,47.2,48.4,871.4,897.9,905.7,10.0,13.4,13.5,6.5,7.7,7.9,22.0,17.4,16.3,93.9,96.0,97.4,61.0,66.5,65.7,0.11,0.0,0.0,999.9,999.9,999.9,48,7.5,11.3
16585596,0723,76.7,80.2,80.9,57.6,47.1,47.9,873.6,897.9,901.4,9.8,13.4,13.2,6.6,7.7,7.8,13.0,17.4,16.7,93.9,96.1,97.4,66.2,66.5,65.7,0.0,0.0,0.0,999.9,999.9,999.9,0,7.8,12.9
16585596,0723,86.6,80.2,80.9,50.9,47.1,48.1,870.4,897.9,901.5,13.5,13.2,13.0,8.2,7.7,7.7,11.1,17.4,16.5,93.9,96.1,97.1,66.0,66.6,65.7,0.14,0.0,0.0,999.9,999.9,999.9,18,7.8,12.9
16585596,0723,81.8,80.3,80.9,45.2,47.1,48.0,871.5,897.2,901.4,9.8,13.2,12.1,7.8,7.7,7.9,18.1,17.3,16.4,93.0,96.1,97.1,63.0,66.6,65.7,0.0,0.0,0.0,999.9,999.9,999.9,0,7.9,12.9
16585596,0723,88.8,80.3,80.8,57.2,47.1,47.7,869.0,897.2,901.5,41.0,13.2,12.1,9.6,7.7,7.9,18.1,17.4,16.4,102.9,96.2,97.3,71.1,66.5,65.7,0.0,0.0,0.0,999.9,999.9,999.9,0,7.9,12.3
16585596,0723,86.6,80.4,81.1,44.1,47.1,48.1,871.4,896.5,901.4,10.0,13.4,13.1,6.9,7.8,8.0,15.9,17.4,16.2,95.0,96.2,97.2,71.1,66.5,65.8,0.0,0.0,0.0,999.9,999.9,999.9,0,7.9,11.7
16585596,0723,79.9,80.5,81.4,54.5,47.1,47.7,872.4,896.5,901.4,10.0,13.4,13.1,9.6,7.8,8.0,11.1,17.4,16.3,95.0,96.2,97.0,66.0,66.6,65.9,0.0,0.0,0.0,999.9,999.9,999.9,0,7.9,11.7
16585596,0723,88.1,80.5,81.6,50.9,47.2,47.6,871.0,896.5,897.2,9.9,13.4,13.1,6.2,7.8,8.1,19.0,17.4,16.3,90.0,96.1,96.8,73.0,66.5,66.1,0.0,0.0,0.0,999.9,999.9,999.9,0,7.9,11.7
16585596,0723,83.0,80.5,82.0,41.6,47.2,47.7,866.4,896.5,897.2,13.5,13.4,13.1,6.2,7.8,8.2,11.1,17.4,16.3,102.9,96.1,96.4,57.0,66.6,66.4,0.0,0.0,0.0,999.9,999.9,999.9,18,7.9,11.1
16585596,0723,89.6,80.6,82.2,37.5,47.2,47.5,872.9,896.5,897.0,22.3,13.4,13.3,6.4,7.7,8.0,26.0,17.4,16.1,93.0,96.2,96.5,71.1,66.6,65.8,0.02,0.0,0.0,999.9,999.9,999.9,0,8.0,11.1
16585596,0723,76.8,80.7,82.5,34.9,47.2,46.9,873.5,896.5,892.8,9.9,13.5,13.6,10.1,7.7,7.9,11.1,17.5,16.6,93.0,96.1,96.5,62.1,66.6,66.0,0.33,0.0,0.0,999.9,999.9,999.9,0,8.0,10.5
16585596,0723,80.9,80.7,82.6,55.6,47.1,46.3,869.7,896.5,892.8,10.0,13.5,13.6,9.3,7.8,7.9,19.0,17.4,16.0,99.0,96.1,96.4,71.1,66.6,65.7,0.0,0.0,0.0,999.9,999.9,999.9,2,8.0,10.5
16585596,0723,82.8,80.7,82.5,44.6,47.2,46.5,869.5,896.5,892.8,10.0,13.5,13.6,8.1,7.7,8.0,8.9,17.4,16.0,95.0,96.1,96.6,57.9,66.7,66.0,0.17,0.0,0.0,999.9,999.9,999.9,0,8.0,10.5
16585596,0723,82.7,80.7,82.7,54.5,47.2,46.1,999.9,895.7,892.8,9.8,13.3,13.6,8.1,7.8,8.1,34.0,17.3,15.2,102.9,96.1,96.6,73.9,66.6,65.9,0.0,0.0,0.0,999.9,999.9,999.9,0,8.0,10.5
16585596,0723,74.2,80.7,82.9,54.6,47.2,46.4,869.6,896.4,892.8,9.8,13.3,13.6,9.5,7.8,8.1,19.0,17.4,15.9,93.9,96.2,96.9,57.0,66.6,66.2,0.0,0.0,0.0,999.9,999.9,999.9,18,8.0,10.5
16585596,0723,82.3,80.6,82.6,47.2,47.3,46.9,870.0,896.4,892.8,39.8,13.2,13.6,10.6,7.8,8.1,19.0,17.3,16.1,79.0,96.2,96.7,70.0,66.6,66.0,0.0,0.0,0.0,999.9,999.9,999.9,0,8.1,10.5
16585596,0723,86.6,80.7,82.7,55.9,47.2,46.9,999.9,896.4,892.8,9.9,13.4,13.9,6.3,7.8,8.2,34.0,17.3,15.9,100.0,96.1,95.9,62.1,66.6,66.4,0.17,0.0,0.0,999.9,999.9,999.9,0,8.1,9.9
16585596,0723,78.4,80.7,82.9,44.6,47.4,47.5,999.9,897.2,892.8,9.9,13.4,13.9,9.5,7.8,8.1,18.1,17.5,16.4,88.7,96.1,96.1,71.1,66.6,65.9,0.02,0.0,0.0,999.9,999.9,999.9,18,8.1,9.3
16585596,0723,77.5,80.6,82.6,36.2,47.4,47.3,868.1,897.2,892.8,13.5,13.3,13.9,9.3,7.8,8.1,10.1,17.5,16.4,93.0,96.1,95.6,64.9,66.6,66.2,0.0,0.0,0.0,999.9,999.9,999.9,0,8.1,9.9
16585596,0723,83.0,80.6,82.5,49.2,47.4,47.0,866.4,897.1,892.6,13.5,13.4,14.0,9.9,7.8,8.1,10.1,17.5,16.4,104.0,96.1,95.8,75.0,66.6,65.9,0.0,0.0,0.0,999.9,999.9,999.9,0,8.0,9.3
16585596,0723,77.5,80.6,82.7,54.5,47.4,47.4,872.7,897.1,892.4,10.0,13.4,13.7,10.4,7.8,8.1,14.0,17.4,16.3,95.0,96.1,96.1,75.9,66.7,65.9,0.03,0.0,0.0,999.9,999.9,999.9,0,7.9,7.7
16585596,0723,89.2,80.6,82.3,57.5,47.5,47.6,873.6,897.1,888.2,22.2,13.3,13.7,8.1,7.9,8.2,34.0,17.4,16.5,102.9,96.1,96.0,66.0,66.8,66.4,0.0,0.0,0.0,999.9,999.9,999.9,0,7.9,7.7
16585596,0723,88.1,80.7,82.7,39.9,47.6,47.7,869.7,897.1,888.3,10.0,13.3,13.4,4.9,7.9,8.3,26.0,17.5,17.1,102.9,96.1,96.0,54.0,66.7,66.4,0.02,0.0,0.0,999.9,999.9,999.9,0,7.9,7.1
16585596,0723,79.9,80.7,83.1,47.1,47.6,47.5,872.4,897.1,888.1,14.9,13.3,13.3,6.4,7.8,8.2,14.0,17.5,17.5,102.0,96.1,96.2,62.1,66.7,66.2,0.0,0.0,0.0,999.9,999.9,999.9,0,7.8,6.5
16585596,0723,83.0,80.7,83.0,57.5,47.6,47.6,868.1,897.1,888.2,10.0,13.3,13.4,6.6,7.8,8.2,8.9,17.5,17.7,102.0,96.2,96.4,66.0,66.7,66.2,0.0,0.0,0.0,999.9,999.9,999.9,0,7.7,6.5
16585596,0723,79.9,80.7,82.9,45.2,47.7,47.8,869.0,897.1,888.0,9.9,13.3,13.4,5.6,7.8,8.0,11.1,17.5,17.6,102.9,96.2,96.9,66.0,66.6,66.2,0.03,0.0,0.0,999.9,999.9,999.9,2,7.7,5.9
16585596,0723,86.6,80.7,82.6,41.2,47.7,47.8,872.9,897.1,887.9,9.9,13.2,13.4,6.4,7.8,8.0,11.1,17.5,17.5,99.0,96.2,97.1,71.1,66.6,66.3,0.33,0.0,0.0,999.9,999.9,999.9,0,7.7,5.3
16585596,0723,80.3,80.7,82.8,54.5,47.6,47.7,873.6,896.4,888.0,13.5,13.2,13.4,9.6,7.8,7.9,10.1,17.4,17.5,91.9,96.3,97.1,68.0,66.6,66.5,0.02,0.0,0.0,999.9,999.9,999.9,18,7.7,5.3
16585596,0723,87.8,80.7,82.6,44.6,47.6,47.9,873.5,896.4,888.0,9.9,13.2,13.5,8.2,7.8,7.9,15.9,17.4,16.8,93.0,96.3,96.7,61.0,66.6,66.5,0.0,0.0,0.0,999.9,999.9,999.9,0,7.8,5.3
16585596,0723,86.8,80.9,82.8,57.5,47.6,47.9,870.4,896.4,888.1,9.9,13.2,13.5,6.6,7.8,8.0,11.1,17.4,16.8,95.0,96.3,96.4,61.0,66.5,66.2,0.0,0.0,0.0,999.9,999.9,999.9,0,7.8,4.7
16585596,0723,86.6,81.0,83.1,57.5,47.7,48.4,873.0,896.4,883.7,10.0,13.2,13.5,6.2,7.8,7.9,11.1,17.4,16.8,102.0,96.3,96.3,61.0,66.5,66.1,0.0,0.0,0.0,999.9,999.9,999.9,0,7.8,4.7
16585596,0723,85.2,81.0,83.1,44.1,47.7,49.1,872.9,896.4,883.8,9.7,13.2,13.5,5.1,7.8,7.9,31.1,17.3,16.5,102.0,96.3,96.6,68.0,66.5,66.1,0.0,0.0,0.0,999.9,999.9,999.9,0,7.8,3.1
16585596,0723,86.6,81.0,83.4,33.1,47.7,48.7,873.0,896.4,883.8,9.8,13.2,13.5,6.9,7.8,7.9,17.1,17.4,17.1,102.0,96.3,96.8,71.1,66.5,66.1,0.0,0.0,0.0,999.9,999.9,999.9,0,7.8,3.1
16585596,0723,81.1,81.1,83.3,50.2,47.6,48.1,869.5,896.4,883.9,9.7,13.2,13.4,6.6,7.8,7.8,26.0,17.4,17.3,89.1,96.4,97.1,75.9,66.6,66.3,0.11,0.0,0.0,999.9,999.9,999.9,2,7.8,2.5
16585596,0723,81.1,81.1,83.3,47.2,47.7,48.2,873.5,895.7,883.8,30.7,13.2,13.4,10.2,7.7,7.8,13.0,17.5,17.5,93.9,96.3,97.0,61.0,66.7,66.7,0.0,0.0,0.0,999.9,999.9,999.9,0,7.8,2.6
16585596,0723,78.3,81.1,83.1,49.3,47.6,47.9,871.5,895.7,883.9,10.0,13.4,13.1,4.7,7.8,7.8,13.0,17.5,17.4,104.0,96.3,96.7,54.0,66.6,66.4,0.0,0.0,0.0,999.9,999.9,999.9,18,7.8,2.6
16585596,0723,80.7,81.0,82.8,41.4,47.6,48.1,999.9,895.7,884.0,9.8,13.3,13.1,11.6,7.7,7.7,19.0,17.4,17.3,95.0,96.4,97.0,66.0,66.5,65.8,0.33,0.0,0.0,999.9,999.9,999.9,18,7.8,3.2
16585596,0723,76.8,81.0,82.8,41.4,47.7,47.7,870.5,896.4,888.2,10.0,13.3,13.1,10.2,7.8,7.8,15.9,17.4,17.5,99.0,96.4,97.0,71.1,66.5,65.8,0.0,0.0,0.1,999.9,999.9,999.9,18,7.9,3.8
16585596,0723,86.6,81.0,82.4,50.9,47.6,47.3,873.6,896.4,888.2,9.7,13.3,13.1,4.7,7.8,7.9,15.0,17.4,17.4,88.7,96.4,97.3,72.0,66.6,65.7,0.0,0.0,0.1,999.9,999.9,999.9,0,8.0,4.4
16585596,0723,80.9,81.0,82.6,49.3,47.7,47.6,869.0,896.4,888.4,10.0,13.3,12.9,6.4,7.7,7.9,11.1,17.5,17.6,95.0,96.4,96.8,66.2,66.6,66.2,0.11,0.0,0.1,999.9,999.9,999.9,18,8.0,3.8
16585596,0723,85.2,81.0,82.3,47.1,47.7,48.0,873.5,896.4,888.3,9.9,13.3,12.5,9.6,7.7,7.9,19.0,17.4,17.1,93.0,96.3,96.9,75.0,66.6,66.1,0.0,0.0,0.1,999.9,999.9,999.9,18,8.1,4.4
16585596,0723,81.1,81.1,82.6,34.9,47.7,48.4,999.9,896.4,888.3,22.2,13.3,12.5,5.6,7.7,7.9,11.1,17.4,17.3,90.0,96.3,96.9,62.1,66.7,66.5,0.0,0.0,0.0,999.9,999.9,999.9,0,8.1,5.0
16585596,0723,87.8,81.1,82.6,44.1,47.7,47.8,872.9,897.1,892.6,9.9,13.2,12.9,6.2,7.7,7.7,13.0,17.4,17.1,99.0,96.3,96.6,73.0,66.6,66.2,0.0,0.0,0.0,999.9,999.9,999.9,0,8.1,4.9
16585596,0723,79.9,81.1,82.7,46.5,47.7,47.7,870.5,897.1,892.7,10.0,13.2,12.9,9.9,7.7,7.7,15.9,17.4,17.2,102.9,96.4,96.7,62.1,66.6,66.7,0.0,0.0,0.0,999.9,999.9,999.9,18,8.1,4.9
16585596,0723,81.1,81.1,82.6,58.4,47.7,47.5,873.5,897.1,888.4,10.0,13.2,12.9,5.6,7.7,7.7,10.1,17.3,16.6,99.0,96.4,96.7,75.9,66.6,66.3,0.02,0.0,0.0,999.9,999.9,999.9,0,8.1,5.5
16585596,0723,81.8,81.1,82.9,48.9,47.7,47.6,999.9,897.1,888.6,22.3,13.0,12.9,9.3,7.7,7.6,18.1,17.3,16.3,93.9,96.5,96.9,75.9,66.6,67.0,0.11,0.0,0.0,999.9,999.9,999.9,0,8.1,4.9
16585596,0723,76.4,81.1,82.8,49.3,47.7,47.7,999.9,897.8,892.9,10.0,13.0,12.4,4.7,7.7,7.6,13.0,17.3,16.3,90.0,96.5,97.4,62.2,66.7,67.2,0.14,0.0,0.0,999.9,999.9,999.9,0,8.1,4.9
16585596,0723,80.7,81.1,82.5,47.2,47.8,47.4,868.1,898.5,892.9,10.0,12.9,12.4,5.3,7.7,7.5,34.0,17.3,15.6,89.1,96.4,97.0,62.1,66.6,67.2,0.0,0.0,0.0,999.9,999.9,999.9,0,8.1,4.9
16585596,0723,86.8,81.1,82.6,54.1,47.8,47.5,869.6,897.7,888.5,10.0,12.9,12.4,10.2,7.7,7.4,15.0,17.4,16.1,93.9,96.4,97.0,62.2,66.6,66.9,0.03,0.0,0.0,999.9,999.9,999.9,18,8.1,4.3
16585596,0723,82.7,81.1,82.9,54.6,47.8,48.1,999.9,897.0,888.5,9.8,12.9,12.2,10.6,7.7,7.4,13.0,17.4,16.3,90.0,96.4,97.1,71.1,66.6,66.8,0.33,0.0,0.0,999.9,999.9,999.9,0,8.0,4.9
16585596,0723,83.0,81.1,82.9,54.6,47.9,48.3,872.4,897.7,893.0,10.0,12.9,12.1,8.1,7.7,7.4,10.1,17.4,16.4,95.0,96.4,96.6,73.9,66.7,66.6,0.0,0.0,0.1,999.9,999.9,999.9,18,8.0,4.9
16585596,0723,79.9,81.1,83.1,44.6,47.9,48.3,873.0,897.7,893.0,10.0,12.9,12.1,8.1,7.8,7.3,13.0,17.3,16.2,99.0,96.4,96.6,73.9,66.7,66.6,0.03,0.0,0.1,999.9,999.9,999.9,2,8.1,5.5
16585596,0723,80.9,81.1,82.8,58.4,47.9,47.9,866.4,897.7,893.0,9.9,12.9,11.7,5.6,7.8,7.3,13.0,17.3,15.5,95.0,96.4,96.5,63.0,66.7,66.8,0.0,0.0,0.1,999.9,999.9,999.9,0,8.0,5.6
16585596,0723,81.1,81.1,82.5,57.5,47.9,48.5,869.0,897.7,892.9,10.0,12.8,11.7,9.9,7.8,7.4,20.0,17.3,15.1,95.0,96.4,96.2,66.0,66.6,67.1,0.0,0.0,0.1,999.9,999.9,999.9,18,8.0,5.6
16585596,0723,85.4,81.1,82.6,39.9,47.9,48.8,870.5,897.7,892.7,9.9,12.8,11.6,6.6,7.8,7.5,15.0,17.4,15.3,102.0,96.4,96.0,57.0,66.6,67.3,0.0,0.0,0.1,999.9,999.9,999.9,18,8.1,6.2
16585596,0723,76.4,81.1,82.6,54.1,47.9,48.2,873.0,897.7,892.8,10.0,12.8,11.5,7.8,7.8,7.5,24.3,17.3,15.5,104.0,96.5,96.0,62.1,66.6,67.0,0.0,0.0,0.1,999.9,999.9,999.9,0,8.1,6.8
16585596,0723,69.7,81.1,82.5,34.9,48.0,48.5,870.4,897.7,893.0,9.7,12.8,11.5,5.6,7.8,7.5,11.1,17.3,15.9,88.7,96.5,96.0,61.0,66.5,66.8,0.0,0.0,0.1,999.9,999.9,999.9,18,8.0,6.7
16585596,0723,80.3,81.2,82.0,54.5,47.8,48.3,866.4,897.7,892.9,22.3,12.8,11.5,7.8,7.8,7.5,8.9,17.3,15.9,99.0,96.5,95.7,71.1,66.5,66.5,0.0,0.0,0.0,999.9,999.9,999.9,18,8.1,7.3
16585596,0723,76.8,81.1,82.0,41.2,47.9,48.3,875.8,897.7,892.6,9.9,12.8,11.8,6.9,7.8,7.5,18.1,17.2,15.9,102.9,96.5,95.9,57.0,66.6,66.6,0.0,0.0,0.0,999.9,999.9,999.9,0,8.2,7.3
16585596,0723,79.3,81.1,81.6,54.6,47.8,48.2,869.5,897.7,892.7,10.0,12.8,11.8,6.9,7.8,7.4,14.0,17.3,16.0,93.0,96.5,96.2,73.9,66.6,66.5,0.0,0.0,0.0,999.9,999.9,999.9,18,8.1,7.3
16585596,0723,86.6,81.1,81.3,54.6,47.9,48.1,873.0,897.7,892.7,39.8,12.8,11.8,9.8,7.8,7.4,13.0,17.3,16.1,95.0,96.5,96.2,62.2,66.6,66.9,0.01,0.0,0.0,999.9,999.9,999.9,0,8.2,7.9
16585596,0723,77.5,81.1,81.3,54.5,47.9,48.0,873.5,897.0,892.7,10.0,12.9,12.8,10.4,7.8,7.5,22.0,17.2,16.1,98.1,96.5,95.9,62.1,66.5,66.9,0.0,0.0,0.0,999.9,999.9,999.9,0,8.2,7.9
16585596,0723,80.7,81.1,81.1,52.0,47.9,48.4,875.8,896.3,892.7,10.0,12.9,12.8,5.6,7.8,7.7,15.9,17.2,15.8,93.9,96.6,95.8,68.0,66.5,66.7,0.0,0.0,0.0,999.9,999.9,999.9,0,8.1,7.9
16585596,0723,85.2,81.1,80.9,46.5,47.9,49.0,871.5,896.3,892.8,9.9,12.9,12.8,6.2,7.8,7.7,11.1,17.2,15.8,87.1,96.5,95.5,71.1,66.5,66.6,0.0,0.0,0.0,999.9,999.9,999.9,0,8.0,7.9
16585596,0723,80.7,81.1,81.0,54.6,47.9,48.9,873.0,896.3,892.9,22.2,12.9,12.9,9.8,7.8,7.7,19.0,17.2,15.3,102.0,96.5,95.5,59.0,66.6,66.5,0.11,0.0,0.0,999.9,999.9,999.9,16,7.7,7.9
16585596,0723,81.1,81.1,81.0,50.9,48.0,49.1,869.7,896.3,892.8,10.0,13.0,12.6,6.4,7.8,7.7,31.1,17.1,15.5,95.0,96.5,95.7,57.9,66.6,66.4,0.0,0.0,0.0,999.9,999.9,999.9,18,7.7,8.4
16585596,0723,69.7,81.1,81.1,49.2,47.9,49.2,866.4,895.6,892.8,10.0,13.0,12.6,10.4,7.8,7.7,14.0,17.2,16.1,102.0,96.5,95.4,66.9,66.5,66.5,0.0,0.0,0.0,999.9,999.9,999.9,0,7.8,8.4
16585596,0723,79.9,81.1,80.7,50.2,47.9,49.4,999.9,894.9,888.3,9.9,13.0,12.6,5.6,7.8,7.7,8.9,17.2,15.9,99.0,96.5,95.7,75.9,66.5,66.6,0.0,0.0,0.0,999.9,999.9,999.9,0,7.7,7.8
16585596,0723,81.1,81.0,80.8,57.5,48.0,49.7,872.9,895.6,892.7,9.9,13.0,12.6,8.8,7.8,7.5,11.1,17.1,15.7,88.7,96.5,95.7,54.0,66.6,66.7,0.0,0.0,0.0,999.9,999.9,999.9,0,7.7,7.2
16585596,0723,74.2,81.0,80.7,40.5,48.0,50.0,869.0,894.9,892.6,10.0,12.8,12.6,4.7,7.8,7.7,15.9,17.1,15.6,104.0,96.4,95.7,75.9,66.5,66.1,0.11,0.0,0.0,999.9,999.9,999.9,0,7.7,7.2
16585596,0723,77.1,81.0,80.4,39.9,47.9,49.7,873.1,894.8,892.6,10.0,12.8,12.6,6.5,7.8,7.6,12.0,17.0,15.7,95.0,96.5,96.0,70.0,66.6,66.5,0.0,0.0,0.0,999.9,999.9,999.9,18,7.7,6.6
16585596,0723,78.4,80.9,80.2,46.5,47.9,49.4,869.5,894.9,892.6,10.0,12.7,12.6,9.6,7.8,7.5,15.0,17.0,15.5,102.0,96.5,96.0,71.1,66.6,66.3,0.11,0.0,0.0,999.9,999.9,999.9,0,7.8,6.6
16585596,0723,78.4,80.8,80.1,41.4,47.9,49.8,870.5,894.9,888.3,10.0,12.7,12.2,7.8,7.8,7.6,13.0,17.0,15.6,93.0,96.4,96.4,71.1,66.6,66.6,0.33,0.0,0.0,999.9,999.9,999.9,0,7.7,6.6
16585596,0723,86.8,80.8,79.8,45.0,47.8,49.7,999.9,894.9,888.2,9.9,12.7,12.2,4.9,7.8,7.7,34.0,17.0,15.6,88.7,96.4,96.2,66.2,66.6,66.5,0.14,0.0,0.0,999.9,999.9,999.9,0,7.7,6.6
16585596,0723,77.5,80.9,80.0,55.6,47.8,49.7,999.9,894.9,892.5,10.0,12.7,12.2,6.4,7.8,7.5,31.1,17.1,16.2,90.0,96.3,95.8,75.9,66.6,66.7,0.33,0.0,0.0,999.9,999.9,999.9,0,7.7,6.0
16585596,0723,77.5,80.9,79.9,36.2,47.8,49.6,866.4,895.6,896.7,9.9,12.7,12.2,4.7,7.8,7.5,13.0,17.2,16.9,93.9,96.3,95.5,68.0,66.6,66.7,0.11,0.0,0.1,999.9,999.9,999.9,18,7.4,6.0
16585596,0723,76.8,80.9,79.7,41.2,47.9,49.2,999.9,894.8,892.3,9.9,12.7,11.8,10.4,7.8,7.4,15.9,17.2,16.8,102.9,96.3,95.5,71.1,66.6,66.4,0.0,0.0,0.1,999.9,999.9,999.9,18,7.4,6.6
16585596,0723,81.1,80.8,79.7,58.4,47.8,48.9,871.0,894.8,892.3,9.7,12.5,11.8,6.9,7.8,7.6,18.1,17.3,16.9,90.0,96.3,95.9,71.1,66.7,66.7,0.11,0.0,0.1,999.9,999.9,999.9,16,7.4,7.2
16585596,0723,80.9,80.8,79.8,34.9,47.9,49.3,871.4,894.8,892.4,9.7,12.5,11.8,6.2,7.8,7.6,15.9,17.3,16.3,95.0,96.3,95.9,66.2,66.7,67.0,0.02,0.0,0.1,999.9,999.9,999.9,0,7.5,7.7
16585596,0723,82.3,80.8,79.6,52.0,47.8,48.6,999.9,894.8,892.4,9.9,12.5,11.7,5.6,7.8,7.5,11.1,17.3,16.3,102.9,96.3,96.0,75.9,66.7,67.1,0.0,0.0,0.1,999.9,999.9,999.9,0,7.5,7.1
16585596,0723,77.1,80.8,79.5,58.4,47.8,48.5,871.5,895.6,892.4,14.9,12.5,11.7,11.6,7.8,7.3,15.0,17.2,16.3,102.0,96.3,96.4,70.0,66.7,67.3,0.11,0.0,0.0,999.9,999.9,999.9,0,7.5,7.1
16585596,0723,85.4,80.8,79.3,57.5,47.8,48.7,872.9,895.5,892.4,9.9,12.6,11.9,6.2,7.8,7.5,19.0,17.2,16.4,93.0,96.4,96.6,57.9,66.7,67.2,0.15,0.0,0.1,999.9,999.9,999.9,18,7.4,6.5
16585596,0723,82.8,80.8,79.5,52.0,47.9,49.1,869.0,895.5,892.4,9.8,12.6,11.9,4.9,7.8,7.4,22.0,17.3,16.6,93.0,96.4,96.4,57.0,66.7,66.6,0.0,0.0,0.1,999.9,999.9,999.9,0,7.5,7.1
16585596,0723,89.6,80.8,79.6,45.0,47.9,48.9,869.5,895.5,892.5,41.0,12.6,11.9,6.5,7.8,7.4,15.0,17.3,16.9,100.0,96.3,96.4,72.0,66.6,66.4,0.0,0.0,0.1,999.9,999.9,999.9,0,7.5,7.1
16585596,0723,74.2,80.9,79.9,40.5,48.0,48.5,869.5,895.5,892.5,9.9,12.7,12.9,8.2,7.7,7.2,12.0,17.2,16.8,99.0,96.4,96.5,71.1,66.7,66.6,0.33,0.0,0.1,999.9,999.9,999.9,2,7.4,6.5
16585596,0723,79.9,80.8,79.5,40.5,47.9,48.5,872.4,895.5,892.5,10.0,12.7,12.9,8.2,7.7,7.3,14.0,17.2,16.7,104.0,96.4,96.4,62.1,66.7,67.1,0.03,0.0,0.1,999.9,999.9,999.9,0,7.2,5.9
16585596,0723,81.8,80.8,79.6,37.5,47.9,48.0,869.5,895.5,892.4,41.0,12.7,12.9,6.5,7.7,7.3,31.1,17.2,16.3,93.9,96.5,96.4,62.1,66.7,67.1,0.0,0.0,0.1,999.9,999.9,999.9,0,7.2,5.9
16585596,0723,81.1,80.8,80.0,44.1,47.8,48.1,866.4,895.5,892.4,10.0,12.9,14.0,6.2,7.7,7.3,11.1,17.3,17.0,88.7,96.5,96.6,61.0,66.6,67.1,0.0,0.0,0.1,999.9,999.9,999.9,18,7.1,5.3
16585596,0723,81.8,80.8,80.0,54.6,47.7,47.8,999.9,894.8,892.4,22.3,12.9,13.6,9.6,7.7,7.3,19.0,17.3,17.1,102.0,96.5,96.3,57.9,66.6,66.8,0.0,0.0,0.1,999.9,999.9,999.9,18,7.2,5.3
16585596,0723,80.3,80.8,80.2,54.1,47.8,48.2,999.9,894.8,896.5,22.3,13.0,14.0,9.9,7.7,7.4,10.1,17.2,17.1,95.0,96.5,96.2,62.2,66.5,66.8,0.0,0.0,0.1,999.9,999.9,999.9,18,7.3,5.9
16585596,0723,89.2,80.8,80.3,34.9,47.8,48.2,999.9,895.5,900.9,9.8,13.0,14.4,5.3,7.7,7.5,15.0,17.2,17.0,93.9,96.5,96.3,71.1,66.5,66.4,0.11,0.0,0.1,999.9,999.9,999.9,18,7.3,5.9
16585596,0723,69.7,80.9,80.3,58.4,47.7,47.5,869.0,896.2,905.1,10.0,13.0,13.4,8.7,7.7,7.3,15.9,17.2,17.0,99.0,96.5,96.3,66.0,66.6,66.7,0.15,0.0,0.1,999.9,999.9,999.9,0,7.3,6.5
16585596,0723,79.9,80.8,80.1,41.4,47.8,47.7,873.0,896.2,905.0,9.9,13.0,13.4,6.4,7.7,7.3,19.0,17.2,16.8,102.0,96.6,96.3,73.9,66.6,66.9,0.14,0.0,0.1,999.9,999.9,999.9,18,7.3,6.5
16585596,0723,83.0,80.9,80.0,47.2,47.8,47.3,869.5,896.2,904.9,13.5,13.0,13.4,6.4,7.7,7.3,18.1,17.2,16.9,93.9,96.6,96.6,73.9,66.6,67.1,0.33,0.0,0.1,999.9,999.9,999.9,16,7.3,7.1
16585596,0723,82.8,80.9,80.0,47.2,47.7,47.3,999.9,896.2,904.8,13.5,13.0,13.5,4.7,7.7,7.3,26.0,17.2,17.2,102.9,96.6,96.8,62.1,66.7,67.1,0.0,0.0,0.1,999.9,999.9,999.9,18,7.4,7.7
16585596,0723,86.8,80.9,80.0,33.1,47.8,47.1,869.5,896.9,909.0,9.9,13.0,13.2,5.3,7.7,7.1,31.1,17.2,17.4,87.1,96.6,96.8,66.0,66.6,67.3,0.0,0.0,0.1,999.9,999.9,999.9,0,7.4,7.7
16585596,0723,82.8,80.9,80.2,36.2,47.7,46.5,871.0,896.9,909.0,9.9,13.0,13.2,9.8,7.7,7.1,11.1,17.2,17.4,90.0,96.5,96.6,71.1,66.6,67.5,0.0,0.0,0.1,999.9,999.9,999.9,0,7.4,7.1
16585596,0723,82.3,80.9,80.7,54.6,47.6,46.1,999.9,896.9,909.2,10.0,13.0,13.2,10.6,7.7,7.1,18.1,17.1,17.3,95.0,96.5,96.2,61.0,66.6,67.7,0.0,0.0,0.1,999.9,999.9,999.9,0,7.4,7.1
16585596,0723,82.7,80.9,80.8,50.2,47.8,46.2,869.5,897.6,909.2,9.9,13.0,13.2,4.9,7.7,7.2,15.9,17.2,17.6,102.9,96.5,96.0,71.1,66.6,67.2,0.0,0.0,0.1,999.9,999.9,999.9,0,7.4,7.1
16585596,0723,82.3,80.9,80.8,58.4,47.8,46.0,869.5,896.9,909.1,10.0,13.0,13.2,6.4,7.7,7.1,18.1,17.1,17.8,99.0,96.6,96.5,70.0,66.6,67.7,0.0,0.0,0.1,999.9,999.9,999.9,0,7.4,7.1
16585596,0723,82.3,80.9,81.1,37.5,47.9,46.6,873.5,896.9,909.1,13.5,13.0,13.2,7.8,7.7,7.2,15.9,17.1,17.9,98.1,96.5,96.3,73.9,66.6,67.5,0.0,0.0,0.1,999.9,999.9,999.9,0,7.4,7.1
16585596,0723,76.7,80.9,81.3,44.1,47.8,46.5,999.9,896.2,909.1,41.0,13.0,13.3,6.3,7.7,7.2,17.1,17.1,18.0,93.0,96.5,96.4,62.1,66.6,67.7,0.0,0.0,0.1,999.9,999.9,999.9,0,7.4,6.5
16585596,0723,62.0,80.8,81.2,57.2,47.8,46.4,999.9,896.9,913.5,9.9,13.1,14.4,7.8,7.7,7.1,13.0,17.2,18.1,102.0,96.5,96.1,59.0,66.6,67.4,0.0,0.0,0.1,999.9,999.9,999.9,0,7.3,6.5
16585596,0723,81.1,80.7,80.6,41.4,47.9,46.9,873.5,897.6,917.8,41.0,13.1,14.4,10.2,7.7,7.1,20.0,17.1,18.1,95.0,96.5,96.4,75.9,66.6,67.0,0.0,0.0,0.1,999.9,999.9,999.9,0,7.3,6.5
16585596,0723,85.4,80.8,80.5,49.3,47.9,46.8,870.0,897.6,913.5,9.7,13.3,15.4,4.7,7.7,7.3,13.0,17.1,17.6,95.0,96.5,96.6,62.1,66.6,67.3,0.14,0.0,0.1,999.9,999.9,999.9,18,7.2,6.5
16585596,0723,81.1,80.9,80.7,48.9,48.0,46.6,872.4,897.6,909.2,10.0,13.3,15.4,5.3,7.7,7.2,18.1,17.1,17.0,93.9,96.5,96.8,61.0,66.6,66.8,0.0,0.0,0.1,999.9,999.9,999.9,18,7.2,7.1
16585596,0723,79.9,80.9,80.8,55.6,48.0,47.0,871.5,897.7,909.4,13.5,13.3,15.4,6.3,7.7,7.3,11.1,17.2,17.2,93.9,96.5,96.8,72.0,66.6,66.6,0.0,0.0,0.1,999.9,999.9,999.9,0,7.2,7.1
16585596,0723,80.7,80.9,80.9,33.1,48.0,47.5,869.6,896.9,905.1,13.5,13.3,15.5,8.8,7.7,7.1,10.1,17.1,17.0,93.9,96.4,96.5,66.9,66.6,66.6,0.0,0.0,0.1,999.9,999.9,999.9,18,7.2,6.5
16585596,0723,77.5,80.9,80.9,45.0,48.0,46.7,870.5,897.0,905.1,9.9,13.3,15.6,10.1,7.7,7.2,13.0,17.1,16.7,95.0,96.4,96.6,75.0,66.6,66.5,0.0,0.0,0.1,999.9,999.9,999.9,18,7.1,6.6
16585596,0723,79.9,80.9,80.8,44.1,48.0,47.0,870.0,897.0,905.1,10.0,13.3,15.6,9.3,7.7,7.3,19.0,17.1,16.6,88.7,96.4,96.6,71.1,66.6,66.8,0.02,0.0,0.0,999.9,999.9,999.9,0,7.2,7.2
16585596,0723,88.1,80.9,80.7,34.9,48.0,46.7,871.5,896.9,900.7,41.0,13.3,15.6,5.3,7.7,7.4,12.0,17.1,16.9,93.0,96.4,96.2,62.1,66.6,66.6,0.0,0.0,0.1,999.9,999.9,999.9,0,7.2,7.2
16585596,0723,87.8,80.9,81.1,50.9,47.9,46.0,872.4,896.9,900.7,9.9,13.5,16.5,6.6,7.7,7.2,12.0,17.1,16.8,95.0,96.4,95.9,70.0,66.6,66.4,0.17,0.0,0.0,999.9,999.9,999.9,0,7.2,7.2
16585596,0723,86.8,80.9,81.2,55.9,47.9,45.7,869.0,896.9,900.7,30.7,13.5,16.5,10.6,7.7,7.2,15.9,17.1,16.6,99.0,96.3,95.9,62.1,66.6,66.8,0.03,0.0,0.0,999.9,999.9,999.9,0,7.2,6.6
16585596,0723,78.4,81.0,81.3,52.0,48.0,45.9,873.6,896.2,900.7,10.0,13.6,17.2,6.2,7.7,7.4,20.0,17.1,16.4,88.7,96.3,96.1,66.9,66.6,66.9,0.0,0.0,0.0,999.9,999.9,999.9,18,7.2,6.6
16585596,0723,89.2,81.0,80.9,57.2,48.0,46.1,873.6,895.5,900.9,10.0,13.6,16.2,6.3,7.7,7.4,15.9,17.1,16.5,99.0,96.3,95.7,75.9,66.6,66.8,0.0,0.0,0.0,999.9,999.9,999.9,0,7.3,7.2
16585596,0723,83.0,81.0,81.4,37.5,48.1,46.6,999.9,895.5,901.0,10.0,13.5,16.2,8.8,7.7,7.3,17.1,17.1,16.7,93.9,96.3,95.7,57.0,66.6,66.9,0.01,0.0,0.0,999.9,999.9,999.9,0,7.2,7.1
16585596,0723,88.1,81.0,81.5,54.1,48.1,46.6,873.1,896.2,905.2,22.2,13.5,16.2,4.7,7.7,7.4,18.1,17.1,16.8,102.0,96.3,95.4,62.1,66.6,66.7,0.33,0.0,0.0,999.9,999.9,999.9,18,7.2,7.1
16585596,0723,69.7,81.1,81.8,48.9,48.2,47.1,869.5,896.2,905.4,20.3,13.6,15.6,5.3,7.7,7.3,15.0,17.1,16.3,87.1,96.3,95.7,71.1,66.5,66.7,0.0,0.0,0.0,999.9,999.9,999.9,18,7.2,7.7
16585596,0723,85.2,81.2,81.4,39.9,48.2,47.3,873.6,896.2,905.5,14.9,13.6,15.9,9.3,7.7,7.3,12.0,17.0,16.5,79.0,96.3,95.6,57.9,66.5,67.1,0.03,0.0,0.0,999.9,999.9,999.9,0,7.3,7.7
16585596,0723,78.4,81.1,81.5,57.2,48.1,46.8,872.4,896.3,901.3,10.0,13.7,15.7,4.7,7.7,7.3,26.0,17.0,16.2,90.0,96.2,94.9,57.9,66.5,67.1,0.0,0.0,0.0,999.9,999.9,999.9,0,7.2,7.1
16585596,0723,85.2,81.1,81.4,49.2,48.1,46.9,870.4,896.3,897.0,9.9,13.6,15.2,3.7,7.7,7.1,18.1,17.0,16.8,104.0,96.2,94.7,73.0,66.5,66.9,0.14,0.0,0.0,999.9,999.9,999.9,0,7.2,6.5
16585596,0723,77.1,81.2,81.3,45.0,48.1,47.4,871.0,895.5,892.7,9.9,13.6,15.2,9.6,7.7,7.0,24.3,17.0,16.9,102.0,96.2,95.0,61.0,66.5,67.0,0.0,0.0,0.0,999.9,999.9,999.9,18,7.2,5.9
16585596,0723,80.7,81.1,81.5,41.4,48.1,46.9,875.8,894.8,892.8,10.0,13.6,15.2,8.1,7.7,7.1,18.1,17.0,17.1,95.0,96.2,95.1,70.0,66.5,66.8,0.15,0.0,0.0,999.9,999.9,999.9,18,7.3,6.5
16585596,0723,69.7,81.1,81.6,45.2,48.0,46.9,872.4,894.1,892.8,39.8,13.6,15.2,6.9,7.7,7.1,11.1,17.0,17.1,93.0,96.2,94.9,62.1,66.5,66.7,0.03,0.0,0.0,999.9,999.9,999.9,0,7.4,6.5
16585596,0723,78.4,81.1,81.1,44.1,48.0,46.8,873.6,894.1,892.9,10.0,13.8,16.1,6.5,7.6,7.1,12.0,17.0,16.9,93.9,96.2,94.9,71.1,66.4,66.3,0.02,0.0,0.0,999.9,999.9,999.9,2,7.4,6.0
16585596,0723,79.3,81.1,81.0,57.2,48.1,46.7,872.4,894.2,888.7,22.3,13.8,16.0,10.6,7.6,7.2,13.0,17.0,16.4,88.7,96.2,94.6,57.0,66.5,66.6,0.0,0.0,0.0,999.9,999.9,999.9,0,7.4,5.5
16585596,0723,76.4,81.0,80.7,54.1,48.1,47.5,869.6,894.2,888.8,10.0,13.8,16.4,4.9,7.7,7.4,18.1,16.9,15.8,104.0,96.1,94.6,66.0,66.4,66.3,0.0,0.0,0.0,999.9,999.9,999.9,2,7.4,5.5
16585596,0723,85.4,81.0,80.5,47.1,48.2,48.1,873.5,894.1,888.8,41.0,13.8,16.4,10.2,7.6,7.2,31.1,16.9,16.0,99.0,96.2,95.1,66.0,66.4,66.1,0.0,0.0,0.0,999.9,999.9,999.9,0,7.3,5.5
16585596,0723,62.0,81.0,80.6,47.2,48.1,47.9,872.9,894.2,884.6,10.0,14.0,17.5,9.9,7.7,7.2,19.0,16.9,16.5,104.0,96.2,95.2,73.9,66.4,66.3,0.0,0.0,0.0,999.9,999.9,999.9,0,7.3,5.5
16585596,0723,86.6,80.8,79.9,48.9,48.1,47.8,866.4,894.2,884.7,10.0,14.0,17.5,10.4,7.7,7.4,18.1,16.9,16.6,93.9,96.3,95.3,62.1,66.4,66.4,0.11,0.0,0.0,999.9,999.9,999.9,18,7.2,5.5
16585596,0723,80.9,80.9,80.1,50.9,48.1,47.5,999.9,894.1,884.6,39.8,14.0,17.5,9.5,7.7,7.5,11.1,16.8,16.6,102.9,96.3,95.1,66.0,66.3,66.1,0.0,0.0,0.0,999.9,999.9,999.9,0,7.2,6.1
16585596,0723,87.8,81.0,80.0,40.5,48.1,47.9,871.4,894.8,888.8,9.9,14.2,18.3,9.6,7.7,7.6,13.0,16.8,16.4,90.0,96.3,95.3,66.2,66.4,65.9,0.17,0.0,0.0,999.9,999.9,999.9,18,7.2,6.1
16585596,0723,78.3,81.0,80.4,49.2,48.0,47.8,999.9,894.8,884.5,9.7,14.2,17.3,5.6,7.7,7.7,34.0,16.7,16.3,95.0,96.3,95.2,61.0,66.4,66.0,0.0,0.0,0.0,999.9,999.9,999.9,0,7.3,6.7
16585596,0723,82.8,81.0,80.9,41.4,48.0,47.5,871.0,894.8,884.5,9.9,14.2,17.3,10.2,7.6,7.6,15.9,16.8,17.0,93.0,96.2,94.9,66.2,66.4,66.1,0.0,0.0,0.0,999.9,999.9,999.9,0,7.2,6.7
16585596,0723,79.3,81.0,81.0,52.0,48.0,47.5,999.9,894.8,884.4,10.0,14.2,16.3,4.9,7.6,7.6,15.0,16.8,16.8,90.0,96.2,94.9,66.0,66.4,65.8,0.0,0.0,0.0,999.9,999.9,999.9,0,7.2,6.7
16585596,0723,81.8,80.9,80.8,40.5,48.0,47.6,999.9,895.5,888.8,9.9,14.2,16.3,4.7,7.6,7.6,18.1,16.8,16.9,104.0,96.2,94.7,62.1,66.4,65.9,0.11,0.0,0.0,999.9,999.9,999.9,0,7.2,6.1
16585596,0723,83.0,81.0,80.8,48.9,47.9,47.3,873.5,896.2,893.0,10.0,14.0,16.3,4.7,7.6,7.6,34.0,16.8,16.9,95.0,96.2,95.0,75.9,66.4,65.9,0.0,0.0,0.0,999.9,999.9,999.9,0,7.1,5.5
16585596,0723,80.9,81.0,80.9,55.6,48.0,47.1,872.4,896.3,893.1,10.0,14.0,16.1,9.9,7.6,7.5,24.3,17.0,17.7,104.0,96.2,95.1,62.2,66.5,66.1,0.0,0.0,0.0,999.9,999.9,999.9,18,7.1,5.5
16585596,0723,88.1,81.1,80.9,37.5,48.0,47.9,870.5,896.3,893.2,9.7,14.0,16.0,3.7,7.6,7.6,18.1,17.0,18.1,93.9,96.2,95.4,71.1,66.4,65.9,0.0,0.0,0.0,999.9,999.9,999.9,0,7.1,5.5
16585596,0723,83.0,81.2,81.3,58.4,48.0,47.6,871.4,896.3,893.2,22.3,14.0,16.0,6.3,7.5,7.4,26.0,17.0,18.3,95.0,96.3,95.4,66.9,66.5,65.8,0.0,0.0,0.0,999.9,999.9,999.9,0,7.1,4.9
16585596,0723,88.8,81.2,81.4,34.9,48.1,48.1,869.5,896.3,893.2,20.3,14.1,16.4,9.9,7.5,7.3,22.0,17.1,18.5,93.9,96.3,95.6,61.0,66.4,65.6,0.17,0.0,0.0,999.9,999.9,999.9,0,7.1,4.9
16585596,0723,79.9,81.4,81.4,39.9,48.0,48.1,872.9,896.3,893.1,10.0,14.1,15.7,10.6,7.6,7.4,13.0,17.1,18.9,99.0,96.3,95.6,68.0,66.4,65.6,0.0,0.0,0.0,999.9,999.9,999.9,18,7.1,4.9
16585596,0723,81.1,81.4,81.1,45.2,47.9,47.7,999.9,896.3,893.2,10.0,14.1,15.8,6.9,7.6,7.5,13.0,17.1,18.9,93.9,96.3,95.7,73.9,66.4,65.5,0.0,0.0,0.0,999.9,999.9,999.9,0,7.2,5.5
16585596,0723,88.8,81.3,81.0,50.2,47.9,47.4,870.4,897.0,897.5,10.0,14.0,15.1,8.2,7.6,7.4,13.0,17.0,18.8,102.0,96.3,95.6,54.0,66.4,65.9,0.0,0.0,0.0,999.9,999.9,999.9,0,7.1,5.5
16585596,0723,82.8,81.4,81.3,34.9,47.9,47.3,999.9,897.0,897.4,10.0,14.0,15.1,10.2,7.6,7.5,12.0,17.1,18.6,104.0,96.3,96.0,72.0,66.3,65.5,0.0,0.0,0.0,999.9,999.9,999.9,18,7.0,4.9
16585596,0723,88.8,81.4,81.1,41.2,47.8,46.6,999.9,897.7,901.6,22.3,13.9,15.1,6.6,7.6,7.6,11.1,17.1,18.5,87.1,96.4,96.2,73.0,66.3,65.4,0.33,0.0,0.0,999.9,999.9,999.9,0,7.1,5.5
16585596,0723,79.9,81.5,81.3,37.5,47.8,46.7,873.0,898.4,901.6,9.8,13.9,15.5,4.7,7.6,7.5,24.3,17.0,18.3,93.0,96.3,95.9,57.9,66.3,65.9,0.0,0.0,0.1,999.9,999.9,999.9,18,6.8,5.5
16585596,0723,80.9,81.4,81.0,48.9,47.7,46.1,999.9,898.4,901.6,39.8,13.9,15.1,6.9,7.6,7.5,12.0,17.1,18.5,102.9,96.3,95.6,75.9,66.3,65.8,0.0,0.0,0.0,999.9,999.9,999.9,2,6.9,5.5
16585596,0723,78.3,81.4,81.4,48.9,47.7,46.1,873.0,899.1,906.0,41.0,14.0,15.7,3.7,7.6,7.6,34.0,17.0,18.4,95.0,96.3,96.2,59.0,66.4,65.9,0.0,0.0,0.0,999.9,999.9,999.9,18,6.9,5.0
16585596,0723,81.8,81.3,81.1,45.2,47.7,46.4,999.9,898.4,906.0,20.3,14.2,16.6,5.3,7.6,7.4,24.3,17.0,19.1,99.0,96.3,96.7,63.0,66.3,65.9,0.0,0.0,0.0,999.9,999.9,999.9,18,7.0,5.6
16585596,0723,86.8,81.3,81.3,54.1,47.7,46.0,999.9,898.4,910.2,22.3,14.2,16.9,8.8,7.5,7.4,24.1,17.0,19.0,104.0,96.3,97.0,59.0,66.4,66.1,0.17,0.0,0.0,999.9,999.9,999.9,0,7.1,6.2
16585596,0723,69.7,81.4,81.3,58.4,47.7,46.2,875.8,898.4,914.5,9.9,14.3,17.3,5.1,7.5,7.6,15.0,17.1,19.2,104.0,96.4,97.0,71.1,66.4,65.7,0.0,0.0,0.0,999.9,999.9,999.9,0,7.1,6.2
16585596,0723,89.6,81.3,81.1,41.2,47.7,46.6,871.0,898.4,914.7,10.0,14.2,17.3,11.6,7.5,7.5,18.1,17.0,18.9,93.9,96.4,97.1,72.0,66.4,66.0,0.0,0.0,0.0,999.9,999.9,999.9,18,7.1,5.6
16585596,0723,79.9,81.3,81.4,34.9,47.7,46.6,869.5,898.4,914.5,10.0,14.1,17.3,6.2,7.6,7.6,26.0,17.1,18.9,95.0,96.4,97.0,57.9,66.4,66.1,0.0,0.0,0.0,999.9,999.9,999.9,0,7.1,5.6
16585596,0723,88.8,81.3,81.7,40.5,47.5,46.3,873.6,898.4,914.4,10.0,14.1,16.3,5.3,7.6,7.5,18.1,17.1,19.4,102.9,96.4,97.1,71.1,66.4,65.9,0.0,0.0,0.0,999.9,999.9,999.9,0,7.0,5.6
16585596,0723,74.2,81.4,82.0,47.2,47.5,46.2,999.9,898.4,914.4,9.9,14.1,16.3,4.7,7.5,7.5,20.0,17.1,19.6,93.0,96.4,97.4,59.0,66.4,65.9,0.0,0.0,0.0,999.9,999.9,999.9,0,6.9,5.5
16585596,0723,89.2,81.4,81.9,55.6,47.5,45.8,866.4,899.1,918.7,39.8,14.1,15.9,6.9,7.5,7.3,11.1,17.1,19.9,95.0,96.3,97.5,62.2,66.3,66.0,0.0,0.0,0.0,999.9,999.9,999.9,0,6.9,5.5
16585596,0723,86.6,81.4,82.3,41.6,47.5,45.9,872.4,898.4,918.6,10.0,14.2,16.9,10.2,7.5,7.4,19.0,17.1,19.6,95.0,96.3,97.2,66.9,66.3,65.9,0.33,0.0,0.0,999.9,999.9,999.9,18,6.9,5.5
16585596,0723,89.2,81.5,82.3,55.6,47.4,45.7,872.4,898.4,918.5,10.0,14.2,15.9,5.3,7.6,7.4,8.9,17.1,19.2,95.0,96.3,97.1,68.0,66.4,65.9,0.0,0.0,0.0,999.9,999.9,999.9,0,6.9,6.1
16585596,0723,78.4,81.6,83.3,54.5,47.5,46.0,870.5,898.4,918.5,9.8,14.2,15.9,3.7,7.5,7.2,20.0,17.1,18.9,102.0,96.3,96.8,71.1,66.3,65.7,0.0,0.0,0.0,999.9,999.9,999.9,0,6.8,6.1
16585596,0723,76.4,81.6,83.0,57.5,47.5,46.2,869.5,897.7,918.7,9.8,14.2,15.9,6.2,7.5,7.0,31.1,17.1,19.0,90.0,96.3,97.1,73.0,66.4,66.0,0.0,0.0,0.0,999.9,999.9,999.9,0,6.7,5.5
16585596,0723,79.3,81.6,82.8,41.4,47.5,46.4,871.0,897.6,914.3,10.0,14.2,14.9,5.6,7.5,6.9,15.0,17.1,19.6,93.0,96.3,96.7,72.0,66.4,66.2,0.0,0.0,0.0,999.9,999.9,999.9,0,6.7,5.5
16585596,0723,89.6,81.6,82.5,49.3,47.5,46.4,999.9,897.7,914.3,9.9,14.2,14.9,10.2,7.5,6.8,11.1,17.1,19.7,99.0,96.3,96.8,66.0,66.4,66.4,0.0,0.0,0.0,999.9,999.9,999.9,18,6.7,4.9
16585596,0723,82.8,81.6,82.9,47.2,47.4,46.4,869.5,898.4,914.3,10.0,14.2,14.9,9.5,7.5,6.9,13.0,17.0,18.9,93.9,96.3,96.9,66.9,66.5,66.6,0.0,0.0,0.0,999.9,999.9,999.9,18,6.8,5.5
16585596,0723,77.1,81.6,82.9,49.3,47.4,46.6,872.4,897.7,914.2,9.9,14.2,14.9,9.6,7.5,6.9,15.0,17.0,18.8,102.9,96.3,96.9,68.0,66.5,66.6,0.0,0.0,0.0,999.9,999.9,999.9,0,6.9,6.1
16585596,0723,69.7,81.6,82.8,41.4,47.5,46.5,871.5,897.7,910.0,9.8,14.2,14.9,5.6,7.5,7.0,11.1,17.0,18.8,90.0,96.3,97.3,64.9,66.5,66.7,0.0,0.0,0.0,999.9,999.9,999.9,0,6.8,6.1
16585596,0723,79.9,81.6,82.4,58.4,47.4,46.6,999.9,897.7,905.7,22.2,14.1,14.9,8.2,7.5,7.1,19.0,16.9,18.6,88.7,96.2,96.9,71.1,66.5,66.8,0.11,0.0,0.0,999.9,999.9,999.9,0,6.7,6.1
16585596,0723,85.4,81.6,82.3,50.9,47.5,46.9,872.7,897.7,909.9,10.0,14.2,15.3,5.3,7.5,7.2,15.9,16.9,18.1,95.0,96.2,96.7,63.0,66.5,66.6,0.0,0.0,0.0,999.9,999.9,999.9,0,6.6,6.1
16585596,0723,62.0,81.5,82.5,55.9,47.6,46.7,866.4,897.0,909.9,10.0,14.2,15.3,9.3,7.5,7.0,11.1,16.9,17.8,98.1,96.2,96.4,75.9,66.5,66.6,0.0,0.0,0.0,999.9,999.9,999.9,0,6.6,5.5
16585596,0723,78.3,81.4,81.6,52.0,47.6,47.3,871.0,896.9,909.8,41.0,14.2,15.3,6.2,7.5,7.2,18.1,16.9,17.6,102.0,96.2,96.5,57.0,66.5,66.8,0.0,0.0,0.0,999.9,999.9,999.9,18,6.5,5.5
16585596,0723,69.7,81.4,81.5,58.4,47.7,47.1,872.4,896.9,909.8,10.0,14.3,15.9,10.6,7.5,7.2,10.1,16.9,17.3,102.9,96.3,96.7,63.0,66.4,66.5,0.0,0.0,0.0,999.9,999.9,999.9,0,6.3,6.1
16585596,0723,85.2,81.3,80.8,57.6,47.8,47.9,873.0,896.2,909.9,39.8,14.3,15.6,10.6,7.5,7.2,11.1,17.0,16.9,93.9,96.3,97.0,62.1,66.4,66.5,0.0,0.0,0.0,999.9,999.9,999.9,0,6.3,6.1
16585596,0723,86.8,81.4,81.0,54.1,47.8,48.5,868.1,896.2,909.9,9.9,14.3,16.6,4.9,7.5,7.2,24.1,16.9,16.9,102.0,96.2,96.9,63.0,66.4,66.3,0.02,0.0,0.0,999.9,999.9,999.9,18,6.2,5.5
16585596,0723,85.4,81.4,81.2,55.6,47.8,48.8,869.6,896.2,905.5,13.5,14.3,16.6,6.3,7.5,7.2,26.0,17.0,17.2,93.9,96.3,97.1,70.0,66.4,66.0,0.0,0.0,0.0,999.9,999.9,999.9,0,6.2,6.1
16585596,0723,81.8,81.5,81.1,47.2,47.9,49.0,999.9,896.2,905.5,30.7,14.3,16.7,6.2,7.5,7.1,20.0,17.1,17.7,100.0,96.3,96.9,64.9,66.5,66.5,0.01,0.0,0.0,999.9,999.9,999.9,0,6.2,6.1
16585596,0723,82.8,81.4,81.1,49.2,47.9,49.4,873.6,896.9,905.5,9.9,14.4,17.4,4.9,7.5,7.0,12.0,17.1,17.9,89.1,96.3,96.7,71.1,66.5,66.3,0.0,0.0,0.0,999.9,999.9,999.9,18,6.1,5.5
16585596,0723,78.3,81.4,80.9,57.6,47.9,49.6,871.0,896.9,901.3,10.0,14.4,17.0,6.2,7.5,6.9,15.0,17.1,18.0,89.1,96.3,96.8,62.1,66.5,66.2,0.0,0.0,0.0,999.9,999.9,999.9,18,6.1,6.1
16585596,0723,88.1,81.4,80.8,49.3,48.0,50.3,871.5,896.9,901.2,9.9,14.4,17.0,6.9,7.4,7.0,15.0,17.1,17.6,93.9,96.2,96.7,54.0,66.5,66.3,0.11,0.0,0.0,999.9,999.9,999.9,18,6.2,6.1
16585596,0723,62.0,81.4,81.0,47.1,48.0,50.3,999.9,896.9,896.9,30.7,14.4,16.0,10.2,7.4,7.0,15.0,17.0,17.7,102.9,96.2,96.4,64.9,66.4,65.6,0.0,0.0,0.0,999.9,999.9,999.9,18,6.2,6.6
16585596,0723,82.7,81.3,80.5,47.1,48.0,50.3,999.9,897.6,901.1,10.0,14.5,15.6,6.4,7.4,7.2,11.1,17.0,17.1,88.7,96.2,96.6,64.9,66.4,65.8,0.0,0.0,0.0,999.9,999.9,999.9,16,6.2,6.6
16585596,0723,86.6,81.3,80.5,58.4,48.0,50.3,868.1,897.6,901.1,10.0,14.5,15.3,3.7,7.4,7.2,34.0,17.1,16.7,93.0,96.1,96.3,66.0,66.4,65.9,0.0,0.0,0.0,999.9,999.9,999.9,0,6.3,6.5
16585596,0723,88.8,81.3,80.5,48.9,48.1,50.5,873.1,897.6,896.7,9.7,14.5,14.9,6.3,7.4,7.1,26.0,17.1,17.0,95.0,96.1,95.9,62.1,66.4,66.1,0.0,0.0,0.0,999.9,999.9,999.9,18,6.0,6.5
16585596,0723,86.6,81.4,81.2,50.9,48.1,50.2,999.9,897.6,896.7,10.0,14.5,14.9,5.3,7.4,7.1,8.9,17.2,17.4,93.9,96.1,95.6,61.0,66.4,65.8,0.02,0.0,0.0,999.9,999.9,999.9,0,6.1,7.1
16585596,0723,86.6,81.4,81.1,54.5,48.1,50.5,870.0,898.3,901.0,10.0,14.5,14.9,3.7,7.4,6.9,31.1,17.2,17.1,95.0,96.1,95.6,66.9,66.4,65.4,0.0,0.0,0.0,999.9,999.9,999.9,0,6.0,6.5
16585596,0723,86.8,81.4,81.3,44.6,48.1,51.1,869.5,898.3,901.0,22.3,14.5,14.9,5.3,7.4,6.8,19.0,17.3,17.2,99.0,96.1,95.6,71.1,66.4,65.7,0.0,0.0,0.0,999.9,999.9,999.9,0,6.0,6.5
16585596,0723,81.1,81.4,81.2,37.5,48.1,51.3,872.4,898.3,900.8,14.9,14.4,15.3,8.2,7.4,6.8,24.3,17.3,17.3,95.0,96.1,95.5,62.1,66.4,65.7,0.0,0.0,0.0,999.9,999.9,999.9,18,6.0,6.5
16585596,0723,74.2,81.4,81.4,48.9,48.0,51.0,875.8,898.3,896.6,10.0,14.4,15.4,6.9,7.4,6.9,11.1,17.3,17.4,93.0,96.1,95.6,62.1,66.3,65.8,0.02,0.0,0.0,999.9,999.9,999.9,0,6.1,7.1
16585596,0723,62.0,81.3,80.9,47.2,48.0,50.7,869.0,898.3,896.9,10.0,14.4,14.5,6.9,7.3,6.9,15.9,17.3,17.4,93.9,96.1,95.5,64.9,66.3,65.8,0.03,0.0,0.0,999.9,999.9,999.9,18,6.1,7.1
16585596,0723,86.8,81.2,80.1,34.9,48.0,50.9,869.7,898.3,896.8,9.8,14.4,14.5,10.2,7.3,6.8,17.1,17.3,17.3,102.0,96.1,95.5,54.0,66.3,65.8,0.0,0.0,0.0,999.9,999.9,999.9,18,6.2,7.1
16585596,0723,83.0,81.2,80.0,44.1,47.9,50.2,869.6,898.3,896.7,10.0,14.4,14.4,6.5,7.4,7.0,18.1,17.3,17.6,104.0,96.1,95.7,73.0,66.3,65.3,0.17,0.0,0.0,999.9,999.9,999.9,0,6.2,7.7
16585596,0723,62.0,81.2,80.2,40.5,48.0,49.9,999.9,898.3,896.7,10.0,14.4,14.5,6.9,7.4,7.1,18.1,17.3,17.5,90.0,96.2,95.8,57.9,66.3,65.4,0.0,0.0,0.0,999.9,999.9,999.9,0,6.2,7.7
16585596,0723,74.2,81.1,79.7,40.5,48.0,49.3,873.6,899.0,901.0,9.9,14.4,14.5,4.7,7.4,7.1,19.0,17.3,17.1,99.0,96.2,95.8,62.1,66.2,64.9,0.33,0.0,0.0,999.9,999.9,999.9,0,6.2,7.7
16585596,0723,86.8,81.1,79.5,37.5,47.9,49.3,871.0,899.0,901.1,10.0,14.4,14.5,6.6,7.3,7.1,17.1,17.3,17.2,102.0,96.2,96.0,57.9,66.2,64.5,0.11,0.0,0.0,999.9,999.9,999.9,18,6.2,7.7
16585596,0723,89.6,81.1,79.4,48.9,47.9,48.9,869.6,899.0,896.8,9.9,14.4,14.5,4.9,7.3,6.9,15.9,17.4,17.4,102.9,96.2,96.1,73.0,66.2,64.3,0.17,0.0,0.0,999.9,999.9,999.9,0,6.3,7.7
16585596,0723,89.2,81.1,79.7,50.2,47.8,48.9,873.0,898.3,896.8,10.0,14.4,14.5,5.3,7.3,6.8,34.0,17.3,17.5,87.1,96.2,96.4,57.0,66.2,64.5,0.0,0.0,0.0,999.9,999.9,999.9,48,6.3,7.1
16585596,0723,83.0,81.2,80.1,50.2,47.8,49.0,871.5,898.3,896.8,10.0,14.4,14.5,6.4,7.3,6.6,11.1,17.3,18.1,102.0,96.2,95.8,71.1,66.2,64.1,0.33,0.0,0.0,999.9,999.9,999.9,0,6.5,8.7
16585596,0723,88.1,81.2,80.5,54.5,47.8,49.3,873.0,898.4,896.8,10.0,14.2,14.5,11.6,7.3,6.7,14.0,17.3,18.1,99.0,96.3,96.2,73.0,66.2,64.3,0.0,0.0,0.0,999.9,999.9,999.9,0,6.5,8.7
16585596,0723,85.2,81.2,80.8,45.2,47.8,49.1,873.5,897.6,892.6,22.2,14.2,14.1,9.6,7.3,6.8,13.0,17.2,18.0,104.0,96.3,96.6,57.0,66.2,64.4,0.0,0.0,0.0,999.9,999.9,999.9,18,6.5,8.7
16585596,0723,83.0,81.2,80.8,45.2,47.8,49.0,870.5,896.9,892.6,10.0,14.3,14.5,5.3,7.3,6.9,14.0,17.2,17.9,102.9,96.4,96.9,66.0,66.2,64.2,0.0,0.0,0.0,999.9,999.9,999.9,0,6.5,9.3
16585596,0723,81.8,81.3,81.5,39.9,47.9,48.6,870.0,897.0,892.8,14.9,14.2,14.5,6.9,7.3,6.8,11.1,17.2,18.0,93.0,96.4,97.0,66.0,66.2,63.8,0.0,0.0,0.0,999.9,999.9,999.9,18,6.5,9.3
16585596,0723,88.8,81.3,81.6,45.2,47.8,48.2,873.6,897.0,892.7,9.8,14.2,13.6,10.2,7.2,6.8,19.0,17.2,17.7,88.7,96.4,96.7,66.2,66.1,64.1,0.0,0.0,0.0,999.9,999.9,999.9,0,6.6,9.3
16585596,0723,69.7,81.3,82.2,49.2,47.8,47.8,871.0,897.0,892.8,9.9,14.2,13.6,5.6,7.2,6.8,14.0,17.2,18.0,93.9,96.3,96.3,57.9,66.1,64.2,0.0,0.0,0.0,999.9,999.9,999.9,0,6.6,9.3
16585596,0723,78.4,81.2,81.7,48.9,47.7,47.5,873.0,897.0,892.7,9.9,14.2,12.6,4.9,7.2,6.6,15.9,17.1,18.1,87.1,96.3,96.3,73.0,66.0,64.1,0.0,0.0,0.0,999.9,999.9,999.9,18,6.6,9.3
16585596,0723,82.3,81.2,81.4,44.1,47.8,47.3,873.6,897.0,892.9,10.0,14.2,12.6,10.2,7.2,6.6,19.0,17.1,17.9,89.1,96.2,95.8,66.0,66.1,64.4,0.01,0.0,0.0,999.9,999.9,999.9,0,6.7,9.3
16585596,0723,80.7,81.2,81.3,45.0,47.8,46.9,871.4,897.0,893.0,30.7,14.2,12.5,10.2,7.3,6.8,11.1,17.1,17.6,93.0,96.1,95.6,70.0,66.2,64.3,0.0,0.0,0.0,999.9,999.9,999.9,0,6.7,9.3
16585596,0723,86.8,81.2,81.3,54.1,47.7,46.8,873.1,897.0,888.7,10.0,14.3,12.5,11.6,7.3,6.9,15.0,17.1,17.3,95.0,96.1,95.4,70.0,66.2,64.5,0.0,0.0,0.0,999.9,999.9,999.9,0,6.7,9.3
16585596,0723,85.2,81.2,81.4,36.2,47.7,47.0,869.7,897.0,888.7,9.7,14.3,12.5,10.2,7.3,7.1,14.0,17.1,17.4,102.0,96.0,95.6,59.0,66.2,64.4,0.33,0.0,0.0,999.9,999.9,999.9,18,6.7,8.7
16585596,0723,85.4,81.2,81.7,57.6,47.7,46.3,869.5,897.0,888.6,10.0,14.3,12.5,10.4,7.3,7.3,13.0,17.1,17.4,104.0,96.0,96.0,62.1,66.1,64.3,0.0,0.0,0.1,999.9,999.9,999.9,18,6.8,8.7
16585596,0723,85.2,81.2,81.6,40.5,47.7,46.6,872.4,897.0,888.6,10.0,14.2,12.5,8.2,7.3,7.4,15.9,17.1,17.3,88.7,96.1,96.3,61.0,66.1,64.6,0.0,0.0,0.1,999.9,999.9,999.9,0,6.8,8.7
16585596,0723,88.1,81.2,82.4,36.2,47.7,46.3,871.0,897.0,884.3,22.2,14.2,11.8,9.3,7.3,7.3,18.1,17.1,17.4,99.0,96.1,95.9,66.9,66.1,64.5,0.0,0.0,0.1,999.9,999.9,999.9,0,6.8,8.1
16585596,0723,82.3,81.2,82.5,58.4,47.6,46.0,870.0,897.0,880.0,10.0,14.3,12.2,7.8,7.3,7.4,13.0,17.2,17.6,102.0,96.1,96.2,73.9,66.1,64.5,0.0,0.0,0.1,999.9,999.9,999.9,0,6.8,7.6
16585596,0723,76.8,81.2,82.4,47.1,47.6,46.0,872.4,897.0,880.1,22.3,14.3,12.2,5.1,7.4,7.5,13.0,17.2,16.9,90.0,96.1,96.5,75.9,66.2,64.8,0.0,0.0,0.1,999.9,999.9,999.9,0,6.8,7.6
16585596,0723,76.8,81.2,82.0,54.1,47.6,45.9,871.4,897.0,880.1,22.3,14.4,12.6,6.4,7.4,7.5,15.0,17.1,16.5,102.9,96.0,96.3,62.1,66.2,65.3,0.0,0.0,0.1,999.9,999.9,999.9,18,6.8,7.0
16585596,0723,85.2,81.1,81.7,41.2,47.7,46.0,999.9,897.0,875.8,20.3,14.5,13.0,6.3,7.4,7.5,19.0,17.1,16.7,93.0,96.0,96.6,71.1,66.2,65.3,0.0,0.0,0.1,999.9,999.9,999.9,0,6.9,7.6
16585596,0723,74.2,81.1,81.6,45.0,47.7,45.6,869.6,897.7,880.1,22.2,14.5,13.4,9.5,7.3,7.6,24.1,17.0,16.3,95.0,96.1,96.6,71.1,66.2,65.4,0.02,0.0,0.1,999.9,999.9,999.9,18,6.9,7.6
16585596,0723,79.9,81.1,81.2,57.6,47.7,45.6,873.5,897.7,880.1,9.8,14.5,13.4,6.5,7.3,7.8,24.3,17.1,16.4,93.0,96.1,96.4,59.0,66.2,65.4,0.0,0.0,0.1,999.9,999.9,999.9,0,7.0,8.2
16585596,0723,76.7,81.1,81.2,45.2,47.7,46.3,873.6,897.7,880.2,9.9,14.5,13.2,6.9,7.4,7.7,15.0,17.2,16.4,90.0,96.0,96.4,62.1,66.3,65.3,0.0,0.0,0.1,999.9,999.9,999.9,0,6.9,7.6
16585596,0723,77.1,81.1,81.2,54.6,47.7,46.1,999.9,897.0,880.1,10.0,14.5,13.2,10.2,7.3,7.7,26.0,17.1,16.6,104.0,96.0,96.3,71.1,66.2,65.3,0.0,0.0,0.1,999.9,999.9,999.9,0,6.8,7.6
16585596,0723,76.8,81.1,81.7,47.1,47.8,46.4,869.7,897.7,884.5,10.0,14.5,13.2,9.5,7.3,7.8,19.0,17.2,16.9,99.0,96.0,96.6,57.9,66.2,65.5,0.0,0.0,0.0,999.9,999.9,999.9,18,6.7,7.0
16585596,0723,80.3,81.0,81.4,41.4,47.8,46.8,866.4,897.7,884.5,10.0,14.5,13.2,9.5,7.4,7.8,24.1,17.2,17.0,95.0,96.1,96.5,64.9,66.2,65.7,0.0,0.0,0.0,999.9,999.9,999.9,0,6.8,7.0
16585596,0723,85.2,81.0,81.3,52.0,47.7,46.7,866.4,897.7,884.3,13.5,14.5,13.2,11.6,7.4,7.9,12.0,17.3,17.2,95.0,96.1,96.2,75.9,66.1,65.4,0.0,0.0,0.0,999.9,999.9,999.9,0,6.7,7.0
16585596,0723,78.4,81.0,82.1,41.4,47.8,47.1,999.9,897.6,879.9,10.0,14.5,13.3,3.7,7.4,8.0,13.0,17.3,17.0,89.1,96.1,96.4,61.0,66.2,66.0,0.0,0.0,0.0,999.9,999.9,999.9,0,6.6,7.0
16585596,0723,81.8,81.0,82.2,45.2,47.8,47.1,869.7,897.6,884.1,30.7,14.4,13.3,7.8,7.4,8.0,19.0,17.3,16.8,93.9,96.1,96.0,66.0,66.1,66.0,0.0,0.0,0.0,999.9,999.9,999.9,0,6.6,7.0
16585596,0723,80.3,81.0,82.1,41.2,47.8,47.4,873.0,897.6,884.1,10.0,14.5,14.0,9.3,7.4,8.1,12.0,17.3,16.8,88.7,96.1,95.8,71.1,66.1,66.2,0.15,0.0,0.0,999.9,999.9,999.9,18,6.6,6.4
16585596,0723,86.6,81.0,81.8,44.1,47.8,47.1,869.0,897.6,884.2,10.0,14.5,14.0,9.5,7.4,8.2,31.1,17.3,16.7,99.0,96.0,95.3,70.0,66.2,66.2,0.0,0.0,0.0,999.9,999.9,999.9,18,6.6,7.0
16585596,0723,85.4,81.0,81.7,58.4,47.7,46.9,999.9,897.6,884.0,22.2,14.5,14.0,6.2,7.4,8.3,17.1,17.4,16.6,93.9,96.0,95.7,66.0,66.1,66.6,0.0,0.0,0.0,999.9,999.9,999.9,0,6.7,6.0
16585596,0723,82.7,81.0,81.8,41.4,47.8,47.2,999.9,897.6,888.3,9.9,14.5,14.4,6.9,7.4,8.3,10.1,17.4,16.8,93.9,96.0,95.4,62.1,66.1,66.4,0.0,0.0,0.0,999.9,999.9,999.9,0,6.7,6.0
16585596,0723,86.8,81.1,81.6,55.6,47.7,46.8,873.6,897.6,892.6,22.3,14.5,14.4,7.8,7.4,8.2,12.0,17.4,16.7,102.9,96.0,95.3,66.9,66.1,66.1,0.01,0.0,0.0,999.9,999.9,999.9,0,6.7,6.0
16585596,0723,81.1,81.1,81.6,55.9,47.8,47.1,869.5,897.6,892.6,10.0,14.6,14.4,6.2,7.4,8.1,11.1,17.3,16.6,89.1,96.1,95.2,62.1,66.1,66.4,0.11,0.0,0.0,999.9,999.9,999.9,18,6.7,5.4
16585596,0723,79.3,81.1,81.6,45.2,47.8,47.5,870.0,897.6,892.5,10.0,14.6,14.4,9.3,7.4,8.1,34.0,17.2,16.5,93.9,96.0,94.8,62.1,66.1,66.3,0.11,0.0,0.0,999.9,999.9,999.9,0,6.7,6.0
16585596,0723,86.6,81.0,81.5,54.5,47.7,47.6,869.5,896.9,892.5,10.0,14.6,14.3,3.7,7.4,8.2,15.9,17.3,17.3,99.0,96.1,94.8,75.9,66.0,66.1,0.0,0.0,0.0,999.9,999.9,999.9,0,6.7,5.4
16585596,0723,82.8,81.1,81.4,54.6,47.7,47.9,999.9,896.9,892.4,10.0,14.6,14.3,11.6,7.4,8.0,18.1,17.4,17.2,93.0,96.1,95.1,62.1,66.1,66.5,0.0,0.0,0.0,999.9,999.9,999.9,0,6.6,5.4
16585596,0723,77.5,81.1,81.8,54.1,47.8,48.1,868.1,897.6,896.7,9.8,14.6,14.3,6.5,7.4,8.2,17.1,17.4,17.3,95.0,96.1,95.1,61.0,66.0,66.6,0.0,0.0,0.0,999.9,999.9,999.9,18,6.6,5.4
16585596,0723,83.0,81.1,81.8,33.1,47.7,48.3,872.4,897.6,896.5,22.3,14.6,14.3,5.3,7.4,8.3,11.1,17.4,17.4,95.0,96.1,95.4,66.0,66.0,66.2,0.02,0.0,0.0,999.9,999.9,999.9,0,6.7,5.4
16585596,0723,89.2,81.1,81.8,58.4,47.6,47.9,872.7,897.6,896.5,9.7,14.7,14.7,8.8,7.4,8.1,26.0,17.4,17.1,93.0,96.1,95.6,59.0,66.0,66.2,0.0,0.0,0.0,999.9,999.9,999.9,18,6.6,5.4
16585596,0723,86.8,81.1,82.1,52.0,47.7,48.4,871.0,897.6,896.5,22.3,14.7,14.0,4.7,7.4,8.1,15.9,17.4,17.6,93.0,96.0,95.6,71.1,66.0,65.8,0.0,0.0,0.0,999.9,999.9,999.9,0,6.6,6.0
16585596,0723,79.9,81.1,82.1,55.9,47.7,48.3,999.9,897.6,896.5,30.7,14.7,14.4,8.1,7.3,7.8,15.9,17.4,17.6,102.9,95.9,95.5,70.0,66.0,65.9,0.02,0.0,0.0,999.9,999.9,999.9,18,6.6,6.0
16585596,0723,85.2,81.2,81.9,57.2,47.8,49.0,872.7,898.3,900.8,10.0,14.9,15.1,10.6,7.4,7.8,24.1,17.4,17.7,102.9,96.0,95.5,73.9,66.1,66.2,0.0,0.0,0.0,999.9,999.9,999.9,0,6.6,6.0
16585596,0723,74.2,81.2,81.9,54.5,47.8,49.0,869.5,898.4,900.9,9.7,14.8,15.1,9.5,7.4,7.8,10.1,17.5,18.1,93.9,96.0,95.5,75.9,66.1,66.6,0.0,0.0,0.0,999.9,999.9,999.9,0,6.5,5.4
16585596,0723,78.4,81.2,81.6,36.2,47.9,49.4,872.7,898.3,900.8,10.0,14.8,15.1,6.9,7.4,7.8,11.1,17.5,17.9,89.1,96.0,95.7,62.1,66.2,67.1,0.0,0.0,0.0,999.9,999.9,999.9,18,6.5,5.4
16585596,0723,86.8,81.2,81.2,47.2,47.8,49.4,871.0,898.4,900.9,10.0,14.8,14.7,5.3,7.4,7.7,20.0,17.4,17.6,98.1,96.0,95.3,73.9,66.1,67.0,0.0,0.0,0.0,999.9,999.9,999.9,18,6.5,6.0
16585596,0723,76.4,81.2,81.4,58.4,47.8,49.0,999.9,898.3,900.9,10.0,14.6,14.7,3.7,7.4,7.6,10.1,17.5,17.9,95.0,96.0,95.2,71.1,66.2,67.0,0.0,0.0,0.0,999.9,999.9,999.9,18,6.6,6.6
16585596,0723,77.1,81.2,81.4,49.2,47.8,49.4,872.7,899.0,905.1,10.0,14.6,14.3,7.8,7.3,7.6,15.0,17.4,17.8,104.0,96.0,95.4,54.0,66.3,66.8,0.17,0.0,0.0,999.9,999.9,999.9,18,6.7,7.2
16585596,0723,79.9,81.2,81.4,41.2,47.8,49.3,871.0,899.0,905.2,9.9,14.6,13.8,8.1,7.3,7.6,13.0,17.4,17.8,98.1,96.0,95.4,62.1,66.2,66.5,0.0,0.0,0.0,999.9,999.9,999.9,0,6.8,7.2
16585596,0723,62.0,81.2,81.2,34.9,47.7,49.3,871.5,899.0,900.9,10.0,14.6,13.5,9.6,7.4,7.7,24.3,17.4,17.6,95.0,96.1,95.6,66.2,66.1,66.2,0.02,0.0,0.0,999.9,999.9,999.9,0,6.8,7.2
16585596,0723,83.0,81.0,80.8,54.1,47.6,48.9,999.9,899.0,901.0,41.0,14.6,13.1,10.6,7.4,7.7,8.9,17.5,17.6,98.1,96.0,95.6,72.0,66.2,66.1,0.02,0.0,0.0,999.9,999.9,999.9,0,6.7,6.6
16585596,0723,83.0,81.1,80.9,49.3,47.7,48.8,872.4,899.7,905.2,9.8,14.7,14.1,5.1,7.4,7.8,18.1,17.3,17.1,79.0,96.1,95.8,72.0,66.3,66.5,0.03,0.0,0.0,999.9,999.9,999.9,18,6.6,6.6
16585596,0723,83.0,81.1,81.1,57.2,47.7,48.9,872.4,899.8,905.1,39.8,14.7,14.1,10.6,7.3,7.8,12.0,17.4,17.2,99.0,95.9,95.4,71.1,66.3,66.8,0.0,0.0,0.0,999.9,999.9,999.9,18,6.7,7.2
16585596,0723,81.8,81.1,81.3,33.1,47.7,49.0,872.9,899.1,900.9,10.0,14.9,15.1,10.6,7.4,7.8,8.9,17.4,16.7,93.9,95.9,95.2,66.0,66.3,66.8,0.0,0.0,0.0,999.9,999.9,999.9,18,6.8,7.8
16585596,0723,88.1,81.2,81.5,41.4,47.6,48.6,870.5,899.1,901.0,9.8,14.9,15.1,3.7,7.4,7.8,31.1,17.4,16.4,102.9,96.0,95.0,68.0,66.3,67.1,0.0,0.0,0.0,999.9,999.9,999.9,0,6.9,7.8
16585596,0723,79.3,81.2,81.7,40.5,47.6,48.6,873.5,899.1,901.1,9.8,14.9,15.1,4.7,7.4,7.6,11.1,17.4,16.6,102.9,96.0,95.3,66.0,66.3,67.2,0.0,0.0,0.0,999.9,999.9,999.9,0,6.9,7.8
16585596,0723,76.4,81.2,81.5,49.2,47.6,48.2,999.9,899.1,901.4,22.2,14.9,15.0,4.7,7.4,7.4,11.1,17.4,16.6,99.0,96.0,95.6,63.0,66.3,66.9,0.17,0.0,0.0,999.9,999.9,999.9,0,6.8,7.8
16585596,0723,76.4,81.2,81.5,55.9,47.6,48.4,999.9,899.8,901.4,39.8,15.0,15.4,10.2,7.3,7.4,10.1,17.4,16.5,95.0,96.0,95.9,75.9,66.2,67.0,0.0,0.0,0.0,999.9,999.9,999.9,0,6.8,7.8
16585596,0723,86.6,81.2,81.3,41.4,47.7,48.8,872.4,900.5,905.7,10.0,15.1,15.7,8.2,7.4,7.5,14.0,17.4,16.2,102.0,96.0,95.9,62.1,66.2,67.3,0.0,0.0,0.0,999.9,999.9,999.9,0,6.8,7.8
16585596,0723,81.1,81.2,81.5,57.5,47.6,48.8,870.5,899.8,905.7,9.9,15.1,15.7,8.7,7.4,7.5,15.9,17.3,16.3,95.0,96.1,96.4,71.1,66.2,67.0,0.0,0.0,0.0,999.9,999.9,999.9,0,6.8,7.2
16585596,0723,81.8,81.2,81.3,45.2,47.6,49.3,999.9,899.1,905.7,41.0,15.1,15.7,6.9,7.4,7.5,17.1,17.2,15.8,102.0,96.1,96.3,54.0,66.2,67.0,0.02,0.0,0.0,999.9,999.9,999.9,18,6.8,6.6
16585596,0723,76.8,81.3,81.2,44.6,47.7,48.8,869.0,899.8,905.7,9.7,15.3,16.3,5.1,7.4,7.5,34.0,17.2,15.8,98.1,96.1,96.5,66.9,66.1,66.6,0.0,0.0,0.0,999.9,999.9,999.9,2,6.8,7.2
16585596,0723,88.1,81.3,81.0,40.5,47.7,48.9,999.9,899.1,901.4,10.0,15.3,16.3,6.6,7.4,7.4,26.0,17.3,16.6,95.0,96.1,96.7,71.1,66.1,66.8,0.17,0.0,0.0,999.9,999.9,999.9,48,6.7,7.3
16585596,0723,76.8,81.3,81.1,44.6,47.6,48.4,872.9,899.8,905.6,10.0,15.3,15.9,9.8,7.4,7.4,11.1,17.4,17.0,104.0,96.1,96.4,64.9,66.1,66.9,0.11,0.0,0.0,999.9,999.9,999.9,0,6.9,8.9
16585596,0723,79.9,81.3,80.9,57.5,47.7,48.0,872.4,899.8,905.7,9.8,15.3,15.9,4.7,7.4,7.5,19.0,17.3,17.0,89.1,96.2,96.9,71.1,66.1,67.0,0.0,0.0,0.0,999.9,999.9,999.9,0,6.9,8.3
16585596,0723,87.8,81.3,80.9,57.5,47.7,48.4,873.6,899.1,905.8,10.0,15.3,15.9,11.6,7.4,7.3,13.0,17.4,16.5,99.0,96.1,96.7,57.9,66.1,67.3,0.0,0.0,0.0,999.9,999.9,999.9,2,6.9,8.3
16585596,0723,79.9,81.3,81.0,58.4,47.7,48.5,870.4,899.1,905.9,22.2,15.3,15.9,9.6,7.4,7.6,15.9,17.4,16.4,98.1,96.1,96.7,57.9,66.0,66.7,0.0,0.0,0.0,999.9,999.9,999.9,0,6.9,8.3
16585596,0723,82.8,81.3,80.9,45.2,47.7,48.7,999.9,899.1,901.6,9.7,15.3,16.3,10.2,7.4,7.5,10.1,17.4,16.4,102.0,96.1,96.9,59.0,66.0,66.6,0.0,0.0,0.0,999.9,999.9,999.9,48,6.8,8.3
16585596,0723,86.8,81.3,81.0,54.1,47.7,48.4,873.6,899.8,906.0,22.3,15.3,16.3,5.1,7.4,7.7,15.9,17.3,16.1,98.1,96.2,97.1,61.0,66.0,66.5,0.0,0.0,0.0,999.9,999.9,999.9,18,7.0,9.3
16585596,0723,88.1,81.3,81.2,45.0,47.7,49.1,868.1,899.9,906.0,10.0,15.2,16.3,4.9,7.4,7.7,15.9,17.3,16.3,87.1,96.2,97.2,70.0,65.9,66.3,0.0,0.0,0.0,999.9,999.9,999.9,18,7.1,9.9
16585596,0723,62.0,81.4,81.1,45.2,47.7,48.6,869.0,899.9,905.9,9.9,15.2,16.3,6.6,7.4,7.5,19.0,17.3,16.0,90.0,96.1,97.0,75.0,65.9,66.7,0.17,0.0,0.0,999.9,999.9,999.9,0,7.2,9.9
16585596,0723,82.8,81.3,80.3,45.2,47.8,48.4,872.4,899.8,905.8,10.0,15.2,15.9,5.6,7.4,7.6,15.9,17.3,16.1,102.0,96.0,96.9,73.0,66.0,66.8,0.03,0.0,0.0,999.9,999.9,999.9,0,7.2,9.9
16585596,0723,82.7,81.3,80.4,54.1,47.8,48.0,873.5,899.9,901.5,10.0,15.1,15.2,9.6,7.4,7.5,8.9,17.3,16.1,79.0,96.1,96.9,66.9,66.1,66.9,0.0,0.0,0.0,999.9,999.9,999.9,48,7.2,9.3
16585596,0723,82.8,81.3,80.3,33.1,47.9,47.9,869.5,899.9,901.6,10.0,15.1,15.2,5.6,7.4,7.5,12.0,17.3,15.6,93.9,96.0,96.1,54.0,66.1,66.7,0.11,0.0,0.0,999.9,999.9,999.9,0,7.4,10.9
16585596,0723,62.0,81.3,80.6,41.4,47.7,47.2,869.5,899.2,901.6,9.7,15.0,15.2,9.5,7.4,7.3,24.3,17.2,15.6,93.9,96.0,96.1,62.1,66.1,66.0,0.17,0.0,0.0,999.9,999.9,999.9,0,7.3,10.9
16585596,0723,79.3,81.2,80.1,45.2,47.7,47.4,999.9,898.4,901.5,14.9,14.9,15.2,10.4,7.4,7.4,15.9,17.3,16.1,95.0,96.0,96.3,66.0,66.1,66.0,0.0,0.0,0.0,999.9,999.9,999.9,0,7.2,10.3
16585596,0723,82.3,81.1,79.8,41.4,47.7,47.3,872.9,898.4,905.8,10.0,14.9,15.4,6.6,7.4,7.6,15.9,17.3,15.9,99.0,96.0,96.2,62.1,66.0,65.7,0.0,0.0,0.0,999.9,999.9,999.9,0,7.1,9.7
16585596,0723,89.2,81.2,80.0,54.5,47.6,46.8,871.0,898.5,901.5,30.7,14.9,15.4,5.6,7.4,7.7,19.0,17.3,16.1,95.0,96.0,96.3,61.0,66.0,65.4,0.0,0.0,0.0,999.9,999.9,999.9,18,7.1,9.1
16585596,0723,77.1,81.2,80.4,55.9,47.7,46.9,871.5,898.5,901.5,10.0,15.1,16.1,7.8,7.4,7.6,19.0,17.3,16.2,98.1,95.9,96.0,68.0,65.9,65.6,0.0,0.0,0.0,999.9,999.9,999.9,0,7.1,9.1
16585596,0723,83.0,81.2,80.3,57.5,47.8,47.4,875.8,898.5,901.5,9.9,15.0,16.1,6.6,7.4,7.6,19.0,17.3,16.4,91.9,96.0,96.0,73.9,65.9,65.8,0.0,0.0,0.0,999.9,999.9,999.9,18,7.0,9.1
16585596,0723,82.7,81.2,81.0,33.1,47.8,48.2,873.5,897.8,901.6,9.8,15.0,16.1,10.2,7.4,7.5,8.9,17.3,16.3,99.0,95.9,95.9,64.9,66.0,66.1,0.0,0.0,0.0,999.9,999.9,999.9,0,7.0,9.7
16585596,0723,76.7,81.2,81.0,49.3,47.8,47.5,999.9,897.8,897.4,22.3,15.0,15.0,3.7,7.4,7.5,22.0,17.1,16.3,99.0,96.0,95.9,66.0,66.0,65.9,0.0,0.0,0.0,999.9,999.9,999.9,0,7.0,9.7
16585596,0723,87.8,81.2,80.8,45.2,47.9,47.5,999.9,898.5,901.7,39.8,15.1,15.4,9.9,7.4,7.5,18.1,17.2,16.4,90.0,96.0,96.6,71.1,65.9,65.7,0.0,0.0,0.0,999.9,999.9,999.9,18,7.0,9.1
16585596,0723,87.8,81.2,81.0,39.9,47.8,47.1,875.8,898.5,905.9,13.5,15.3,15.4,10.4,7.4,7.4,8.9,17.2,16.6,99.0,96.0,96.3,75.9,66.0,65.7,0.0,0.0,0.0,999.9,999.9,999.9,18,7.1,9.1
16585596,0723,69.7,81.2,81.2,49.3,47.8,47.3,868.1,898.6,906.0,10.0,15.3,15.6,3.7,7.4,7.4,31.1,17.2,16.6,91.9,96.0,96.5,66.0,66.0,66.0,0.02,0.0,0.0,999.9,999.9,999.9,18,7.2,9.1
16585596,0723,78.3,81.1,80.5,57.5,47.7,47.6,870.4,898.5,905.9,9.9,15.3,15.6,6.4,7.4,7.4,15.9,17.2,16.6,87.1,95.9,96.1,73.0,66.0,65.9,0.0,0.0,0.0,999.9,999.9,999.9,18,7.3,9.7
16585596,0723,88.1,81.1,80.5,52.0,47.8,48.1,869.0,898.5,905.8,10.0,15.3,15.6,8.7,7.4,7.5,17.1,17.2,16.8,95.0,95.9,95.6,66.0,66.0,66.2,0.0,0.0,0.0,999.9,999.9,999.9,0,7.4,10.3
16585596,0723,88.8,81.2,80.9,48.9,47.9,48.2,872.4,897.8,901.5,14.9,15.1,15.2,6.2,7.4,7.6,11.1,17.2,17.0,95.0,95.9,95.4,68.0,66.0,66.3,0.0,0.0,0.0,999.9,999.9,999.9,0,7.4,10.3
16585596,0723,86.6,81.3,81.3,49.2,47.8,48.0,869.5,897.1,897.2,9.7,15.1,14.3,8.1,7.4,7.5,10.1,17.2,17.0,95.0,95.8,95.4,66.0,66.1,66.0,0.15,0.0,0.0,999.9,999.9,999.9,0,7.4,10.3
16585596,0723,69.7,81.4,81.3,54.5,47.9,48.3,872.4,897.1,897.1,9.9,14.9,14.3,8.8,7.4,7.5,11.1,17.2,16.9,99.0,95.8,95.2,54.0,66.0,66.1,0.0,0.0,0.0,999.9,999.9,999.9,0,7.4,10.3
16585596,0723,76.4,81.3,80.9,45.0,47.9,48.2,872.4,897.1,897.2,10.0,14.9,14.3,5.6,7.4,7.5,14.0,17.2,16.7,90.0,95.9,95.3,62.1,66.0,65.6,0.0,0.0,0.0,999.9,999.9,999.9,16,7.3,10.3
16585596,0723,79.3,81.2,80.8,45.0,47.9,48.2,872.4,897.1,892.9,9.7,14.9,13.3,10.4,7.4,7.4,15.9,17.1,16.6,98.1,95.8,94.9,73.9,66.0,65.8,0.0,0.0,0.0,999.9,999.9,999.9,0,7.3,10.3
16585596,0723,88.8,81.2,80.8,37.5,47.8,48.2,999.9,897.1,893.1,10.0,14.9,13.3,7.8,7.5,7.6,10.1,17.2,16.0,104.0,95.9,94.9,71.1,66.0,66.1,0.0,0.0,0.0,999.9,999.9,999.9,0,7.3,10.2
16585596,0723,83.0,81.3,80.9,48.9,47.9,48.1,999.9,897.8,893.1,9.8,14.9,13.3,6.3,7.4,7.7,19.0,17.2,15.5,91.9,95.9,95.2,63.0,66.0,66.1,0.0,0.0,0.0,999.9,999.9,999.9,0,7.2,8.6
16585596,0723,77.5,81.3,81.1,45.2,47.9,48.2,872.9,898.5,897.3,41.0,14.9,13.3,9.9,7.4,7.5,14.0,17.2,15.7,102.0,95.9,94.8,66.9,65.9,66.0,0.0,0.0,0.0,999.9,999.9,999.9,0,7.1,8.6
16585596,0723,85.2,81.3,81.0,41.4,47.9,47.8,869.0,898.5,897.3,9.9,15.1,14.3,6.6,7.4,7.7,14.0,17.2,15.6,102.9,96.0,95.3,64.9,65.9,65.9,0.0,0.0,0.0,999.9,999.9,999.9,0,7.1,8.6
16585596,0723,89.2,81.3,80.9,36.2,47.9,47.3,873.6,898.5,897.1,10.0,14.9,14.3,8.7,7.4,7.5,11.1,17.2,15.6,90.0,96.0,95.4,54.0,65.9,66.1,0.0,0.0,0.0,999.9,999.9,999.9,16,7.1,8.5
16585596,0723,77.1,81.3,81.2,54.6,47.8,46.5,873.6,898.5,897.3,10.0,14.9,13.9,10.2,7.4,7.5,15.9,17.2,15.4,102.9,96.0,95.1,66.0,65.9,66.0,0.0,0.0,0.0,999.9,999.9,999.9,18,7.2,9.1
16585596,0723,81.1,81.2,81.0,45.0,47.8,46.8,869.5,898.6,893.0,10.0,14.8,13.9,10.2,7.4,7.5,22.0,17.2,15.6,79.0,96.0,95.2,75.0,65.9,66.2,0.0,0.0,0.0,999.9,999.9,999.9,18,7.3,8.1
16585596,0723,74.2,81.3,80.8,54.6,47.8,46.5,872.9,898.5,892.9,9.9,14.8,13.5,6.9,7.5,7.7,22.0,17.2,15.8,102.9,96.0,94.5,63.0,65.9,66.7,0.14,0.0,0.0,999.9,999.9,999.9,0,7.3,8.1
16585596,0723,80.3,81.2,80.4,44.1,47.8,46.9,869.5,898.5,893.1,10.0,14.8,13.5,6.9,7.5,7.8,15.0,17.2,16.0,90.0,96.0,95.1,73.9,65.8,66.4,0.14,0.0,0.0,999.9,999.9,999.9,0,7.3,7.5
16585596,0723,81.8,81.2,81.0,58.4,47.8,46.8,870.0,897.8,893.1,10.0,14.8,13.5,6.2,7.5,7.8,19.0,17.2,15.9,95.0,96.0,95.0,68.0,65.9,66.4,0.01,0.0,0.0,999.9,999.9,999.9,16,7.3,7.5
16585596,0723,79.3,81.1,81.0,58.4,47.8,47.3,872.4,897.8,893.0,10.0,14.7,13.5,11.6,7.5,7.8,15.9,17.2,16.0,99.0,95.9,94.8,71.1,66.0,66.2,0.0,0.0,0.0,999.9,999.9,999.9,18,7.3,8.0
16585596,0723,89.6,81.2,80.8,50.2,47.9,47.4,873.5,897.8,893.0,9.9,14.7,13.5,8.8,7.5,7.8,22.0,17.2,16.2,93.0,96.0,95.5,61.0,66.0,66.4,0.0,0.0,0.0,999.9,999.9,999.9,0,7.3,7.0
16585596,0723,88.8,81.2,81.1,54.5,47.9,48.0,869.6,897.8,893.1,10.0,14.6,13.5,5.1,7.5,8.0,19.0,17.3,16.6,93.9,96.1,95.5,57.0,66.0,66.6,0.0,0.0,0.0,999.9,999.9,999.9,0,7.3,7.0
16585596,0723,80.9,81.3,82.0,39.9,47.9,48.4,873.0,897.8,893.1,20.3,14.6,13.5,5.3,7.5,7.8,11.1,17.2,16.4,98.1,96.1,95.5,73.9,66.0,66.4,0.0,0.0,0.0,999.9,999.9,999.9,18,7.3,7.0
16585596,0723,82.3,81.2,82.0,39.9,47.9,48.2,999.9,897.8,888.9,9.7,14.7,13.7,6.9,7.5,7.6,10.1,17.2,16.2,99.0,96.1,95.6,61.0,66.0,66.7,0.0,0.0,0.0,999.9,999.9,999.9,0,7.4,7.6
16585596,0723,76.4,81.3,82.0,45.2,47.9,48.2,872.4,898.5,893.1,9.9,14.7,13.7,10.2,7.5,7.6,19.0,17.1,16.0,102.9,96.0,95.6,72.0,66.0,66.7,0.0,0.0,0.0,999.9,999.9,999.9,0,7.3,7.6
16585596,0723,86.6,81.2,81.6,54.1,47.9,47.9,869.5,898.5,893.2,10.0,14.7,13.0,3.7,7.5,7.8,24.3,17.1,16.0,102.0,96.1,95.8,62.1,66.0,67.0,0.0,0.0,0.0,999.9,999.9,999.9,0,7.2,7.0
16585596,0723,76.8,81.3,81.9,54.6,47.9,47.8,872.4,898.5,893.1,10.0,14.5,13.0,5.3,7.5,7.7,34.0,17.2,16.2,95.0,96.1,96.0,73.9,66.0,66.8,0.0,0.0,0.0,999.9,999.9,999.9,0,7.2,7.0
16585596,0723,89.2,81.3,81.7,55.9,48.0,47.7,866.4,898.5,893.0,20.3,14.5,13.0,10.4,7.5,7.6,15.9,17.3,16.7,93.9,96.1,96.1,63.0,66.0,66.8,0.03,0.0,0.0,999.9,999.9,999.9,18,7.2,6.4
16585596,0723,81.8,81.4,81.9,49.3,48.0,48.5,871.4,898.5,892.7,22.2,14.5,13.3,10.2,7.5,7.6,15.9,17.3,17.0,93.9,96.2,95.9,66.2,66.0,66.8,0.17,0.0,0.0,999.9,999.9,999.9,18,7.3,7.0
16585596,0723,82.8,81.4,82.1,40.5,47.9,48.5,875.8,898.5,888.5,39.8,14.6,13.3,10.1,7.5,7.8,15.0,17.3,16.8,104.0,96.1,95.7,62.1,66.1,66.8,0.0,0.0,0.0,999.9,999.9,999.9,0,7.4,7.6
16585596,0723,77.5,81.4,81.9,52.0,47.9,48.3,871.4,898.5,884.3,39.8,14.6,13.3,9.3,7.5,7.9,8.9,17.2,16.6,95.0,96.1,96.2,73.0,66.0,66.5,0.0,0.0,0.0,999.9,999.9,999.9,0,7.4,7.0
16585596,0723,82.8,81.5,81.6,49.3,47.9,48.7,869.5,898.5,884.2,22.2,14.7,14.2,6.5,7.5,7.8,24.1,17.2,16.6,98.1,96.1,96.0,63.0,66.0,66.4,0.02,0.0,0.0,999.9,999.9,999.9,18,7.4,6.4
16585596,0723,80.7,81.5,82.0,54.6,47.9,48.7,873.0,898.5,884.2,41.0,14.8,14.6,9.6,7.5,7.9,24.1,17.2,16.4,95.0,96.1,96.3,66.9,66.0,66.3,0.02,0.0,0.0,999.9,999.9,999.9,0,7.4,6.4
16585596,0723,74.2,81.5,82.1,40.5,48.0,48.6,999.9,897.8,884.3,14.9,14.8,15.7,5.6,7.5,8.0,8.9,17.3,16.7,104.0,96.1,96.5,72.0,66.0,66.1,0.0,0.0,0.0,999.9,999.9,999.9,0,7.4,5.8
16585596,0723,89.2,81.4,81.6,33.1,48.0,48.2,872.4,898.5,888.7,22.2,14.8,15.8,8.7,7.5,7.9,18.1,17.3,16.4,102.9,96.2,96.8,62.1,66.1,66.3,0.0,0.0,0.0,999.9,999.9,999.9,0,7.3,5.8
16585596,0723,76.4,81.4,81.6,54.6,47.9,47.7,866.4,897.8,888.7,14.9,14.9,16.1,6.9,7.5,8.0,18.1,17.2,16.7,99.0,96.2,97.1,54.0,66.1,66.1,0.0,0.0,0.0,999.9,999.9,999.9,0,7.3,5.8
16585596,0723,82.7,81.4,81.3,45.2,47.9,47.9,873.6,897.8,888.6,10.0,14.9,16.2,10.1,7.5,8.0,19.0,17.2,16.9,102.0,96.2,97.2,62.1,66.0,65.7,0.03,0.0,0.0,999.9,999.9,999.9,0,7.3,5.8
16585596,0723,76.8,81.4,81.7,33.1,47.9,47.6,999.9,897.1,888.6,9.9,14.9,16.2,10.1,7.5,8.0,15.9,17.2,17.2,95.0,96.3,97.3,66.9,66.0,65.9,0.0,0.0,0.0,999.9,999.9,999.9,0,7.3,5.8
16585596,0723,77.5,81.4,81.7,46.5,47.9,47.2,999.9,897.1,892.9,10.0,14.9,16.2,4.9,7.5,8.1,26.0,17.2,17.2,93.9,96.2,97.5,71.1,66.0,66.1,0.02,0.0,0.0,999.9,999.9,999.9,0,7.3,5.3
16585596,0723,78.3,81.4,81.7,52.0,47.9,47.2,873.1,897.8,897.1,30.7,14.9,16.3,9.5,7.5,8.0,10.1,17.1,17.6,95.0,96.2,97.3,66.9,66.0,66.0,0.0,0.0,0.0,999.9,999.9,999.9,18,7.3,5.3
16585596,0723,62.0,81.4,81.3,46.5,47.8,47.7,871.0,897.8,892.9,9.9,15.1,16.9,9.5,7.5,8.0,15.0,17.1,17.6,99.0,96.2,97.0,70.0,66.0,65.9,0.0,0.0,0.0,999.9,999.9,999.9,0,7.3,5.9
16585596,0723,76.7,81.2,80.6,52.0,47.9,47.6,999.9,897.8,888.6,10.0,15.1,16.9,9.8,7.6,8.1,13.0,17.0,17.4,95.0,96.2,97.3,64.9,66.0,66.1,0.0,0.0,0.0,999.9,999.9,999.9,0,7.3,5.9
16585596,0723,77.5,81.2,80.6,54.1,47.8,47.9,999.9,898.5,892.8,10.0,15.0,15.9,8.7,7.6,8.1,15.0,17.0,17.4,102.9,96.2,97.0,71.1,66.0,66.0,0.0,0.0,0.0,999.9,999.9,999.9,18,7.3,5.9
16585596,0723,88.1,81.1,80.3,45.2,48.0,48.3,869.7,899.2,897.2,10.0,14.9,15.9,9.5,7.6,8.2,11.1,16.9,17.4,104.0,96.3,97.0,72.0,66.0,66.2,0.0,0.0,0.0,999.9,999.9,999.9,18,7.4,6.5
16585596,0723,86.6,81.2,80.3,33.1,48.0,48.6,875.8,899.2,897.0,9.9,14.9,15.9,9.8,7.6,8.2,11.1,16.9,17.4,102.0,96.3,97.5,57.9,66.1,66.8,0.0,0.0,0.0,999.9,999.9,999.9,18,7.4,6.5
16585596,0723,76.4,81.2,80.6,49.2,47.9,47.9,873.0,898.5,897.1,10.0,14.9,15.9,10.2,7.6,8.2,26.0,16.9,17.3,99.0,96.3,97.5,57.9,66.0,66.6,0.0,0.0,0.0,999.9,999.9,999.9,18,7.5,6.5
16585596,0723,86.8,81.1,80.5,55.6,47.9,48.0,873.5,898.5,897.2,10.0,14.9,15.9,8.2,7.6,8.2,10.1,17.0,17.4,93.0,96.3,98.1,57.0,66.0,66.0,0.0,0.0,0.0,999.9,999.9,999.9,18,7.6,6.5
16585596,0723,74.2,81.1,80.9,46.5,48.0,48.1,999.9,897.8,897.3,13.5,14.9,15.9,6.3,7.6,8.3,24.1,17.0,17.0,99.0,96.3,97.8,61.0,65.9,65.8,0.33,0.0,0.0,999.9,999.9,999.9,0,7.6,7.1
16585596,0723,86.8,81.1,80.7,37.5,48.1,48.1,871.5,897.8,901.6,9.9,14.9,16.0,9.3,7.6,8.2,14.0,17.1,17.3,102.9,96.3,98.1,61.0,65.9,65.4,0.03,0.0,0.0,999.9,999.9,999.9,2,7.6,7.1
16585596,0723,89.6,81.1,80.9,44.1,48.1,47.4,999.9,897.8,901.7,13.5,14.9,16.0,9.5,7.6,8.3,14.0,17.0,17.2,98.1,96.4,98.4,73.9,65.9,65.1,0.0,0.0,0.0,999.9,999.9,999.9,18,7.5,6.7
16585596,0723,85.4,81.2,81.2,45.2,48.0,47.0,872.9,897.8,905.9,22.2,14.7,16.1,11.6,7.6,8.3,13.0,17.0,17.1,93.9,96.4,98.3,66.9,65.9,65.2,0.11,0.0,0.0,999.9,999.9,999.9,18,7.6,6.7
16585596,0723,79.9,81.2,81.1,39.9,48.0,46.8,873.6,897.8,905.9,22.2,14.6,16.6,3.7,7.7,8.4,15.0,16.9,16.8,95.0,96.4,98.4,61.0,65.9,65.4,0.03,0.0,0.0,999.9,999.9,999.9,0,7.6,7.3
16585596,0723,83.0,81.2,80.8,37.5,48.0,46.3,873.6,897.1,906.0,10.0,14.6,17.0,5.1,7.7,8.3,11.1,16.8,16.7,104.0,96.3,98.4,57.0,65.9,65.6,0.0,0.0,0.0,999.9,999.9,999.9,18,7.5,7.3
16585596,0723,89.6,81.2,80.8,33.1,47.9,46.2,999.9,896.4,906.0,10.0,14.6,16.6,6.3,7.6,8.3,15.9,16.8,16.7,88.7,96.3,98.6,54.0,65.9,65.0,0.0,0.0,0.0,999.9,999.9,999.9,0,7.6,7.3
16585596,0723,80.3,81.3,81.1,45.0,47.7,46.0,872.9,897.1,906.0,9.9,14.6,16.6,6.2,7.6,8.3,14.0,16.8,16.9,95.0,96.2,98.3,54.0,65.8,64.8,0.17,0.0,0.0,999.9,999.9,999.9,18,7.6,7.3
16585596,0723,76.4,81.2,81.2,45.2,47.8,46.0,868.1,897.1,906.1,10.0,14.6,16.6,4.9,7.6,8.2,18.1,16.7,16.7,93.9,96.3,98.0,63.0,65.7,64.2,0.0,0.0,0.0,999.9,999.9,999.9,18,7.6,7.9
16585596,0723,79.9,81.2,80.9,40.5,47.8,45.7,871.0,897.1,906.0,10.0,14.6,16.6,10.2,7.6,8.2,22.0,16.7,16.5,99.0,96.2,97.7,66.0,65.7,64.2,0.0,0.0,0.0,999.9,999.9,999.9,0,7.7,8.5
16585596,0723,76.4,81.1,81.0,49.2,47.8,45.2,872.4,897.1,906.0,9.8,14.6,16.6,6.6,7.6,8.4,18.1,16.7,16.1,102.9,96.2,97.9,61.0,65.7,63.9,0.0,0.0,0.0,999.9,999.9,999.9,0,7.7,8.5
16585596,0723,86.6,81.2,80.5,44.1,47.8,45.0,875.8,896.4,906.2,39.8,14.6,16.3,9.3,7.6,8.2,8.9,16.7,16.2,93.9,96.3,98.2,66.9,65.7,63.9,0.0,0.0,0.0,999.9,999.9,999.9,18,7.7,7.9
16585596,0723,82.8,81.1,80.7,46.5,47.8,44.8,873.6,896.4,906.3,9.8,14.6,16.9,10.4,7.7,8.2,10.1,16.7,15.9,89.1,96.3,98.2,71.1,65.7,63.9,0.0,0.0,0.0,999.9,999.9,999.9,0,7.8,7.9
16585596,0723,82.8,81.1,80.7,49.2,47.8,45.0,872.7,896.4,906.2,10.0,14.6,15.9,6.2,7.7,8.2,11.1,16.7,15.8,93.9,96.2,97.7,70.0,65.7,64.2,0.02,0.0,0.0,999.9,999.9,999.9,18,7.7,7.9
16585596,0723,82.3,81.1,80.9,36.2,47.8,44.9,872.4,896.4,906.3,10.0,14.6,14.9,9.5,7.7,8.1,18.1,16.7,15.8,93.0,96.2,97.6,71.1,65.8,64.1,0.0,0.0,0.0,999.9,999.9,999.9,0,7.8,8.5
16585596,0723,86.6,81.1,80.9,46.5,47.7,44.5,869.5,896.4,906.4,20.3,14.6,14.5,6.2,7.7,8.2,13.0,16.7,15.6,95.0,96.2,97.5,61.0,65.8,64.4,0.17,0.0,0.0,999.9,999.9,999.9,2,7.8,7.9
16585596,0723,89.6,81.2,81.1,50.9,47.6,44.2,872.4,896.4,906.3,13.5,14.6,13.8,9.3,7.7,8.1,14.0,16.6,15.3,95.0,96.2,97.5,62.2,65.7,64.2,0.0,0.0,0.0,999.9,999.9,999.9,0,7.8,7.9
16585596,0723,81.1,81.2,81.6,54.6,47.7,44.6,873.0,896.4,902.0,10.0,14.6,13.7,8.1,7.7,8.2,19.0,16.5,15.4,99.0,96.2,97.2,61.0,65.6,63.8,0.33,0.0,0.0,999.9,999.9,999.9,0,7.8,7.9
16585596,0723,80.3,81.2,81.3,49.2,47.7,45.3,873.0,895.7,902.0,30.7,14.6,13.3,5.6,7.7,8.2,15.0,16.6,15.5,95.0,96.2,97.0,68.0,65.6,63.8,0.33,0.0,0.0,999.9,999.9,999.9,16,7.7,7.9
16585596,0723,82.3,81.2,81.4,54.5,47.7,45.1,869.6,895.8,902.2,22.3,14.8,13.9,8.2,7.7,8.2,18.1,16.6,15.4,93.0,96.2,96.9,70.0,65.6,64.3,0.0,0.0,0.1,999.9,999.9,999.9,0,7.7,8.5
16585596,0723,82.8,81.2,81.4,36.2,47.7,45.4,872.4,895.7,902.1,10.0,14.8,14.3,6.6,7.7,8.1,22.0,16.6,15.3,91.9,96.2,96.6,73.0,65.6,64.5,0.0,0.0,0.1,999.9,999.9,999.9,0,7.7,8.5
16585596,0723,69.7,81.3,81.6,41.2,47.7,45.5,872.4,895.8,897.9,10.0,14.8,14.3,7.8,7.7,8.0,12.0,16.7,15.5,102.0,96.2,96.5,66.2,65.7,64.7,0.0,0.0,0.1,999.9,999.9,999.9,0,7.7,8.5
16585596,0723,89.2,81.2,81.4,54.1,47.6,45.4,873.1,895.0,893.6,10.0,14.8,14.3,10.4,7.7,8.1,24.3,16.6,15.1,102.9,96.3,96.8,62.1,65.6,64.6,0.0,0.0,0.1,999.9,999.9,999.9,0,7.7,8.5
16585596,0723,83.0,81.2,81.7,58.4,47.6,45.4,868.1,895.0,893.6,41.0,14.8,13.6,4.7,7.7,8.1,10.1,16.7,15.5,104.0,96.3,97.0,66.0,65.6,64.4,0.0,0.0,0.1,999.9,999.9,999.9,18,7.7,7.9
16585596,0723,81.1,81.3,82.4,44.6,47.6,45.8,875.8,895.1,893.5,10.0,14.9,14.6,5.6,7.7,7.9,26.0,16.7,15.4,104.0,96.3,97.2,62.1,65.6,64.3,0.0,0.0,0.1,999.9,999.9,999.9,18,7.8,8.5
16585596,0723,79.9,81.4,82.6,39.9,47.6,45.6,871.0,895.1,889.4,10.0,14.8,14.6,6.5,7.7,7.8,24.3,16.7,15.8,90.0,96.3,97.5,70.0,65.6,64.2,0.17,0.0,0.1,999.9,999.9,999.9,0,7.8,9.1
16585596,0723,83.0,81.4,82.6,41.6,47.5,45.1,869.6,895.1,885.1,30.7,14.8,14.6,6.9,7.6,7.7,14.0,16.8,16.1,88.7,96.3,97.1,66.9,65.7,64.1,0.0,0.0,0.1,999.9,999.9,999.9,0,7.8,8.5
16585596,0723,82.7,81.4,82.5,33.1,47.4,45.0,999.9,895.1,885.1,41.0,14.7,15.3,10.2,7.6,7.6,13.0,16.8,16.2,88.7,96.2,96.6,75.9,65.7,64.0,0.14,0.0,0.1,999.9,999.9,999.9,18,7.8,7.9
16585596,0723,79.9,81.4,82.3,47.2,47.3,45.0,873.0,895.8,889.2,9.9,14.9,16.3,5.6,7.7,7.7,34.0,16.8,16.3,93.9,96.2,96.1,57.0,65.7,64.6,0.0,0.0,0.1,999.9,999.9,999.9,18,7.8,7.9
16585596,0723,78.3,81.4,82.5,33.1,47.2,44.9,866.4,895.8,889.2,30.7,14.9,16.3,5.6,7.7,7.5,14.0,16.8,16.5,88.7,96.2,95.9,54.0,65.7,64.5,0.14,0.0,0.1,999.9,999.9,999.9,18,7.9,7.9
16585596,0723,82.7,81.3,82.2,44.1,47.2,44.2,869.5,895.1,889.0,10.0,14.9,17.0,9.6,7.7,7.4,15.0,16.8,16.7,91.9,96.1,95.8,68.0,65.6,64.4,0.17,0.0,0.1,999.9,999.9,999.9,18,8.0,7.9
16585596,0723,77.1,81.3,82.5,55.9,47.1,44.1,999.9,895.0,884.6,9.9,14.9,16.9,10.2,7.7,7.5,14.0,16.8,16.4,93.0,96.1,95.6,61.0,65.6,64.7,0.0,0.0,0.1,999.9,999.9,999.9,0,8.0,8.5
16585596,0723,83.0,81.3,82.1,57.2,47.1,44.7,999.9,895.8,888.9,10.0,14.9,16.9,10.2,7.7,7.6,11.1,16.8,16.4,90.0,96.1,95.2,66.0,65.6,64.7,0.0,0.0,0.1,999.9,999.9,999.9,18,7.9,8.4
16585596,0723,86.6,81.3,81.9,57.5,47.2,45.1,869.0,896.5,888.9,9.7,14.9,16.8,6.2,7.7,7.6,8.9,16.8,16.3,102.9,96.1,95.0,73.9,65.7,64.4,0.0,0.0,0.1,999.9,999.9,999.9,0,7.9,8.4
16585596,0723,89.6,81.4,82.0,49.3,47.2,45.5,875.8,895.7,888.8,10.0,14.8,16.4,6.6,7.7,7.4,18.1,16.7,16.1,79.0,96.1,95.3,71.1,65.7,64.6,0.17,0.0,0.1,999.9,999.9,999.9,0,7.8,7.8
16585596,0723,86.6,81.5,82.3,34.9,47.2,45.9,999.9,895.1,888.9,20.3,14.8,16.0,10.1,7.7,7.5,18.1,16.8,16.2,104.0,96.1,94.7,71.1,65.7,65.0,0.0,0.0,0.1,999.9,999.9,999.9,0,7.7,7.8
16585596,0723,80.7,81.5,82.4,55.9,47.1,45.8,869.5,895.8,893.1,10.0,14.8,16.3,9.3,7.7,7.7,10.1,16.7,16.5,95.0,96.1,94.7,66.9,65.8,65.5,0.0,0.0,0.1,999.9,999.9,999.9,48,7.7,7.2
16585596,0723,80.3,81.4,82.1,44.1,47.1,46.5,999.9,895.8,888.7,10.0,14.8,16.3,6.3,7.7,7.8,11.1,16.6,16.3,102.0,96.1,94.9,72.0,65.8,65.9,0.0,0.0,0.1,999.9,999.9,999.9,18,7.8,8.8
16585596,0723,81.8,81.4,82.1,47.2,47.1,46.5,870.0,895.8,893.0,9.8,14.8,16.3,4.7,7.8,7.8,18.1,16.6,16.2,99.0,96.2,95.2,71.1,65.9,66.5,0.15,0.0,0.1,999.9,999.9,999.9,0,7.9,8.8
16585596,0723,85.4,81.4,82.3,57.2,47.1,46.6,869.6,895.8,893.0,10.0,14.8,16.3,5.1,7.8,7.8,18.1,16.5,16.2,93.0,96.2,95.3,62.1,65.9,66.8,0.33,0.0,0.1,999.9,999.9,999.9,18,7.9,8.2
16585596,0723,86.6,81.4,82.5,55.6,47.1,47.1,872.4,895.8,893.0,9.9,14.7,16.3,6.9,7.8,7.6,12.0,16.5,16.1,95.0,96.2,95.1,61.0,65.8,66.6,0.0,0.0,0.1,999.9,999.9,999.9,0,8.0,8.8
16585596,0723,88.8,81.4,82.8,40.5,47.2,47.3,870.5,895.8,893.0,10.0,14.7,16.3,10.1,7.8,7.6,19.0,16.5,15.9,79.0,96.2,94.9,66.0,65.8,66.6,0.0,0.0,0.1,999.9,999.9,999.9,0,7.9,8.8
16585596,0723,69.7,81.5,82.9,47.1,47.2,47.2,870.0,895.7,892.8,10.0,14.7,15.3,3.7,7.8,7.6,19.0,16.5,16.2,98.1,96.1,94.4,62.1,65.8,66.6,0.0,0.0,0.1,999.9,999.9,999.9,0,7.9,8.2
16585596,0723,78.3,81.5,82.5,48.9,47.2,47.2,873.6,895.7,892.7,22.2,14.7,15.3,6.2,7.8,7.4,18.1,16.5,16.5,93.9,96.1,94.7,73.9,65.8,66.3,0.01,0.0,0.1,999.9,999.9,999.9,0,7.8,8.2
16585596,0723,77.1,81.5,82.3,41.6,47.3,47.2,869.6,895.8,892.7,9.7,14.8,15.7,4.7,7.7,7.4,10.1,16.5,16.7,102.9,96.1,94.7,72.0,65.9,66.4,0.33,0.0,0.1,999.9,999.9,999.9,18,7.7,7.6
16585596,0723,83.0,81.4,82.1,47.1,47.2,47.4,999.9,895.8,892.6,10.0,14.8,15.7,6.4,7.7,7.2,15.9,16.5,16.5,93.0,96.1,95.0,66.0,65.9,66.5,0.0,0.0,0.1,999.9,999.9,999.9,0,7.8,8.2
16585596,0723,82.8,81.6,82.0,40.5,47.3,47.4,872.4,895.8,897.0,41.0,14.8,15.4,8.7,7.7,7.2,26.0,16.5,16.6,99.0,96.1,95.0,66.0,66.0,66.6,0.0,0.0,0.1,999.9,999.9,999.9,0,7.8,8.1
16585596,0723,82.8,81.6,81.8,46.5,47.3,47.1,871.0,895.8,897.0,41.0,15.0,16.3,3.7,7.7,7.2,24.3,16.5,17.0,102.9,96.1,95.1,71.1,66.0,66.7,0.0,0.0,0.1,999.9,999.9,999.9,18,7.8,8.1
16585596,0723,80.3,81.6,81.8,45.2,47.3,46.8,875.8,895.8,896.9,10.0,15.1,17.3,5.6,7.7,7.1,15.9,16.5,17.1,102.0,96.1,95.2,62.1,66.1,67.1,0.0,0.0,0.1,999.9,999.9,999.9,0,7.8,8.7
16585596,0723,76.8,81.5,81.8,34.9,47.3,46.7,872.4,895.8,897.0,9.9,15.1,16.6,6.3,7.7,7.1,10.1,16.5,17.2,95.0,96.1,95.4,73.9,66.0,66.9,0.0,0.0,0.1,999.9,999.9,999.9,0,7.8,8.2
16585596,0723,80.9,81.5,81.7,47.2,47.2,46.0,999.9,895.8,897.1,20.3,15.1,16.2,9.3,7.7,7.0,24.1,16.4,16.9,104.0,96.1,95.5,66.0,66.1,67.0,0.02,0.0,0.1,999.9,999.9,999.9,0,7.6,8.2
16585596,0723,82.7,81.4,81.6,44.6,47.2,46.4,869.5,896.5,901.3,9.8,15.2,16.6,6.5,7.7,7.1,24.3,16.5,17.0,104.0,96.1,95.9,75.0,66.1,66.8,0.17,0.0,0.1,999.9,999.9,999.9,18,7.6,8.2
16585596,0723,81.1,81.4,82.0,54.5,47.2,46.5,869.6,896.5,901.2,10.0,15.2,16.6,6.3,7.7,7.1,10.1,16.5,17.4,99.0,96.2,96.0,71.1,66.1,67.1,0.0,0.0,0.1,999.9,999.9,999.9,18,7.7,8.8
16585596,0723,79.9,81.4,81.8,40.5,47.2,46.5,875.8,896.5,901.1,9.7,15.1,16.6,10.2,7.7,6.9,14.0,16.5,16.9,102.9,96.1,95.9,66.0,66.2,67.4,0.02,0.0,0.1,999.9,999.9,999.9,0,7.7,9.4
16585596,0723,82.3,81.4,81.7,55.9,47.2,45.9,873.0,896.5,901.4,9.9,15.1,15.5,10.6,7.7,7.1,15.9,16.5,17.0,95.0,96.1,95.8,62.1,66.2,67.4,0.0,0.0,0.1,999.9,999.9,999.9,0,7.7,8.8
16585596,0723,87.8,81.4,81.7,37.5,47.3,46.3,872.4,896.5,901.3,9.9,15.1,15.5,7.8,7.7,7.3,13.0,16.6,16.7,93.9,96.1,95.5,64.9,66.2,67.4,0.0,0.0,0.1,999.9,999.9,999.9,0,7.6,8.2
16585596,0723,76.8,81.4,82.0,45.2,47.2,46.2,872.4,896.5,901.3,10.0,15.1,15.5,9.8,7.7,7.3,13.0,16.5,16.3,93.9,96.2,95.6,57.0,66.1,67.2,0.0,0.0,0.1,999.9,999.9,999.9,18,7.6,8.2
16585596,0723,83.0,81.4,81.7,47.1,47.2,46.3,870.4,896.5,901.4,10.0,15.1,14.8,8.2,7.8,7.4,18.1,16.5,16.3,102.9,96.2,95.8,66.9,66.1,66.9,0.0,0.0,0.1,999.9,999.9,999.9,18,7.7,8.8
16585596,0723,80.7,81.4,81.8,41.4,47.2,46.8,999.9,896.5,897.1,10.0,15.1,13.8,5.6,7.8,7.3,11.1,16.5,16.5,93.0,96.3,96.3,73.0,66.1,66.6,0.0,0.0,0.1,999.9,999.9,999.9,0,7.7,8.8
16585596,0723,78.3,81.4,81.8,54.5,47.2,46.6,873.5,897.2,901.3,20.3,15.1,13.8,8.8,7.8,7.3,14.0,16.5,15.7,87.1,96.3,96.3,66.0,66.1,67.1,0.0,0.0,0.1,999.9,999.9,999.9,18,7.7,8.2
16585596,0723,82.7,81.4,81.8,34.9,47.2,47.3,872.4,897.2,901.6,10.0,15.0,13.4,7.8,7.7,7.5,12.0,16.5,15.7,98.1,96.2,96.2,57.0,66.1,67.5,0.0,0.0,0.0,999.9,999.9,999.9,18,7.8,8.2
16585596,0723,79.9,81.4,81.8,49.3,47.1,47.0,866.4,897.2,901.7,9.8,15.0,13.4,10.2,7.7,7.4,24.3,16.5,15.6,102.9,96.3,96.4,70.0,66.0,67.1,0.0,0.0,0.0,999.9,999.9,999.9,18,7.9,8.2
16585596,0723,69.7,81.4,81.9,34.9,47.2,46.8,871.4,897.2,897.2,10.0,15.0,13.4,5.1,7.7,7.4,22.0,16.5,15.9,87.1,96.3,96.7,71.1,66.1,67.4,0.0,0.0,0.0,999.9,999.9,999.9,18,7.9,8.8
16585596,0723,85.2,81.3,81.4,54.5,47.1,46.1,873.6,897.2,892.9,9.7,15.0,13.4,8.2,7.7,7.2,15.0,16.6,16.3,87.1,96.2,96.7,70.0,66.2,67.6,0.0,0.0,0.0,999.9,999.9,999.9,18,7.9,8.8
16585596,0723,79.3,81.3,81.4,41.2,47.2,46.0,999.9,897.2,893.1,10.0,15.0,13.4,6.3,7.7,7.3,18.1,16.6,16.5,99.0,96.2,96.1,73.9,66.2,67.5,0.02,0.0,0.0,999.9,999.9,999.9,0,8.0,9.4
16585596,0723,80.3,81.2,81.0,39.9,47.2,45.7,872.9,897.9,897.2,10.0,15.0,13.4,9.6,7.7,7.3,18.1,16.6,16.5,90.0,96.2,96.8,72.0,66.2,67.6,0.02,0.0,0.0,999.9,999.9,999.9,18,8.0,9.4
16585596,0723,89.2,81.2,80.8,39.9,47.1,45.8,873.6,897.9,893.0,10.0,15.0,13.1,9.9,7.7,7.3,12.0,16.6,16.5,99.0,96.1,96.3,75.0,66.2,67.6,0.0,0.0,0.0,999.9,999.9,999.9,18,8.1,10.0
16585596,0723,82.8,81.3,81.1,50.9,47.0,45.3,872.7,897.9,893.1,10.0,14.9,13.1,11.6,7.7,7.3,20.0,16.6,16.6,93.0,96.2,96.5,66.0,66.2,67.9,0.0,0.0,0.0,999.9,999.9,999.9,0,8.2,9.0
16585596,0723,80.3,81.3,81.2,40.5,47.0,45.5,869.0,897.9,888.9,13.5,14.8,13.1,8.7,7.7,7.5,14.0,16.6,16.9,90.0,96.1,96.2,68.0,66.3,67.7,0.0,0.0,0.0,999.9,999.9,999.9,0,8.1,8.4
16585596,0723,87.8,81.3,81.2,57.6,47.0,45.3,868.1,897.2,888.9,30.7,14.8,13.2,6.3,7.8,7.6,34.0,16.6,16.7,104.0,96.1,95.9,72.0,66.2,67.6,0.15,0.0,0.0,999.9,999.9,999.9,0,8.1,8.4
16585596,0723,88.1,81.4,81.2,55.6,47.1,45.3,999.9,897.2,888.8,39.8,14.8,13.9,6.2,7.7,7.6,13.0,16.7,17.3,95.0,96.1,96.2,61.0,66.2,67.9,0.0,0.0,0.0,999.9,999.9,999.9,16,8.0,7.8
16585596,0723,77.1,81.4,81.3,52.0,47.1,45.3,873.0,897.9,893.1,9.9,15.0,14.9,6.2,7.7,7.6,12.0,16.6,17.3,93.9,96.1,96.2,54.0,66.3,67.9,0.0,0.0,0.0,999.9,999.9,999.9,0,8.1,8.3
16585596,0723,76.4,81.4,80.9,41.2,47.1,45.7,999.9,897.9,893.1,10.0,15.0,14.9,6.3,7.7,7.5,12.0,16.6,17.1,89.1,96.2,96.7,66.0,66.2,67.5,0.0,0.0,0.0,999.9,999.9,999.9,0,8.1,8.3
16585596,0723,78.4,81.4,81.1,45.2,47.0,45.5,872.4,897.9,897.5,41.0,15.0,14.9,4.7,7.7,7.6,18.1,16.5,16.8,90.0,96.1,96.4,57.0,66.2,67.6,0.0,0.0,0.0,999.9,999.9,999.9,18,8.1,8.3
16585596,0723,79.9,81.4,81.1,41.6,47.0,45.4,873.0,897.9,897.4,22.3,15.2,15.5,8.7,7.7,7.5,15.9,16.5,16.8,98.1,96.0,96.3,73.0,66.2,67.1,0.0,0.0,0.0,999.9,999.9,999.9,0,8.1,8.9
16585596,0723,81.8,81.4,81.2,36.2,47.0,45.4,869.6,898.0,897.5,10.0,15.2,15.9,6.2,7.7,7.7,12.0,16.5,17.0,99.0,96.0,96.1,54.0,66.2,67.1,0.02,0.0,0.0,999.9,999.9,999.9,0,8.1,8.3
16585596,0723,83.0,81.4,81.2,49.2,46.9,45.0,999.9,898.0,893.2,30.7,15.2,15.9,3.7,7.6,7.6,19.0,16.5,16.9,93.0,96.1,96.3,71.1,66.1,66.7,0.0,0.0,0.0,999.9,999.9,999.9,0,8.1,8.3
16585596,0723,77.5,81.4,81.2,44.1,47.0,45.3,873.0,898.0,897.4,10.0,15.3,15.6,9.6,7.6,7.5,31.1,16.5,16.6,102.0,96.1,96.1,75.0,66.2,66.9,0.11,0.0,0.0,999.9,999.9,999.9,0,8.1,8.3
16585596,0723,82.3,81.4,81.0,49.3,47.0,45.2,872.4,898.0,897.5,9.9,15.2,14.6,5.1,7.7,7.7,13.0,16.6,16.9,100.0,96.1,96.1,62.1,66.2,67.0,0.17,0.0,0.0,999.9,999.9,999.9,0,8.1,7.7
16585596,0723,76.7,81.4,81.1,36.2,47.0,45.4,999.9,898.0,897.4,9.9,15.2,14.6,10.1,7.6,7.7,15.0,16.6,16.8,89.1,96.2,96.0,57.0,66.2,67.0,0.0,0.0,0.0,999.9,999.9,999.9,0,8.0,7.7
16585596,0723,89.2,81.4,81.1,54.5,47.0,45.4,872.4,898.7,901.6,10.0,15.2,14.6,11.6,7.6,7.8,15.0,16.5,16.9,93.9,96.1,95.8,62.1,66.1,66.4,0.03,0.0,0.0,999.9,999.9,999.9,0,7.9,7.7
16585596,0723,78.3,81.4,81.3,50.9,47.0,45.7,999.9,898.0,897.4,10.0,15.2,14.2,6.5,7.7,7.9,14.0,16.5,16.6,102.0,96.1,95.5,66.0,66.1,66.3,0.0,0.0,0.0,999.9,999.9,999.9,18,7.9,7.7
16585596,0723,69.7,81.4,81.2,33.1,47.0,45.9,870.5,898.0,901.7,10.0,15.2,14.2,5.3,7.7,7.9,19.0,16.5,16.3,99.0,96.2,95.4,70.0,66.1,66.0,0.11,0.0,0.0,999.9,999.9,999.9,0,8.0,7.7
16585596,0723,69.7,81.3,80.8,57.2,46.9,45.2,869.7,898.0,901.8,10.0,15.1,14.2,5.6,7.7,7.8,22.0,16.5,16.6,95.0,96.2,95.4,66.2,66.1,66.0,0.0,0.0,0.0,999.9,999.9,999.9,0,8.0,7.1
16585596,0723,78.4,81.2,80.5,37.5,46.9,45.7,873.5,898.0,901.6,10.0,15.1,14.2,5.3,7.6,7.7,18.1,16.6,16.9,102.9,96.2,95.2,64.9,66.1,66.0,0.0,0.0,0.0,999.9,999.9,999.9,18,7.9,7.1
16585596,0723,86.6,81.2,80.3,39.9,46.8,45.1,869.6,898.0,901.6,10.0,15.1,14.2,8.7,7.6,7.5,15.0,16.5,16.9,98.1,96.2,95.4,63.0,66.1,66.1,0.0,0.0,0.0,999.9,999.9,999.9,0,8.0,7.7
16585596,0723,80.9,81.2,80.3,55.6,46.8,45.2,872.4,898.0,901.5,14.9,15.1,14.2,9.5,7.7,7.5,12.0,16.5,17.0,93.9,96.2,95.6,72.0,66.1,66.0,0.14,0.0,0.0,999.9,999.9,999.9,0,8.0,7.7
16585596,0723,83.0,81.2,80.4,48.9,46.8,45.5,868.1,897.3,901.5,41.0,15.1,14.4,3.7,7.6,7.5,24.1,16.5,17.0,93.9,96.2,95.6,66.9,66.1,66.5,0.0,0.0,0.0,999.9,999.9,999.9,0,8.0,7.1
16585596,0723,85.2,81.2,80.4,54.5,46.7,45.6,869.5,897.3,901.4,9.9,15.3,15.4,9.3,7.6,7.4,19.0,16.5,17.2,99.0,96.2,95.3,68.0,66.2,66.5,0.0,0.0,0.0,999.9,999.9,999.9,0,7.9,6.5
16585596,0723,80.3,81.2,80.6,50.9,46.9,46.0,872.4,897.3,897.1,10.0,15.2,15.4,6.4,7.6,7.5,11.1,16.5,17.4,98.1,96.3,95.5,71.1,66.2,66.3,0.0,0.0,0.0,999.9,999.9,999.9,0,7.9,6.5
16585596,0723,86.6,81.2,80.7,44.6,46.8,45.9,871.4,897.3,897.0,39.8,15.2,15.1,3.7,7.6,7.4,15.0,16.5,17.3,99.0,96.3,95.8,73.0,66.2,66.5,0.0,0.0,0.0,999.9,999.9,999.9,0,7.8,5.9
16585596,0723,86.6,81.2,80.8,41.4,46.8,46.2,873.6,897.3,897.0,10.0,15.3,16.1,6.2,7.6,7.3,18.1,16.4,17.4,79.0,96.3,95.9,70.0,66.2,67.0,0.0,0.0,0.0,999.9,999.9,999.9,0,7.8,5.3
16585596,0723,79.3,81.2,81.0,50.9,46.7,46.0,871.5,896.6,897.2,10.0,15.2,16.1,6.9,7.6,7.1,15.0,16.5,17.2,89.1,96.2,95.1,75.9,66.2,67.0,0.0,0.0,0.0,999.9,999.9,999.9,0,7.7,4.7
16585596,0723,86.6,81.2,81.3,57.6,46.7,46.5,999.9,896.6,897.2,10.0,15.2,16.1,6.2,7.6,7.2,12.0,16.4,17.0,102.0,96.1,95.1,62.1,66.3,67.2,0.0,0.0,0.0,999.9,999.9,999.9,18,7.7,4.1
16585596,0723,76.7,81.2,81.4,45.2,46.7,46.6,873.6,897.3,901.5,13.5,15.2,16.1,6.4,7.6,7.1,15.9,16.4,16.9,104.0,96.2,95.6,73.0,66.2,66.9,0.0,0.0,0.0,999.9,999.9,999.9,0,7.8,4.1
16585596,0723,86.8,81.2,81.3,57.5,46.7,46.7,999.9,897.3,897.2,10.0,15.2,16.2,5.3,7.6,7.1,19.0,16.4,16.8,93.0,96.2,95.8,66.9,66.2,66.9,0.0,0.0,0.0,999.9,999.9,999.9,0,7.7,4.1
16585596,0723,74.2,81.2,81.5,57.2,46.8,47.3,999.9,898.0,901.5,9.8,15.2,16.2,7.8,7.6,7.0,24.3,16.4,16.8,93.0,96.2,95.9,66.9,66.2,66.7,0.03,0.0,0.0,999.9,999.9,999.9,18,7.6,3.5
16585596,0723,69.7,81.2,81.0,41.6,46.8,47.9,873.5,898.0,905.7,10.0,15.2,16.2,5.3,7.6,6.9,19.0,16.5,17.3,93.0,96.2,95.7,66.9,66.2,66.5,0.0,0.0,0.0,999.9,999.9,999.9,0,7.6,3.5
16585596,0723,74.2,81.2,80.6,41.6,46.7,47.6,866.4,898.0,905.7,20.3,15.2,16.2,8.7,7.6,6.7,24.1,16.5,17.2,102.9,96.1,95.7,62.1,66.2,66.5,0.0,0.0,0.0,999.9,999.9,999.9,18,7.5,3.5
16585596,0723,81.8,81.1,80.4,47.2,46.7,47.6,873.6,898.0,905.6,10.0,15.3,16.4,5.6,7.6,6.7,19.0,16.6,17.6,102.0,96.2,96.1,61.0,66.2,66.3,0.0,0.0,0.0,999.9,999.9,999.9,48,7.6,4.1
16585596,0723,88.1,81.3,80.2,54.1,46.8,47.3,875.8,898.0,905.8,9.8,15.3,15.8,10.2,7.6,6.7,11.1,16.6,17.1,93.9,96.2,96.1,64.9,66.2,65.9,0.0,0.0,0.0,999.9,999.9,999.9,0,7.8,5.7
16585596,0723,81.8,81.3,80.2,46.5,46.8,47.2,872.7,897.3,901.7,9.8,15.1,14.8,5.6,7.6,6.8,22.0,16.6,17.0,93.9,96.2,96.0,66.2,66.2,66.1,0.0,0.0,0.0,999.9,999.9,999.9,0,7.8,5.2
16585596,0723,74.2,81.3,80.3,48.9,46.8,47.0,999.9,897.3,901.7,10.0,15.1,14.8,6.6,7.6,6.8,15.9,16.6,17.3,102.0,96.3,96.0,66.9,66.1,66.5,0.0,0.0,0.0,999.9,999.9,999.9,16,7.7,5.2
16585596,0723,76.8,81.2,80.2,40.5,46.7,47.3,871.5,898.0,901.7,10.0,14.9,14.8,5.3,7.5,6.8,18.1,16.6,17.5,90.0,96.3,96.5,61.0,66.1,66.5,0.0,0.0,0.0,999.9,999.9,999.9,0,7.7,5.7
16585596,0723,79.9,81.2,80.2,41.4,46.8,47.1,866.4,898.0,901.6,9.9,14.9,13.7,4.7,7.5,6.8,12.0,16.7,17.5,93.0,96.3,96.5,57.0,66.1,66.6,0.0,0.0,0.0,999.9,999.9,999.9,0,7.6,5.1
16585596,0723,85.2,81.2,80.2,48.9,46.8,47.1,999.9,898.0,901.4,10.0,14.9,13.3,5.6,7.5,6.7,12.0,16.6,17.3,87.1,96.2,96.3,71.1,66.0,66.1,0.0,0.0,0.0,999.9,999.9,999.9,0,7.6,5.1
16585596,0723,80.7,81.2,80.3,41.4,46.8,47.6,999.9,898.7,905.8,41.0,14.9,13.3,6.9,7.5,6.7,15.9,16.6,17.3,102.9,96.1,95.9,70.0,66.1,66.7,0.0,0.0,0.0,999.9,999.9,999.9,0,7.6,5.1
16585596,0723,88.1,81.2,80.2,34.9,46.8,47.3,873.0,898.7,905.8,9.8,15.0,13.7,8.1,7.5,6.8,13.0,16.6,17.2,102.0,96.1,96.2,70.0,66.1,66.6,0.0,0.0,0.0,999.9,999.9,999.9,0,7.6,5.1
16585596,0723,88.8,81.3,80.6,45.0,46.7,47.0,871.4,898.0,905.8,10.0,14.9,13.6,6.2,7.5,6.7,18.1,16.6,16.6,87.1,96.2,96.2,66.2,66.1,66.5,0.0,0.0,0.0,999.9,999.9,999.9,18,7.6,5.1
16585596,0723,77.1,81.3,80.8,49.3,46.7,46.9,873.6,898.0,905.7,39.8,14.9,13.6,10.2,7.5,6.8,13.0,16.6,16.8,87.1,96.1,95.8,62.1,66.1,66.6,0.14,0.0,0.0,999.9,999.9,999.9,18,7.7,5.7
16585596,0723,82.3,81.3,80.8,41.4,46.7,47.3,870.0,898.0,901.5,9.7,15.0,14.6,6.6,7.5,6.8,19.0,16.6,16.7,102.9,96.1,95.7,61.0,66.0,66.8,0.15,0.0,0.0,999.9,999.9,999.9,0,7.8,6.3
16585596,0723,79.3,81.3,80.6,44.6,46.6,46.9,999.9,897.3,901.4,22.3,14.9,14.6,6.9,7.5,6.6,10.1,16.6,16.9,88.7,96.1,96.0,73.9,66.1,66.7,0.0,0.0,0.0,999.9,999.9,999.9,0,7.7,6.3
16585596,0723,62.0,81.3,80.6,49.3,46.6,46.6,873.0,898.0,901.4,13.5,14.9,15.0,10.4,7.5,6.6,15.9,16.5,16.7,93.0,96.0,95.6,71.1,66.1,67.0,0.0,0.0,0.0,999.9,999.9,999.9,0,7.7,5.7
16585596,0723,88.1,81.1,80.4,49.3,46.7,47.2,872.7,897.3,901.5,13.5,15.0,15.2,10.4,7.6,6.8,11.1,16.5,16.6,102.9,96.0,95.4,71.1,66.1,67.0,0.0,0.0,0.0,999.9,999.9,999.9,18,7.4,5.7
16585596,0723,82.7,81.2,81.0,57.6,46.7,46.9,869.7,897.3,901.6,9.9,15.0,15.3,6.9,7.6,7.0,17.1,16.5,16.3,93.9,96.0,95.6,71.1,66.2,67.2,0.0,0.0,0.0,999.9,999.9,999.9,18,7.5,6.3
16585596,0723,78.3,81.2,81.1,33.1,46.7,47.6,875.8,897.3,901.5,14.9,15.0,15.3,5.6,7.6,7.0,8.9,16.4,16.2,102.0,96.0,95.3,62.1,66.2,67.4,0.17,0.0,0.0,999.9,999.9,999.9,2,7.6,6.3
16585596,0723,76.7,81.2,80.8,39.9,46.6,47.4,869.7,897.3,901.7,9.8,15.0,15.4,11.6,7.5,6.9,11.1,16.4,16.0,90.0,96.0,95.5,66.0,66.2,67.4,0.01,0.0,0.0,999.9,999.9,999.9,0,7.6,6.4
16585596,0723,69.7,81.1,80.7,46.5,46.5,46.8,873.0,897.3,901.6,9.9,14.9,15.3,11.6,7.5,7.0,18.1,16.4,16.0,98.1,96.0,95.3,73.9,66.2,67.2,0.0,0.0,0.0,999.9,999.9,999.9,18,7.6,6.4
16585596,0723,85.4,81.1,80.3,39.9,46.5,46.8,869.6,896.6,901.8,10.0,14.9,14.2,9.6,7.6,7.2,34.0,16.4,15.8,93.0,96.0,95.5,71.1,66.3,67.4,0.0,0.0,0.0,999.9,999.9,999.9,0,7.5,7.0
16585596,0723,80.7,81.1,80.3,47.1,46.4,46.3,999.9,896.6,901.8,9.9,14.9,14.2,10.2,7.6,7.2,13.0,16.5,16.3,95.0,95.9,95.3,61.0,66.4,67.5,0.0,0.0,0.0,999.9,999.9,999.9,0,7.4,7.0
16585596,0723,79.3,81.0,80.3,57.2,46.4,46.1,868.1,897.3,906.0,14.9,14.9,14.2,4.7,7.6,7.4,18.1,16.5,16.4,90.0,96.0,95.2,66.0,66.3,67.2,0.0,0.0,0.0,999.9,999.9,999.9,0,7.3,7.0
16585596,0723,87.8,81.1,80.0,47.2,46.5,46.6,869.6,897.3,905.9,41.0,14.9,13.4,6.2,7.6,7.4,31.1,16.5,16.5,98.1,96.0,94.9,72.0,66.3,66.9,0.11,0.0,0.0,999.9,999.9,999.9,0,7.3,7.0
16585596,0723,83.0,81.2,80.1,45.2,46.5,46.8,872.4,897.3,905.8,9.8,15.1,14.4,10.1,7.6,7.4,13.0,16.6,16.9,93.0,96.0,95.5,66.0,66.3,67.0,0.0,0.0,0.0,999.9,999.9,999.9,0,7.3,7.0
16585596,0723,87.8,81.2,80.2,40.5,46.4,46.6,869.5,897.3,905.8,10.0,15.1,14.4,6.5,7.6,7.5,15.0,16.6,16.8,93.0,96.0,95.6,75.0,66.3,66.7,0.03,0.0,0.0,999.9,999.9,999.9,0,7.0,7.0
16585596,0723,76.8,81.2,80.2,49.2,46.5,46.0,999.9,897.3,901.5,10.0,15.1,14.4,6.5,7.6,7.5,11.1,16.6,16.9,102.9,96.0,95.3,61.0,66.4,67.1,0.15,0.0,0.0,999.9,999.9,999.9,0,7.0,6.4
16585596,0723,81.1,81.3,80.2,40.5,46.5,46.1,872.4,898.0,905.7,30.7,15.1,14.3,6.3,7.6,7.5,15.0,16.6,16.8,102.0,96.1,95.3,66.9,66.4,66.7,0.0,0.0,0.0,999.9,999.9,999.9,18,7.0,6.4
16585596,0723,79.9,81.3,80.1,57.2,46.5,45.6,871.4,897.3,901.4,9.7,15.2,15.0,5.3,7.6,7.6,15.0,16.6,16.6,102.9,96.1,95.6,71.1,66.4,66.7,0.0,0.0,0.0,999.9,999.9,999.9,0,7.1,7.0
16585596,0723,79.9,81.3,80.2,40.5,46.6,45.6,870.5,897.3,897.1,10.0,15.2,15.0,5.6,7.6,7.5,20.0,16.6,16.3,99.0,96.1,95.9,72.0,66.4,66.9,0.0,0.0,0.0,999.9,999.9,999.9,0,7.1,6.4
16585596,0723,88.1,81.2,80.6,39.9,46.5,45.5,873.5,897.3,897.0,39.8,15.0,15.0,9.6,7.6,7.5,24.1,16.6,16.4,99.0,96.2,96.1,62.1,66.5,67.0,0.0,0.0,0.0,999.9,999.9,999.9,0,7.0,6.4
16585596,0723,77.5,81.3,81.0,57.2,46.4,45.5,999.9,897.3,897.3,9.8,15.2,15.6,5.1,7.6,7.5,13.0,16.6,16.4,98.1,96.2,96.0,71.1,66.4,67.0,0.0,0.0,0.0,999.9,999.9,999.9,18,7.0,5.8
16585596,0723,88.8,81.2,80.9,50.2,46.4,45.8,868.1,898.0,901.5,10.0,15.2,15.6,6.4,7.6,7.5,14.0,16.6,16.2,99.0,96.2,95.9,57.9,66.4,67.4,0.0,0.0,0.0,999.9,999.9,999.9,0,7.0,4.8
16585596,0723,76.8,81.3,80.9,45.0,46.5,45.7,999.9,898.0,901.2,10.0,15.2,15.6,6.2,7.5,7.4,34.0,16.6,16.3,93.9,96.2,96.1,62.1,66.4,67.1,0.0,0.0,0.0,999.9,999.9,999.9,0,7.0,4.8
16585596,0723,85.2,81.3,80.8,33.1,46.5,45.6,871.5,898.0,905.5,10.0,15.1,15.7,5.3,7.6,7.4,14.0,16.7,16.7,93.0,96.2,96.1,62.2,66.4,67.0,0.0,0.0,0.0,999.9,999.9,999.9,0,7.0,4.8
16585596,0723,77.5,81.3,81.1,33.1,46.4,45.1,872.4,897.3,901.2,9.8,15.0,15.7,10.2,7.5,7.4,12.0,16.6,16.6,90.0,96.2,95.8,61.0,66.3,66.8,0.02,0.0,0.0,999.9,999.9,999.9,0,6.9,4.3
16585596,0723,80.3,81.2,81.2,41.2,46.4,44.9,999.9,897.2,901.2,10.0,15.0,15.6,7.8,7.5,7.5,14.0,16.6,16.4,95.0,96.1,95.8,70.0,66.2,66.8,0.0,0.0,0.0,999.9,999.9,999.9,0,6.8,4.3
16585596,0723,80.9,81.3,81.2,41.4,46.3,44.8,869.6,898.0,905.7,10.0,15.0,15.7,8.8,7.6,7.6,13.0,16.5,16.5,102.0,96.2,95.8,66.2,66.3,67.3,0.02,0.0,0.0,999.9,999.9,999.9,18,6.7,4.3
16585596,0723,77.5,81.3,81.0,55.6,46.2,44.6,870.4,898.0,901.3,9.8,15.0,15.7,10.4,7.6,7.7,14.0,16.5,16.5,79.0,96.2,96.3,71.1,66.2,67.1,0.0,0.0,0.0,999.9,999.9,999.9,0,6.7,4.9
16585596,0723,88.1,81.2,80.9,52.0,46.3,45.1,871.0,898.0,897.0,22.3,15.0,14.6,10.1,7.6,7.8,22.0,16.5,16.4,104.0,96.2,95.5,57.9,66.3,67.1,0.0,0.0,0.0,999.9,999.9,999.9,18,6.7,4.9
16585596,0723,81.1,81.2,80.9,44.6,46.3,45.6,869.7,898.0,896.9,9.9,15.0,15.0,6.2,7.6,7.9,15.9,16.6,16.7,91.9,96.2,95.6,57.9,66.2,66.7,0.0,0.0,0.0,999.9,999.9,999.9,0,6.8,5.5
16585596,0723,76.7,81.2,80.7,54.5,46.3,45.6,869.7,898.0,896.9,41.0,15.0,15.0,10.1,7.6,7.9,10.1,16.6,16.7,95.0,96.2,95.7,62.2,66.1,66.5,0.0,0.0,0.0,999.9,999.9,999.9,18,6.8,4.9
16585596,0723,82.8,81.2,80.6,44.6,46.3,45.8,870.4,898.0,896.8,10.0,15.2,15.1,5.6,7.6,7.9,13.0,16.6,16.6,98.1,96.2,96.0,66.2,66.2,66.5,0.01,0.0,0.0,999.9,999.9,999.9,18,6.9,4.9
16585596,0723,85.2,81.3,80.7,44.6,46.3,45.9,870.5,897.9,896.8,10.0,15.2,15.1,10.2,7.6,7.9,17.1,16.6,16.4,104.0,96.2,95.8,62.1,66.2,66.6,0.0,0.0,0.0,999.9,999.9,999.9,18,6.9,5.5
16585596,0723,79.9,81.3,80.9,47.2,46.3,45.9,999.9,897.9,892.5,9.9,15.2,14.7,5.3,7.6,8.0,14.0,16.6,16.6,93.9,96.2,96.4,75.0,66.2,66.2,0.0,0.0,0.0,999.9,999.9,999.9,0,7.0,6.1
16585596,0723,80.3,81.2,81.5,57.6,46.3,45.8,869.5,897.9,896.7,10.0,15.2,14.5,8.2,7.6,7.8,15.9,16.6,16.5,90.0,96.2,96.4,59.0,66.2,66.4,0.0,0.0,0.0,999.9,999.9,999.9,0,7.0,6.1
16585596,0723,88.1,81.2,81.2,54.6,46.4,46.1,999.9,897.2,896.6,14.9,15.2,14.4,6.5,7.6,7.7,11.1,16.6,16.7,102.0,96.2,96.0,62.2,66.2,66.0,0.0,0.0,0.0,999.9,999.9,999.9,18,7.0,5.5
16585596,0723,79.9,81.3,81.4,46.5,46.4,46.0,999.9,897.9,900.9,9.7,15.0,14.6,6.2,7.6,7.7,14.0,16.6,16.5,102.9,96.2,96.2,71.1,66.1,65.7,0.14,0.0,0.0,999.9,999.9,999.9,0,7.1,5.5
16585596,0723,77.5,81.3,81.4,47.1,46.4,46.5,873.6,898.6,905.1,30.7,15.0,14.4,9.9,7.6,7.7,14.0,16.6,16.7,93.0,96.2,96.3,70.0,66.2,66.0,0.0,0.0,0.0,999.9,999.9,999.9,0,7.1,5.4
16585596,0723,86.8,81.2,81.5,45.2,46.5,46.7,869.5,898.6,905.2,9.9,15.1,15.1,6.9,7.6,7.7,12.0,16.6,16.8,87.1,96.2,96.4,62.1,66.2,66.1,0.03,0.0,0.0,999.9,999.9,999.9,0,7.0,5.4
16585596,0723,79.3,81.2,82.0,44.6,46.4,46.7,872.4,898.6,905.1,9.9,15.1,15.1,6.9,7.6,7.5,34.0,16.6,16.6,93.9,96.1,96.0,66.0,66.2,65.7,0.11,0.0,0.0,999.9,999.9,999.9,18,6.9,4.8
16585596,0723,88.8,81.2,81.8,44.6,46.4,46.8,871.4,898.6,905.2,10.0,15.1,15.1,4.9,7.5,7.4,15.0,16.7,16.6,87.1,96.2,96.0,66.0,66.2,65.5,0.0,0.0,0.0,999.9,999.9,999.9,18,6.9,5.4
16585596,0723,86.8,81.3,82.1,44.6,46.4,46.7,869.0,898.6,900.9,10.0,15.1,15.1,11.6,7.5,7.3,10.1,16.6,16.6,93.0,96.1,95.8,66.0,66.2,65.7,0.0,0.0,0.0,999.9,999.9,999.9,0,7.0,6.0
16585596,0723,82.3,81.4,82.3,57.5,46.4,46.3,999.9,898.6,900.9,10.0,15.1,15.0,6.3,7.6,7.5,13.0,16.6,16.4,95.0,96.1,95.9,63.0,66.2,65.7,0.0,0.0,0.0,999.9,999.9,999.9,0,7.0,6.0
16585596,0723,82.3,81.4,82.2,45.2,46.4,46.7,873.6,899.3,905.3,9.8,15.1,13.9,9.3,7.6,7.5,14.0,16.6,15.7,98.1,96.1,95.8,54.0,66.1,65.4,0.0,0.0,0.0,999.9,999.9,999.9,0,6.9,6.0
16585596,0723,77.1,81.4,82.1,41.4,46.3,46.7,869.0,899.3,905.3,9.8,15.1,13.9,10.1,7.5,7.5,20.0,16.5,15.8,93.9,96.1,95.9,68.0,66.0,65.0,0.17,0.0,0.0,999.9,999.9,999.9,16,6.8,6.0
16585596,0723,86.8,81.3,81.8,50.2,46.3,46.7,869.7,899.3,905.3,10.0,15.1,13.9,4.9,7.6,7.6,12.0,16.5,15.9,99.0,96.1,96.0,66.9,66.1,64.8,0.0,0.0,0.0,999.9,999.9,999.9,18,6.9,6.5
16585596,0723,76.7,81.3,82.1,58.4,46.2,46.7,869.5,899.3,900.9,10.0,15.1,13.9,10.2,7.6,7.5,15.0,16.5,16.0,88.7,96.1,95.8,66.9,66.1,65.0,0.0,0.0,0.0,999.9,999.9,999.9,0,7.0,7.1
16585596,0723,81.8,81.3,82.0,44.1,46.3,47.3,869.6,899.3,900.8,10.0,15.1,13.2,9.9,7.6,7.7,24.3,16.5,16.0,102.0,96.1,95.4,57.9,66.1,65.0,0.02,0.0,0.0,999.9,999.9,999.9,0,6.9,6.5
16585596,0723,85.4,81.3,82.0,45.2,46.4,46.9,875.8,898.6,900.8,9.9,15.1,13.2,9.9,7.6,7.8,11.1,16.6,16.3,89.1,96.1,95.4,62.2,66.1,64.5,0.11,0.0,0.0,999.9,999.9,999.9,0,6.9,6.5
16585596,0723,79.3,81.3,82.2,39.9,46.4,47.0,872.4,898.6,901.0,10.0,15.1,13.2,6.9,7.6,8.0,24.1,16.6,16.0,100.0,96.0,95.0,57.9,66.0,64.2,0.0,0.0,0.0,999.9,999.9,999.9,18,6.9,6.5
16585596,0723,77.1,81.3,81.9,54.1,46.3,47.0,999.9,898.6,900.9,9.9,15.1,12.2,9.9,7.6,7.9,17.1,16.5,16.0,102.0,96.0,95.1,64.9,66.0,64.1,0.14,0.0,0.0,999.9,999.9,999.9,18,7.0,7.1
16585596,0723,81.8,81.3,81.9,54.5,46.3,46.9,869.0,899.3,900.9,10.0,15.1,12.2,4.9,7.6,8.0,8.9,16.5,16.1,104.0,96.1,95.2,68.0,65.9,63.9,0.03,0.0,0.0,999.9,999.9,999.9,0,7.1,7.1
16585596,0723,85.2,81.2,81.7,48.9,46.3,47.1,872.9,899.3,901.0,10.0,15.0,12.2,5.3,7.6,8.0,12.0,16.4,16.0,98.1,96.1,95.4,73.9,66.0,64.2,0.0,0.0,0.0,999.9,999.9,999.9,18,7.0,7.1
16585596,0723,82.7,81.3,82.0,50.9,46.3,47.2,870.4,899.3,896.7,10.0,15.0,12.2,10.2,7.6,8.0,19.0,16.4,15.2,99.0,96.1,95.5,57.0,66.0,64.6,0.11,0.0,0.0,999.9,999.9,999.9,18,7.0,7.7
16585596,0723,76.4,81.3,81.9,41.6,46.3,47.8,869.5,899.3,896.7,20.3,14.8,12.2,10.4,7.6,8.1,20.0,16.4,15.4,102.0,96.1,95.7,71.1,66.0,64.4,0.0,0.0,0.0,999.9,999.9,999.9,0,7.1,8.3
16585596,0723,77.1,81.2,81.8,41.6,46.3,48.1,873.1,899.3,896.6,10.0,14.7,12.6,3.7,7.6,8.1,10.1,16.5,15.7,93.0,96.2,96.1,73.9,66.0,64.8,0.0,0.0,0.0,999.9,999.9,999.9,18,7.1,8.3
16585596,0723,81.8,81.2,81.7,44.6,46.2,48.1,999.9,899.3,892.4,9.9,14.6,12.6,5.6,7.6,8.0,15.9,16.4,15.5,93.9,96.1,96.0,70.0,66.0,64.9,0.0,0.0,0.0,999.9,999.9,999.9,0,7.1,8.9
16585596,0723,77.5,81.2,81.8,47.2,46.2,48.2,873.6,900.0,896.7,41.0,14.4,12.6,11.6,7.5,7.9,17.1,16.4,15.6,95.0,96.1,95.8,54.0,66.0,65.0,0.0,0.0,0.0,999.9,999.9,999.9,18,7.1,8.3
16585596,0723,79.9,81.2,81.8,55.9,46.2,47.9,866.4,899.3,896.8,10.0,14.6,13.6,5.3,7.6,7.9,20.0,16.4,15.7,104.0,96.1,96.3,62.2,65.9,64.4,0.0,0.0,0.0,999.9,999.9,999.9,18,7.2,8.9
16585596,0723,77.1,81.2,81.5,48.9,46.3,48.1,869.5,899.3,896.7,41.0,14.5,13.2,10.2,7.6,7.8,18.1,16.4,15.7,99.0,96.1,96.3,73.9,65.9,64.6,0.0,0.0,0.0,999.9,999.9,999.9,0,7.3,8.9
16585596,0723,79.3,81.2,81.3,36.2,46.3,48.2,999.9,899.3,896.6,10.0,14.7,14.3,9.8,7.6,7.9,26.0,16.4,15.7,79.0,96.1,96.5,75.0,66.1,65.1,0.0,0.0,0.0,999.9,999.9,999.9,0,7.3,8.9
16585596,0723,77.1,81.2,81.4,33.1,46.3,47.6,872.4,900.0,901.0,10.0,14.7,13.2,10.2,7.6,7.9,24.1,16.5,16.3,91.9,95.9,96.0,73.0,66.1,65.5,0.0,0.0,0.0,999.9,999.9,999.9,0,7.3,8.3
16585596,0723,78.4,81.2,81.2,57.5,46.3,47.2,869.5,899.3,901.1,10.0,14.7,13.2,6.2,7.6,8.0,20.0,16.5,16.6,95.0,95.9,95.8,63.0,66.2,65.8,0.0,0.0,0.0,999.9,999.9,999.9,0,7.3,7.7
16585596,0723,88.1,81.2,81.0,57.5,46.3,47.6,873.6,898.6,901.0,10.0,14.7,13.2,4.7,7.6,7.9,13.0,16.5,16.7,90.0,95.9,95.5,62.1,66.1,65.8,0.0,0.0,0.0,999.9,999.9,999.9,0,7.3,7.1
16585596,0723,86.6,81.2,81.3,41.4,46.3,48.0,999.9,898.6,896.8,14.9,14.5,13.2,10.6,7.6,7.9,11.1,16.5,16.7,99.0,95.9,95.4,72.0,66.1,65.4,0.11,0.0,0.0,999.9,999.9,999.9,0,7.2,7.1
16585596,0723,78.4,81.4,81.5,41.4,46.3,47.4,873.5,899.3,901.2,10.0,14.6,13.4,4.7,7.6,8.0,14.0,16.5,16.5,102.9,95.9,95.7,57.0,66.1,65.8,0.33,0.0,0.0,999.9,999.9,999.9,0,7.2,7.1
16585596,0723,89.2,81.4,81.2,57.2,46.3,47.0,873.5,898.6,896.9,10.0,14.6,13.2,10.6,7.5,7.9,26.0,16.5,16.6,87.1,96.0,95.7,62.1,66.1,65.6,0.15,0.0,0.0,999.9,999.9,999.9,0,7.2,6.5
16585596,0723,81.1,81.4,81.5,36.2,46.3,47.4,870.5,897.9,892.7,41.0,14.6,13.2,5.1,7.5,8.1,12.0,16.5,17.0,93.0,95.9,95.2,66.9,66.0,65.3,0.0,0.0,0.0,999.9,999.9,999.9,2,7.1,6.5
16585596,0723,83.0,81.4,81.6,44.1,46.2,47.0,872.4,897.9,892.6,10.0,14.7,13.6,10.6,7.5,7.9,13.0,16.5,17.0,93.9,95.8,95.2,71.1,66.0,65.2,0.33,0.0,0.0,999.9,999.9,999.9,18,7.0,6.6
16585596,0723,85.4,81.4,81.5,54.5,46.3,47.0,870.5,897.9,892.7,9.9,14.7,13.6,5.3,7.5,8.0,14.0,16.5,17.0,88.7,95.8,95.4,64.9,66.1,65.5,0.11,0.0,0.1,999.9,999.9,999.9,0,7.0,7.2
16585596,0723,74.2,81.4,81.7,54.1,46.3,47.3,872.7,897.9,892.7,10.0,14.7,13.6,8.7,7.5,8.0,24.1,16.5,16.3,104.0,95.7,95.2,71.1,66.1,65.5,0.0,0.0,0.1,999.9,999.9,999.9,0,6.9,6.6
16585596,0723,76.7,81.4,81.2,41.2,46.3,47.6,871.4,897.9,892.7,10.0,14.7,13.6,9.5,7.5,8.1,24.3,16.6,16.6,102.9,95.8,95.8,61.0,66.2,65.7,0.01,0.0,0.1,999.9,999.9,999.9,0,6.8,6.0
16585596,0723,85.2,81.4,80.9,45.0,46.3,47.5,871.0,897.2,892.8,9.8,14.7,13.6,5.6,7.5,8.0,24.3,16.6,17.1,100.0,95.8,96.1,61.0,66.2,65.5,0.0,0.0,0.1,999.9,999.9,999.9,18,6.8,6.0
16585596,0723,87.8,81.4,81.0,37.5,46.3,47.1,999.9,897.1,888.5,9.9,14.7,13.6,6.2,7.5,8.0,15.0,16.6,17.5,79.0,95.8,96.3,57.9,66.2,65.4,0.0,0.0,0.1,999.9,999.9,999.9,0,6.9,6.6
16585596,0723,81.1,81.4,81.1,44.6,46.3,46.8,999.9,897.1,892.7,9.8,14.7,13.6,10.4,7.5,7.9,26.0,16.6,17.5,91.9,95.7,95.6,62.1,66.1,65.6,0.0,0.0,0.1,999.9,999.9,999.9,18,6.8,6.6
16585596,0723,87.8,81.3,81.3,41.6,46.3,46.9,873.0,897.9,897.1,9.9,14.6,13.6,6.9,7.5,7.9,24.3,16.7,17.7,95.0,95.7,95.6,64.9,66.1,65.4,0.0,0.0,0.0,999.9,999.9,999.9,18,6.8,6.7
16585596,0723,78.3,81.4,81.3,39.9,46.3,46.6,873.0,897.8,897.2,10.0,14.6,13.6,7.8,7.5,8.0,15.0,16.7,18.1,95.0,95.7,95.4,73.9,66.1,65.3,0.0,0.0,0.0,999.9,999.9,999.9,0,6.9,6.7
16585596,0723,82.3,81.4,81.4,34.9,46.3,46.0,872.4,897.8,897.3,10.0,14.6,13.6,5.1,7.5,7.9,26.0,16.8,18.1,102.0,95.6,95.6,70.0,66.2,65.5,0.0,0.0,0.0,999.9,999.9,999.9,0,6.8,6.7
16585596,0723,69.7,81.3,81.4,37.5,46.3,45.7,869.0,897.1,897.4,20.3,14.6,13.6,6.3,7.5,7.7,18.1,16.8,18.2,99.0,95.7,95.6,64.9,66.3,65.9,0.0,0.0,0.0,999.9,999.9,999.9,18,6.8,6.7
16585596,0723,77.5,81.3,80.9,47.2,46.3,45.5,871.0,897.1,897.2,10.0,14.6,13.9,8.1,7.5,7.6,14.0,16.8,18.4,93.9,95.7,96.0,62.1,66.3,66.0,0.0,0.0,0.0,999.9,999.9,999.9,0,6.8,7.3
16585596,0723,74.2,81.3,80.8,57.6,46.3,45.7,999.9,897.1,897.1,10.0,14.6,13.9,9.3,7.5,7.7,13.0,16.8,18.1,95.0,95.7,95.8,66.2,66.3,66.2,0.02,0.0,0.0,999.9,999.9,999.9,0,6.7,6.7
16585596,0723,85.4,81.2,80.7,44.1,46.4,45.8,999.9,897.8,897.1,20.3,14.6,13.9,6.9,7.5,7.6,15.9,16.8,17.9,91.9,95.7,95.5,62.1,66.3,66.2,0.17,0.0,0.0,999.9,999.9,999.9,18,6.7,6.1
16585596,0723,89.6,81.3,80.8,57.5,46.4,45.5,999.9,898.6,901.5,14.9,14.7,14.3,5.3,7.5,7.7,15.0,16.8,18.2,104.0,95.6,95.1,66.9,66.3,66.0,0.0,0.0,0.0,999.9,999.9,999.9,0,6.8,6.7
16585596,0723,82.3,81.3,81.0,57.2,46.4,45.8,873.0,899.2,905.7,10.0,14.5,14.4,10.2,7.5,7.7,19.0,16.8,18.3,95.0,95.7,95.3,62.1,66.3,65.8,0.11,0.0,0.0,999.9,999.9,999.9,0,6.7,6.1
16585596,0723,87.8,81.3,81.0,44.1,46.5,46.0,875.8,899.2,905.8,10.0,14.6,14.4,8.7,7.5,7.7,15.0,16.8,18.3,91.9,95.7,95.2,62.2,66.3,65.9,0.0,0.0,0.0,999.9,999.9,999.9,18,6.7,5.5
16585596,0723,74.2,81.3,81.3,49.2,46.5,46.0,868.1,899.3,906.0,9.8,14.6,14.1,6.6,7.5,7.6,17.1,16.9,18.1,93.9,95.7,94.9,57.9,66.2,65.7,0.0,0.0,0.0,999.9,999.9,999.9,18,6.7,6.1
16585596,0723,62.0,81.3,81.2,47.1,46.5,46.3,870.0,899.2,905.8,10.0,14.5,14.1,9.6,7.5,7.7,14.0,16.9,18.3,93.0,95.7,94.9,61.0,66.2,65.1,0.01,0.0,0.0,999.9,999.9,999.9,0,6.8,6.1
16585596,0723,78.3,81.1,80.6,36.2,46.5,46.4,868.1,899.2,901.5,10.0,14.5,14.1,11.6,7.5,7.9,31.1,16.9,18.3,99.0,95.7,94.9,66.2,66.2,64.8,0.0,0.0,0.0,999.9,999.9,999.9,18,6.8,6.1
16585596,0723,79.9,81.1,80.6,48.9,46.5,46.0,872.9,899.2,901.3,41.0,14.5,13.1,8.8,7.5,7.9,14.0,17.0,18.8,100.0,95.7,95.0,71.1,66.2,65.2,0.11,0.0,0.0,999.9,999.9,999.9,18,6.9,6.1
16585596,0723,79.3,81.1,80.6,57.2,46.4,45.8,866.4,899.2,901.5,9.8,14.6,14.1,10.6,7.5,8.0,13.0,16.9,18.6,102.0,95.7,94.9,66.9,66.2,65.5,0.0,0.0,0.0,999.9,999.9,999.9,18,7.0,6.1
16585596,0723,86.8,81.1,80.7,54.5,46.5,46.1,871.0,899.2,901.4,9.7,14.5,13.0,6.2,7.6,8.0,11.1,16.9,18.4,89.1,95.8,95.0,75.9,66.2,65.3,0.0,0.0,0.0,999.9,999.9,999.9,0,7.0,6.7
16585596,0723,76.8,81.1,80.9,33.1,46.5,46.7,873.1,899.2,897.1,9.9,14.5,13.0,10.2,7.5,7.9,14.0,16.9,17.9,87.1,95.7,95.3,66.9,66.3,65.3,0.0,0.0,0.0,999.9,999.9,999.9,18,7.0,6.7
16585596,0723,80.9,81.1,80.9,33.1,46.4,46.7,873.1,899.2,897.2,10.0,14.5,13.0,6.5,7.6,7.9,15.0,16.8,17.5,98.1,95.7,95.1,70.0,66.2,65.1,0.0,0.0,0.0,999.9,999.9,999.9,18,7.1,7.3
16585596,0723,81.1,81.1,81.0,47.1,46.4,45.9,869.5,899.2,897.3,9.8,14.5,13.0,8.7,7.6,7.9,24.3,16.8,17.4,90.0,95.7,95.2,70.0,66.2,65.3,0.0,0.0,0.0,999.9,999.9,999.9,0,7.2,7.9
16585596,0723,85.2,81.1,80.8,45.2,46.4,45.5,873.5,899.2,897.1,30.7,14.5,13.0,8.8,7.5,8.0,24.3,16.8,17.8,91.9,95.6,95.2,75.0,66.3,65.6,0.0,0.0,0.0,999.9,999.9,999.9,0,7.2,7.9
16585596,0723,81.8,81.1,80.7,41.6,46.3,45.6,873.5,899.2,892.9,9.9,14.4,13.6,5.6,7.6,8.0,15.9,16.9,18.2,102.0,95.5,95.0,73.9,66.3,65.7,0.0,0.0,0.0,999.9,999.9,999.9,0,7.1,7.9
16585596,0723,81.1,81.1,80.8,41.6,46.3,45.6,872.4,899.2,892.9,9.9,14.4,13.5,4.7,7.6,8.0,18.1,16.9,18.3,91.9,95.5,95.0,64.9,66.4,66.3,0.0,0.0,0.0,999.9,999.9,999.9,18,7.0,7.9
16585596,0723,82.7,81.1,80.6,39.9,46.3,45.1,872.4,899.2,892.9,10.0,14.4,13.5,9.6,7.6,7.8,13.0,16.8,18.0,104.0,95.5,95.1,66.0,66.4,66.4,0.03,0.0,0.0,999.9,999.9,999.9,18,7.1,8.5
16585596,0723,76.4,81.1,80.6,49.3,46.3,45.2,873.1,899.2,893.0,39.8,14.3,12.5,8.8,7.6,7.9,10.1,16.8,18.0,93.0,95.6,95.5,71.1,66.4,66.3,0.0,0.0,0.0,999.9,999.9,999.9,0,7.2,9.0
16585596,0723,78.4,81.1,80.4,40.5,46.4,45.4,999.9,898.5,893.0,9.9,14.3,13.5,6.2,7.6,7.9,19.0,16.8,17.9,79.0,95.7,95.5,70.0,66.3,66.3,0.11,0.0,0.0,999.9,999.9,999.9,0,7.1,8.4
16585596,0723,80.7,81.1,80.2,41.4,46.3,45.0,999.9,899.2,897.3,9.9,14.3,13.5,6.3,7.6,7.9,24.1,16.7,18.1,95.0,95.6,95.2,62.1,66.4,66.5,0.0,0.0,0.0,999.9,999.9,999.9,18,7.0,8.4
16585596,0723,81.1,81.1,80.4,55.6,46.4,44.5,999.9,900.0,901.5,14.9,14.2,13.5,5.6,7.6,7.8,22.0,16.8,18.1,99.0,95.6,94.8,63.0,66.5,66.2,0.14,0.0,0.0,999.9,999.9,999.9,0,7.0,9.0
16585596,0723,82.3,81.1,80.5,54.6,46.4,45.0,873.6,900.7,905.8,9.9,14.2,13.7,7.8,7.6,7.7,24.3,16.8,18.0,104.0,95.6,94.7,72.0,66.4,66.3,0.0,0.0,0.0,999.9,999.9,999.9,0,6.9,9.0
16585596,0723,76.7,81.1,80.4,46.5,46.4,45.3,869.7,900.0,905.9,13.5,14.2,13.7,10.6,7.5,7.8,26.0,16.9,18.0,102.0,95.7,94.9,71.1,66.5,66.6,0.03,0.0,0.0,999.9,999.9,999.9,18,6.9,8.4
16585596,0723,82.7,81.0,80.1,54.1,46.4,45.6,869.5,899.3,901.6,10.0,14.2,13.8,11.6,7.5,7.9,13.0,17.0,18.4,95.0,95.8,95.6,75.9,66.5,67.1,0.15,0.0,0.0,999.9,999.9,999.9,0,6.9,9.0
16585596,0723,80.7,81.0,80.1,48.9,46.3,45.9,869.5,899.3,897.2,10.0,14.2,13.8,4.9,7.6,8.0,14.0,17.0,18.0,90.0,95.7,95.7,62.1,66.5,67.5,0.0,0.0,0.0,999.9,999.9,999.9,18,6.9,8.4
16585596,0723,82.8,81.0,79.9,41.2,46.3,46.2,999.9,899.2,897.1,10.0,14.2,13.8,10.1,7.6,7.9,15.9,17.0,17.6,93.0,95.8,95.6,62.1,66.5,67.4,0.0,0.0,0.0,999.9,999.9,999.9,0,7.0,8.4
16585596,0723,87.8,81.0,80.0,41.2,46.4,46.2,872.9,899.2,901.3,10.0,14.2,13.8,6.9,7.6,8.0,18.1,17.0,17.6,93.0,95.7,95.5,64.9,66.4,67.1,0.0,0.0,0.0,999.9,999.9,999.9,0,7.0,8.4
16585596,0723,82.3,81.0,80.2,57.6,46.3,46.4,871.4,899.2,901.3,14.9,14.2,13.8,10.4,7.5,8.0,8.9,17.0,17.4,88.7,95.7,95.2,62.1,66.4,66.9,0.14,0.0,0.0,999.9,999.9,999.9,2,6.8,8.4
16585596,0723,79.9,81.0,80.6,48.9,46.4,47.1,872.4,898.5,901.4,9.9,14.2,13.6,6.6,7.6,8.2,19.0,17.0,17.1,90.0,95.6,94.8,71.1,66.4,66.8,0.0,0.0,0.0,999.9,999.9,999.9,0,6.7,7.9
16585596,0723,82.7,81.0,80.7,57.2,46.4,47.2,872.4,898.5,901.5,10.0,14.2,13.6,9.3,7.6,8.1,22.0,17.0,17.2,102.9,95.6,94.7,66.0,66.4,67.1,0.0,0.0,0.0,999.9,999.9,999.9,0,6.7,7.9
16585596,0723,78.4,81.0,81.0,41.4,46.4,47.2,875.8,898.6,897.2,9.9,14.2,13.6,9.9,7.6,8.1,18.1,17.0,17.5,95.0,95.6,95.0,64.9,66.4,67.1,0.0,0.0,0.0,999.9,999.9,999.9,18,6.6,7.9
16585596,0723,81.8,80.9,80.8,45.0,46.3,47.1,999.9,898.6,893.1,13.5,14.2,13.3,4.9,7.6,8.2,13.0,17.0,17.6,88.7,95.6,95.1,64.9,66.4,67.2,0.02,0.0,0.0,999.9,999.9,999.9,0,6.7,7.9
16585596,0723,76.8,80.9,80.5,45.2,46.3,46.6,869.5,899.3,893.1,10.0,14.2,13.2,10.6,7.6,8.2,18.1,17.0,17.5,104.0,95.7,94.6,61.0,66.4,67.1,0.0,0.0,0.0,999.9,999.9,999.9,0,6.7,7.9
16585596,0723,78.4,80.9,80.3,54.5,46.3,46.2,999.9,899.3,893.0,30.7,14.2,13.2,9.8,7.6,8.2,20.0,17.0,17.5,91.9,95.7,94.9,70.0,66.4,67.1,0.0,0.0,0.0,999.9,999.9,999.9,18,6.7,7.9
16585596,0723,88.1,80.9,80.0,41.4,46.4,46.6,873.0,900.0,897.1,13.5,14.2,13.9,5.1,7.6,8.3,11.1,17.0,17.7,102.0,95.7,94.9,70.0,66.4,67.3,0.0,0.0,0.0,999.9,999.9,999.9,0,6.8,7.9
16585596,0723,77.1,81.0,80.5,46.5,46.4,46.3,999.9,900.0,897.3,10.0,14.3,14.0,10.2,7.7,8.2,22.0,17.0,17.5,98.1,95.7,95.1,66.9,66.4,67.7,0.0,0.0,0.0,999.9,999.9,999.9,0,6.7,7.3
16585596,0723,86.8,81.0,81.0,54.6,46.3,46.3,870.5,900.0,901.6,9.9,14.3,14.0,8.2,7.7,8.2,11.1,17.1,17.8,102.0,95.7,95.3,64.9,66.4,67.9,0.0,0.0,0.0,999.9,999.9,999.9,18,6.7,7.3
16585596,0723,80.9,81.0,81.3,44.1,46.4,46.9,871.0,900.0,901.7,14.9,14.1,14.0,8.2,7.7,8.1,15.9,17.0,17.1,98.1,95.8,95.4,73.9,66.4,67.9,0.0,0.0,0.0,999.9,999.9,999.9,18,6.8,7.3
16585596,0723,78.4,81.0,81.3,47.2,46.4,46.8,872.4,900.0,901.6,10.0,14.0,13.2,5.3,7.7,8.1,15.9,16.9,17.1,93.0,95.7,95.3,71.1,66.4,68.0,0.01,0.0,0.0,999.9,999.9,999.9,0,6.8,7.3
16585596,0723,80.3,81.0,81.3,37.5,46.4,46.4,868.1,900.0,901.8,9.8,14.0,13.2,6.2,7.7,7.9,14.0,16.9,17.2,102.9,95.7,95.0,71.1,66.4,68.1,0.11,0.0,0.0,999.9,999.9,999.9,18,6.8,6.7
16585596,0723,81.1,81.0,81.0,44.1,46.4,45.9,875.8,900.0,901.7,22.2,14.0,13.2,5.6,7.7,7.9,13.0,17.0,17.3,87.1,95.7,95.5,66.9,66.4,68.0,0.0,0.0,0.0,999.9,999.9,999.9,0,6.9,7.3
16585596,0723,62.0,81.0,81.2,37.5,46.4,46.2,873.1,899.3,901.8,9.9,14.0,13.6,6.4,7.7,7.8,22.0,16.9,17.3,98.1,95.6,95.5,75.0,66.4,68.0,0.0,0.0,0.0,999.9,999.9,999.9,18,6.9,6.7
16585596,0723,82.3,80.9,80.5,47.2,46.4,46.4,871.5,899.3,901.8,9.7,14.0,13.6,10.4,7.7,7.8,15.9,16.9,17.5,100.0,95.6,95.5,66.2,66.4,68.1,0.0,0.0,0.0,999.9,999.9,999.9,0,6.9,6.7
16585596,0723,88.1,80.9,80.6,33.1,46.3,46.4,872.9,899.3,901.9,10.0,14.0,13.6,9.6,7.7,7.8,8.9,16.9,17.3,100.0,95.6,95.8,73.9,66.4,68.0,0.0,0.0,0.0,999.9,999.9,999.9,0,6.8,6.7
16585596,0723,82.7,80.9,80.7,47.2,46.3,46.0,872.7,899.3,901.9,9.7,14.0,12.9,8.8,7.7,7.8,18.1,16.9,16.7,102.9,95.6,96.1,71.1,66.4,68.0,0.0,0.0,0.0,999.9,999.9,999.9,0,6.8,6.7
16585596,0723,82.3,80.9,80.7,45.2,46.3,46.2,870.4,899.3,901.8,9.9,14.0,12.9,6.4,7.7,8.0,26.0,16.9,16.8,93.9,95.6,96.1,62.1,66.5,67.9,0.0,0.0,0.0,999.9,999.9,999.9,18,6.8,6.7
16585596,0723,76.7,80.9,80.8,45.2,46.3,46.3,868.1,899.3,901.8,10.0,14.0,12.9,6.2,7.7,8.0,10.1,17.0,17.1,93.9,95.6,96.2,62.1,66.5,67.8,0.0,0.0,0.0,999.9,999.9,999.9,0,6.9,6.7
16585596,0723,69.7,80.9,80.6,39.9,46.3,46.5,871.5,899.2,901.6,10.0,14.0,12.9,4.7,7.7,7.9,24.3,16.9,17.0,89.1,95.6,95.9,61.0,66.5,67.7,0.0,0.0,0.0,999.9,999.9,999.9,0,6.8,6.1
16585596,0723,86.6,80.8,80.3,58.4,46.3,46.2,869.5,899.3,901.6,10.0,14.0,11.9,8.7,7.6,7.8,8.9,17.0,17.5,102.0,95.6,95.7,62.2,66.5,67.3,0.0,0.0,0.0,999.9,999.9,999.9,0,6.7,6.1
16585596,0723,82.3,80.9,80.6,44.1,46.3,46.7,999.9,898.5,897.2,22.3,14.0,11.9,10.6,7.7,7.8,11.1,17.0,17.1,102.0,95.6,96.5,66.2,66.4,67.1,0.0,0.0,0.0,999.9,999.9,999.9,0,6.7,6.1
16585596,0723,74.2,80.9,80.7,49.3,46.3,46.8,870.5,899.2,897.2,10.0,14.0,12.3,9.9,7.7,8.0,14.0,17.0,16.7,99.0,95.7,96.7,66.9,66.4,67.2,0.0,0.0,0.0,999.9,999.9,999.9,18,6.6,5.5
16585596,0723,81.1,80.8,80.4,45.2,46.4,46.6,869.7,899.2,892.9,10.0,14.0,12.1,9.9,7.7,8.1,8.9,17.0,16.4,99.0,95.7,96.7,66.0,66.5,67.3,0.0,0.0,0.0,999.9,999.9,999.9,18,6.6,6.1
16585596,0723,88.8,80.8,80.4,57.5,46.3,46.3,873.0,899.2,892.8,10.0,14.0,12.1,8.8,7.7,8.2,15.9,16.9,15.9,79.0,95.7,96.6,61.0,66.4,67.1,0.0,0.0,0.0,999.9,999.9,999.9,18,6.6,6.7
16585596,0723,87.8,80.9,80.8,57.2,46.5,46.7,866.4,899.2,892.9,20.3,14.0,12.0,10.4,7.7,8.1,14.0,16.8,15.6,95.0,95.6,95.8,62.1,66.4,66.8,0.0,0.0,0.0,999.9,999.9,999.9,0,6.6,6.7
16585596,0723,69.7,81.0,81.0,33.1,46.5,46.8,999.9,899.2,892.8,9.9,14.0,12.4,5.1,7.7,8.1,18.1,16.8,15.6,98.1,95.7,95.8,66.9,66.3,66.3,0.0,0.0,0.0,999.9,999.9,999.9,18,6.5,6.7
16585596,0723,77.5,80.9,80.6,54.5,46.4,46.3,870.5,899.2,897.1,10.0,14.0,12.4,6.2,7.7,8.1,13.0,16.8,15.7,90.0,95.7,96.1,66.0,66.3,66.5,0.0,0.0,0.0,999.9,999.9,999.9,18,6.6,6.7
16585596,0723,80.7,80.9,80.4,41.4,46.5,46.7,869.5,899.2,892.8,9.9,14.0,12.4,9.3,7.7,8.0,17.1,16.8,15.6,93.0,95.7,96.0,62.1,66.3,66.6,0.0,0.0,0.0,999.9,999.9,999.9,18,6.6,7.3
16585596,0723,86.8,80.8,80.2,46.5,46.5,46.7,999.9,899.2,892.7,9.8,14.0,12.4,4.9,7.7,8.1,34.0,16.8,15.6,104.0,95.6,96.0,73.9,66.2,66.5,0.0,0.0,0.0,999.9,999.9,999.9,18,6.6,7.9
16585596,0723,86.6,80.9,80.3,45.2,46.5,46.3,869.5,899.9,897.0,9.7,14.0,12.2,10.2,7.6,7.9,15.9,16.9,16.5,93.0,95.7,96.5,73.9,66.2,66.9,0.0,0.0,0.0,999.9,999.9,999.9,18,6.7,8.4
16585596,0723,76.8,80.9,80.6,44.1,46.5,46.2,999.9,899.9,896.9,10.0,14.0,12.2,8.1,7.6,8.0,19.0,16.9,16.3,95.0,95.7,96.6,70.0,66.3,67.0,0.03,0.0,0.0,999.9,999.9,999.9,0,6.8,9.0
16585596,0723,76.7,80.8,80.4,39.9,46.5,45.8,999.9,900.6,901.1,9.8,13.9,12.2,11.6,7.7,8.0,18.1,16.8,16.2,95.0,95.7,96.3,72.0,66.3,67.1,0.0,0.0,0.0,999.9,999.9,999.9,18,6.8,9.0
16585596,0723,76.8,80.8,80.3,49.2,46.4,45.7,870.5,900.6,905.3,10.0,13.7,12.2,5.3,7.7,8.0,10.1,16.9,16.2,93.0,95.7,96.3,62.1,66.3,67.4,0.0,0.0,0.0,999.9,999.9,999.9,0,6.8,9.0
16585596,0723,87.8,80.8,80.1,50.2,46.4,45.9,868.1,900.6,901.0,13.5,13.7,12.1,3.7,7.7,8.0,11.1,16.9,16.2,100.0,95.7,96.5,66.0,66.4,67.3,0.0,0.0,0.0,999.9,999.9,999.9,18,6.8,9.0
16585596,0723,74.2,80.8,80.5,57.6,46.4,46.0,873.6,899.9,900.9,22.2,13.7,12.2,6.5,7.7,7.8,12.0,16.9,15.9,90.0,95.7,96.3,66.0,66.4,67.5,0.33,0.0,0.0,999.9,999.9,999.9,0,6.9,9.6
16585596,0723,82.8,80.8,80.4,55.6,46.5,46.1,873.0,899.9,896.7,10.0,13.6,11.9,6.6,7.7,7.7,19.0,16.8,15.7,79.0,95.7,96.3,62.1,66.4,67.3,0.11,0.0,0.0,999.9,999.9,999.9,18,6.8,9.0
16585596,0723,87.8,80.8,80.2,45.2,46.6,46.6,999.9,899.9,896.7,10.0,13.6,11.8,10.2,7.7,7.7,15.9,16.8,15.9,87.1,95.6,95.5,73.9,66.4,67.1,0.17,0.0,0.0,999.9,999.9,999.9,0,6.9,9.6
16585596,0723,78.3,80.9,80.5,58.4,46.6,46.6,869.5,900.6,896.7,9.7,13.6,11.8,8.1,7.7,7.7,14.0,16.9,15.7,99.0,95.5,95.1,66.0,66.5,67.3,0.0,0.0,0.0,999.9,999.9,999.9,18,6.9,9.6
16585596,0723,77.5,80.8,80.3,57.6,46.7,46.7,873.6,899.9,896.7,10.0,13.5,11.8,6.4,7.7,7.7,19.0,16.8,15.8,93.0,95.6,95.0,71.1,66.4,67.3,0.0,0.0,0.0,999.9,999.9,999.9,0,7.0,9.6
16585596,0723,76.8,80.8,80.1,48.9,46.7,47.1,868.1,899.9,896.8,10.0,13.5,11.6,5.3,7.7,7.7,12.0,16.8,15.9,104.0,95.5,94.9,63.0,66.4,67.2,0.0,0.0,0.0,999.9,999.9,999.9,18,7.0,9.0
16585596,0723,69.7,80.8,80.1,50.9,46.7,47.2,871.0,899.9,896.6,22.3,13.5,11.6,6.6,7.7,7.7,11.1,16.8,15.8,95.0,95.6,95.2,54.0,66.4,67.0,0.0,0.0,0.0,999.9,999.9,999.9,18,7.1,9.6
16585596,0723,86.8,80.8,79.7,41.2,46.8,47.6,866.4,899.1,896.7,9.9,13.5,12.0,5.3,7.7,7.7,14.0,16.7,15.7,91.9,95.6,95.0,70.0,66.4,66.4,0.02,0.0,0.0,999.9,999.9,999.9,0,7.2,9.6
16585596,0723,76.4,80.8,79.9,58.4,46.7,47.6,873.0,899.1,896.4,9.7,13.5,11.6,9.3,7.6,7.7,10.1,16.7,15.7,99.0,95.6,95.1,70.0,66.5,66.5,0.0,0.0,0.0,999.9,999.9,999.9,18,7.2,9.6
16585596,0723,86.6,80.7,80.4,47.2,46.8,48.2,869.6,898.4,896.4,9.8,13.5,11.6,10.4,7.7,7.8,24.3,16.7,15.3,90.0,95.6,95.2,66.2,66.5,66.3,0.0,0.0,0.0,999.9,999.9,999.9,18,7.2,9.6
16585596,0723,81.1,80.8,80.6,41.6,46.9,48.2,873.1,898.4,896.3,10.0,13.5,11.6,6.2,7.7,7.8,11.1,16.7,15.6,79.0,95.5,94.8,71.1,66.5,66.3,0.17,0.0,0.0,999.9,999.9,999.9,0,7.3,10.2
16585596,0723,85.2,80.9,80.3,47.1,46.8,48.5,871.0,898.4,896.3,9.8,13.5,11.6,9.8,7.7,7.7,34.0,16.7,15.7,95.0,95.4,94.1,75.9,66.5,66.2,0.0,0.0,0.0,999.9,999.9,999.9,2,7.3,10.2
16585596,0723,81.1,80.9,80.4,41.4,46.8,48.5,872.7,898.4,896.3,9.9,13.5,11.6,9.9,7.7,7.7,10.1,16.8,16.2,93.9,95.4,93.9,62.1,66.5,66.4,0.11,0.0,0.0,999.9,999.9,999.9,18,7.2,10.3
16585596,0723,78.3,80.9,80.4,41.2,46.8,48.4,873.1,898.4,896.4,9.9,13.5,11.6,5.6,7.7,7.8,18.1,16.7,15.7,104.0,95.4,93.9,63.0,66.5,66.4,0.0,0.0,0.0,999.9,999.9,999.9,0,7.3,10.3
16585596,0723,82.8,80.9,80.4,39.9,46.8,48.3,999.9,898.4,896.5,13.5,13.5,11.6,3.7,7.7,7.8,31.1,16.8,15.9,102.9,95.4,94.2,62.1,66.5,66.4,0.0,0.0,0.0,999.9,999.9,999.9,0,7.3,10.3
16585596,0723,76.7,80.9,80.9,40.5,46.7,48.3,869.0,899.2,900.8,20.3,13.3,11.7,9.3,7.7,7.8,19.0,16.8,16.2,93.9,95.5,94.7,57.9,66.5,66.5,0.0,0.0,0.0,999.9,999.9,999.9,2,7.3,10.3
16585596,0723,82.8,80.8,80.5,49.3,46.6,47.7,999.9,899.1,900.8,9.9,13.4,12.1,3.7,7.7,7.8,13.0,16.8,16.5,91.9,95.4,94.4,66.0,66.4,66.3,0.15,0.0,0.0,999.9,999.9,999.9,0,7.3,10.3
16585596,0723,77.5,80.9,80.5,41.4,46.6,47.8,870.5,899.9,900.8,10.0,13.4,11.7,11.6,7.7,7.5,14.0,16.8,16.6,93.9,95.4,94.1,73.9,66.4,66.3,0.0,0.0,0.0,999.9,999.9,999.9,0,7.3,10.3
16585596,0723,87.8,80.8,80.7,45.2,46.6,47.6,873.1,899.9,900.8,9.7,13.2,11.7,5.6,7.7,7.6,15.9,16.8,16.6,79.0,95.4,93.9,57.9,66.4,66.5,0.0,0.0,0.0,999.9,999.9,999.9,16,7.3,9.7
16585596,0723,85.4,80.8,80.9,41.2,46.6,47.6,871.5,899.9,900.9,9.7,13.2,11.6,8.1,7.7,7.5,14.0,16.8,16.8,102.9,95.4,93.2,64.9,66.3,66.3,0.0,0.0,0.0,999.9,999.9,999.9,48,7.4,9.7
16585596,0723,77.5,80.8,80.8,58.4,46.6,47.0,868.1,899.9,900.9,10.0,13.2,11.6,5.6,7.7,7.4,19.0,16.8,16.7,93.9,95.4,94.0,66.0,66.3,66.4,0.0,0.0,0.0,999.9,999.9,999.9,0,7.7,10.7
16585596,0723,77.1,80.8,80.4,55.6,46.6,47.1,999.9,899.1,900.9,13.5,13.2,11.3,6.2,7.7,7.3,19.0,16.8,16.9,98.1,95.4,94.0,62.1,66.3,66.5,0.03,0.0,0.0,999.9,999.9,999.9,2,7.6,10.7
16585596,0723,85.4,80.8,80.7,37.5,46.6,47.8,870.0,899.8,900.9,9.9,13.2,11.4,6.3,7.7,7.3,11.1,16.9,16.9,104.0,95.4,94.0,61.0,66.2,66.4,0.0,0.0,0.0,999.9,999.9,999.9,0,7.6,10.1
16585596,0723,80.7,80.8,80.9,52.0,46.5,47.3,872.4,899.1,900.9,39.8,13.2,11.4,4.9,7.7,7.3,11.1,16.8,16.9,100.0,95.4,94.4,61.0,66.2,66.2,0.02,0.0,0.0,999.9,999.9,999.9,0,7.6,9.5
16585596,0723,82.7,80.8,80.9,57.5,46.5,47.6,869.5,898.4,901.0,9.8,13.4,12.4,5.6,7.7,7.2,10.1,16.7,16.7,90.0,95.5,94.7,64.9,66.2,66.2,0.0,0.0,0.0,999.9,999.9,999.9,0,7.5,8.9
16585596,0723,85.4,80.9,80.8,54.5,46.6,48.0,999.9,898.4,896.6,10.0,13.4,12.4,5.6,7.7,7.2,20.0,16.7,15.9,104.0,95.4,94.2,71.1,66.1,65.9,0.15,0.0,0.0,999.9,999.9,999.9,0,7.5,8.3
16585596,0723,78.4,81.0,80.7,46.5,46.6,48.3,873.0,899.1,901.0,10.0,13.3,12.4,9.3,7.7,7.0,20.0,16.7,16.0,87.1,95.5,94.6,61.0,66.2,65.8,0.0,0.0,0.0,999.9,999.9,999.9,18,7.4,7.7
16585596,0723,86.8,80.9,80.8,57.2,46.6,48.4,869.7,899.1,896.8,9.9,13.3,12.4,6.9,7.7,7.1,26.0,16.7,16.0,89.1,95.4,94.3,62.2,66.2,65.5,0.0,0.0,0.0,999.9,999.9,999.9,0,7.2,8.3
16585596,0723,89.6,80.9,81.1,44.1,46.7,48.9,873.0,899.1,892.4,22.3,13.3,12.4,5.6,7.7,6.9,18.1,16.8,16.3,93.9,95.3,94.1,63.0,66.2,65.2,0.0,0.0,0.0,999.9,999.9,999.9,0,7.2,7.7
16585596,0723,86.6,81.0,81.6,41.2,46.6,48.8,873.1,899.1,892.5,39.8,13.4,12.8,4.7,7.7,6.9,19.0,16.7,16.6,102.0,95.3,94.2,73.9,66.2,65.2,0.14,0.0,0.0,999.9,999.9,999.9,18,7.2,7.7
16585596,0723,89.6,81.0,81.5,41.2,46.6,48.5,875.8,898.4,892.7,10.0,13.6,13.7,8.8,7.7,7.0,18.1,16.8,16.8,104.0,95.3,94.2,71.1,66.2,65.4,0.0,0.0,0.0,999.9,999.9,999.9,18,7.2,7.7
16585596,0723,76.7,81.1,82.0,49.2,46.6,47.9,871.4,898.4,892.7,20.3,13.6,13.3,10.4,7.7,7.0,34.0,16.8,17.0,104.0,95.4,94.7,61.0,66.3,65.6,0.0,0.0,0.0,999.9,999.9,999.9,0,7.3,8.3
16585596,0723,77.1,81.1,81.8,36.2,46.6,47.7,869.5,898.4,892.7,22.2,13.6,13.6,5.6,7.7,7.2,15.9,16.9,17.5,104.0,95.5,95.5,61.0,66.3,65.6,0.11,0.0,0.0,999.9,999.9,999.9,0,7.3,7.7
16585596,0723,85.2,81.1,81.5,55.9,46.6,47.4,872.9,897.7,888.3,9.9,13.7,14.1,10.2,7.7,7.0,8.9,16.9,17.5,99.0,95.6,96.1,62.1,66.2,65.1,0.14,0.0,0.0,999.9,999.9,999.9,0,7.3,7.7
16585596,0723,78.3,81.1,81.7,41.2,46.7,47.3,869.5,897.0,888.5,10.0,13.5,14.1,9.3,7.8,7.1,10.1,16.9,17.4,104.0,95.6,96.1,59.0,66.2,65.0,0.0,0.0,0.0,999.9,999.9,999.9,0,7.3,7.1
16585596,0723,81.8,81.0,81.7,48.9,46.7,46.8,875.8,897.0,888.3,10.0,13.5,14.1,5.1,7.8,7.2,12.0,16.8,17.1,100.0,95.6,96.4,57.9,66.1,64.6,0.01,0.0,0.0,999.9,999.9,999.9,0,7.3,7.1
16585596,0723,83.0,81.0,81.9,46.5,46.7,46.8,869.5,897.0,888.6,10.0,13.5,14.1,9.3,7.8,7.2,24.3,16.8,17.1,91.9,95.6,96.3,62.1,66.1,64.4,0.0,0.0,0.0,999.9,999.9,999.9,18,7.2,6.5
16585596,0723,81.1,81.0,82.3,54.6,46.7,46.6,866.4,897.0,888.5,10.0,13.4,13.7,8.8,7.8,7.3,15.9,16.9,17.5,98.1,95.7,96.2,71.1,66.1,64.7,0.0,0.0,0.0,999.9,999.9,999.9,18,7.2,6.5
16585596,0723,76.8,81.0,82.2,58.4,46.8,47.1,870.0,897.0,888.5,10.0,13.4,13.7,6.2,7.8,7.4,14.0,16.9,17.6,95.0,95.6,96.4,66.9,66.1,64.7,0.33,0.0,0.0,999.9,999.9,999.9,18,7.3,7.1
16585596,0723,69.7,81.0,82.2,55.9,46.9,47.1,873.6,896.2,888.4,9.9,13.3,13.7,6.9,7.8,7.3,10.1,16.9,17.7,87.1,95.7,96.3,62.2,66.1,64.6,0.0,0.0,0.0,999.9,999.9,999.9,0,7.4,7.1
16585596,0723,79.3,81.0,81.6,47.2,46.9,47.4,869.5,896.2,888.6,9.9,13.3,13.7,8.8,7.7,7.2,15.9,16.8,17.2,102.0,95.6,96.2,71.1,66.0,64.5,0.17,0.0,0.0,999.9,999.9,999.9,2,7.4,6.5
16585596,0723,77.1,81.0,81.5,48.9,46.9,47.6,871.4,896.2,888.4,10.0,13.3,13.7,5.1,7.7,7.2,31.1,16.9,17.4,99.0,95.6,97.0,71.1,66.0,64.5,0.0,0.0,0.0,999.9,999.9,999.9,18,7.3,6.6
16585596,0723,89.2,81.0,81.3,33.1,46.8,47.6,869.6,896.2,888.5,9.9,13.3,13.7,6.5,7.7,7.1,15.9,16.9,17.3,95.0,95.7,97.1,73.9,66.0,64.4,0.11,0.0,0.0,999.9,999.9,999.9,0,7.3,7.1
16585596,0723,80.9,81.0,81.5,48.9,46.8,47.3,871.4,896.2,888.4,9.8,13.2,13.7,6.4,7.7,7.0,13.0,17.0,17.5,104.0,95.6,97.1,75.0,66.1,64.7,0.0,0.0,0.0,999.9,999.9,999.9,0,7.3,6.5
16585596,0723,77.5,81.0,81.6,54.6,46.9,47.6,869.7,896.2,888.3,9.9,13.2,13.7,9.6,7.7,7.0,17.1,17.0,17.3,93.0,95.7,97.1,66.2,66.1,65.1,0.0,0.0,0.0,999.9,999.9,999.9,0,7.3,6.5
16585596,0723,81.8,81.1,81.5,54.5,46.9,48.1,999.9,896.2,884.0,10.0,13.2,13.5,8.2,7.7,7.2,14.0,17.0,16.9,95.0,95.7,96.8,73.0,66.1,65.3,0.02,0.0,0.0,999.9,999.9,999.9,18,7.2,6.5
16585596,0723,78.3,81.1,81.6,48.9,47.0,48.6,872.4,896.9,888.3,10.0,13.2,13.2,10.4,7.7,7.2,11.1,16.9,16.7,99.0,95.7,96.8,70.0,66.1,65.8,0.0,0.0,0.0,999.9,999.9,999.9,18,7.3,7.1
16585596,0723,80.3,81.1,81.5,57.2,47.0,48.5,999.9,896.2,884.1,10.0,13.2,13.2,6.9,7.7,7.4,13.0,16.9,16.6,102.9,95.7,97.1,71.1,66.2,65.9,0.0,0.0,0.0,999.9,999.9,999.9,0,7.4,7.7
16585596,0723,79.9,81.1,81.6,45.2,47.0,49.1,869.6,896.9,888.4,10.0,13.2,13.2,9.6,7.7,7.2,18.1,16.8,16.6,91.9,95.8,97.4,71.1,66.2,65.8,0.0,0.0,0.0,999.9,999.9,999.9,0,7.4,7.7
16585596,0723,81.1,81.0,81.3,44.1,47.0,49.1,999.9,896.9,888.3,14.9,13.0,13.2,10.1,7.7,7.4,19.0,16.8,16.7,90.0,95.7,97.8,71.1,66.2,66.3,0.0,0.0,0.0,999.9,999.9,999.9,18,7.4,7.1
16585596,0723,79.3,81.0,81.2,45.2,47.0,49.2,869.5,897.6,892.5,10.0,13.1,13.4,7.8,7.7,7.4,24.1,16.8,16.8,99.0,95.7,97.4,68.0,66.2,66.5,0.01,0.0,0.0,999.9,999.9,999.9,0,7.5,6.1
16585596,0723,79.3,81.0,81.2,45.0,47.0,48.7,869.6,897.6,892.6,9.7,13.1,13.4,9.6,7.7,7.5,17.1,16.9,17.0,98.1,95.8,97.5,63.0,66.2,66.5,0.0,0.0,0.0,999.9,999.9,999.9,0,7.5,6.1
16585596,0723,81.8,81.0,81.3,39.9,47.0,48.4,866.4,896.9,888.2,30.7,13.1,13.3,5.6,7.7,7.6,15.9,16.9,16.9,104.0,95.7,97.5,71.1,66.2,66.6,0.11,0.0,0.0,999.9,999.9,999.9,0,7.5,6.1
16585596,0723,83.0,81.0,81.2,58.4,47.0,48.5,869.5,896.9,888.1,10.0,13.1,14.0,4.7,7.7,7.6,11.1,16.9,17.1,93.9,95.7,97.5,62.1,66.2,66.9,0.01,0.0,0.0,999.9,999.9,999.9,0,7.4,6.1
16585596,0723,69.7,81.0,81.3,54.5,47.0,48.7,873.0,896.9,888.0,9.9,13.1,13.0,9.9,7.7,7.6,31.1,16.9,17.1,93.0,95.7,97.3,70.0,66.2,66.9,0.0,0.0,0.0,999.9,999.9,999.9,0,7.4,6.1
16585596,0723,78.3,80.9,80.8,45.2,47.1,48.6,999.9,896.9,888.1,14.9,13.1,13.0,4.9,7.8,7.7,18.1,16.9,17.8,102.0,95.7,97.4,66.2,66.2,67.1,0.0,0.0,0.0,999.9,999.9,999.9,48,7.4,6.1
16585596,0723,86.8,80.9,80.6,57.2,47.1,48.3,999.9,897.6,888.1,22.2,12.9,13.1,10.1,7.7,7.7,12.0,16.9,17.7,99.0,95.7,97.4,75.0,66.2,66.9,0.0,0.0,0.0,999.9,999.9,999.9,18,7.7,7.7
16585596,0723,76.7,80.9,80.9,34.9,47.1,48.6,871.4,897.6,892.4,39.8,13.0,13.5,8.1,7.8,7.7,20.0,16.9,17.5,102.0,95.7,97.8,62.2,66.2,67.4,0.0,0.0,0.0,999.9,999.9,999.9,18,7.7,7.7
16585596,0723,82.3,80.9,80.5,47.1,47.0,47.9,868.1,897.6,892.4,10.0,13.2,14.5,10.6,7.8,7.8,20.0,16.9,17.3,95.0,95.7,98.2,66.9,66.2,67.4,0.0,0.0,0.0,999.9,999.9,999.9,16,7.8,8.3
16585596,0723,78.3,80.9,80.3,41.2,47.0,48.0,869.5,896.9,892.3,10.0,13.2,14.1,10.6,7.8,7.9,24.3,16.9,17.3,99.0,95.7,98.2,61.0,66.2,67.5,0.0,0.0,0.0,999.9,999.9,999.9,0,7.9,8.8
16585596,0723,78.3,80.9,80.0,54.1,47.1,48.0,869.5,896.9,892.2,9.9,13.2,13.1,10.2,7.8,8.1,22.0,16.9,17.5,93.9,95.7,98.1,62.1,66.2,67.1,0.01,0.0,0.0,999.9,999.9,999.9,0,7.9,8.2
16585596,0723,77.1,80.9,79.6,41.2,47.2,48.4,872.4,896.8,891.9,9.9,13.2,13.1,6.2,7.8,8.2,19.0,17.0,17.6,98.1,95.8,97.8,71.1,66.2,66.8,0.0,0.0,0.0,999.9,999.9,999.9,0,7.9,7.6
16585596,0723,77.1,80.8,79.6,37.5,47.2,48.1,871.0,896.1,892.0,9.7,13.2,12.8,6.2,7.8,8.0,18.1,17.0,17.1,93.9,95.8,97.6,70.0,66.3,67.2,0.0,0.0,0.0,999.9,999.9,999.9,18,7.9,7.6
16585596,0723,77.1,80.8,79.6,39.9,47.2,48.2,872.4,896.1,892.0,10.0,13.2,12.4,7.8,7.8,8.1,14.0,17.0,17.2,102.9,95.7,97.3,73.0,66.3,67.5,0.11,0.0,0.0,999.9,999.9,999.9,0,7.9,8.2
16585596,0723,85.2,80.8,79.4,57.2,47.1,47.6,999.9,896.2,892.0,9.9,13.2,12.4,5.1,7.8,8.0,19.0,17.0,17.4,99.0,95.9,97.4,73.9,66.3,67.8,0.0,0.0,0.0,999.9,999.9,999.9,0,7.9,8.2
16585596,0723,82.3,80.8,79.6,55.9,47.1,48.2,873.0,896.9,896.4,9.9,13.1,12.4,9.6,7.8,7.8,11.1,17.0,17.7,90.0,95.8,97.2,61.0,66.4,68.3,0.0,0.0,0.0,999.9,999.9,999.9,16,7.8,8.2
16585596,0723,76.4,80.8,79.6,55.9,47.2,48.4,873.5,896.9,896.3,10.0,13.1,12.4,6.9,7.8,8.0,19.0,17.0,17.6,104.0,95.8,96.9,62.2,66.4,68.4,0.02,0.0,0.0,999.9,999.9,999.9,18,7.9,8.7
16585596,0723,80.9,80.8,79.4,55.6,47.2,48.7,872.4,896.9,896.4,10.0,12.9,12.4,5.6,7.8,7.9,13.0,17.0,17.5,93.0,95.9,97.3,71.1,66.4,68.4,0.0,0.0,0.0,999.9,999.9,999.9,0,7.9,8.7
16585596,0723,89.2,80.8,79.4,45.2,47.2,48.8,873.5,896.9,896.6,14.9,12.9,12.4,6.6,7.8,7.8,11.1,17.0,17.4,93.0,95.9,97.1,71.1,66.4,68.4,0.02,0.0,0.0,999.9,999.9,999.9,18,7.8,8.1
16585596,0723,80.9,80.8,79.8,44.6,47.3,48.3,873.6,896.9,896.7,10.0,12.9,12.5,10.6,7.7,7.8,15.9,17.0,17.3,99.0,95.8,97.1,73.9,66.5,68.6,0.03,0.0,0.0,999.9,999.9,999.9,0,7.8,8.1
16585596,0723,78.3,80.8,80.2,36.2,47.2,47.9,999.9,896.2,896.7,10.0,12.9,12.5,5.3,7.8,7.9,15.9,17.0,17.5,102.0,95.8,97.5,63.0,66.5,69.0,0.02,0.0,0.0,999.9,999.9,999.9,0,7.8,8.1
16585596,0723,85.2,80.8,80.1,49.3,47.1,47.6,873.0,897.0,901.1,41.0,12.9,12.5,9.5,7.8,7.8,11.1,17.0,17.5,102.0,95.9,97.5,66.9,66.5,68.7,0.0,0.0,0.0,999.9,999.9,999.9,0,7.8,8.1
16585596,0723,80.7,80.8,80.4,44.6,47.1,47.6,872.7,896.3,901.1,9.9,13.1,13.6,6.2,7.8,8.0,14.0,17.0,16.8,99.0,95.9,97.6,62.1,66.5,68.5,0.0,0.0,0.0,999.9,999.9,999.9,18,7.7,7.5
16585596,0723,83.0,80.8,80.1,44.1,47.1,48.0,872.4,895.6,901.2,10.0,13.1,13.6,10.2,7.8,8.0,12.0,17.0,16.7,104.0,95.9,97.7,61.0,66.5,68.1,0.14,0.0,0.0,999.9,999.9,999.9,0,7.8,8.1
16585596,0723,81.8,80.8,80.2,54.1,47.1,47.8,872.4,895.5,901.2,10.0,13.0,13.6,6.3,7.8,8.1,19.0,17.0,16.7,88.7,95.9,97.7,64.9,66.4,67.7,0.0,0.0,0.0,999.9,999.9,999.9,0,7.8,8.1
16585596,0723,83.0,80.8,80.3,58.4,47.1,47.8,875.8,895.6,901.3,10.0,13.0,13.6,9.9,7.8,8.0,10.1,17.0,16.8,102.0,95.9,97.5,54.0,66.4,67.6,0.0,0.0,0.0,999.9,999.9,999.9,18,7.8,8.1
16585596,0723,62.0,80.8,80.4,45.2,47.2,47.9,871.4,895.6,897.2,22.3,13.0,13.6,9.8,7.8,8.0,19.0,16.9,16.6,93.9,96.0,97.8,54.0,66.4,67.0,0.0,0.0,0.0,999.9,999.9,999.9,0,7.8,8.1
16585596,0723,77.5,80.7,79.8,44.6,47.2,47.8,871.4,895.6,897.2,9.7,13.0,14.0,4.7,7.8,8.0,15.9,16.9,16.9,93.9,96.0,97.6,59.0,66.3,66.5,0.0,0.0,0.0,999.9,999.9,999.9,18,7.7,7.5
16585596,0723,81.1,80.6,79.8,57.2,47.2,47.4,872.4,895.6,892.9,10.0,13.0,14.0,6.9,7.8,7.9,34.0,17.0,17.0,93.9,96.0,97.3,71.1,66.3,66.1,0.0,0.0,0.0,999.9,999.9,999.9,18,7.8,8.1
16585596,0723,83.0,80.6,79.8,55.9,47.2,47.8,999.9,894.9,893.0,10.0,13.0,14.0,3.7,7.8,7.9,11.1,17.1,17.5,99.0,96.0,97.4,68.0,66.3,66.1,0.11,0.0,0.0,999.9,999.9,999.9,48,7.9,8.7
16585596,0723,83.0,80.6,79.9,45.2,47.2,48.2,873.5,895.6,893.0,10.0,13.0,13.8,11.6,7.7,7.6,18.1,17.1,17.3,95.0,96.0,97.7,72.0,66.4,66.0,0.0,0.0,0.0,999.9,999.9,999.9,0,8.1,9.7
16585596,0723,82.7,80.7,80.0,55.6,47.3,48.2,875.8,895.6,893.1,9.9,13.0,13.8,6.6,7.8,7.8,10.1,17.0,17.1,102.9,96.0,97.5,61.0,66.4,66.1,0.0,0.0,0.0,999.9,999.9,999.9,0,8.0,9.7
16585596,0723,86.8,80.6,80.1,33.1,47.3,48.5,868.1,895.6,893.3,10.0,13.0,13.8,5.6,7.8,7.7,22.0,17.0,16.8,90.0,96.0,97.7,70.0,66.4,66.0,0.14,0.0,0.0,999.9,999.9,999.9,2,7.9,9.7
16585596,0723,74.2,80.7,80.3,34.9,47.2,48.3,869.0,895.6,893.4,10.0,13.0,13.1,9.9,7.7,7.7,18.1,17.1,17.0,93.9,96.1,97.2,70.0,66.4,66.0,0.0,0.0,0.0,999.9,999.9,999.9,0,7.9,9.7
16585596,0723,76.8,80.7,80.0,36.2,47.1,47.5,875.8,895.6,893.4,14.9,13.0,13.1,8.1,7.7,7.8,19.0,17.0,17.3,87.1,96.0,97.2,75.9,66.5,66.3,0.0,0.0,0.0,999.9,999.9,999.9,0,7.9,9.7
16585596,0723,77.1,80.6,80.2,50.9,47.1,46.9,873.6,895.6,893.5,14.9,13.1,13.3,9.3,7.7,7.8,26.0,17.1,16.9,100.0,96.0,97.0,63.0,66.5,66.5,0.0,0.0,0.0,999.9,999.9,999.9,2,7.9,9.7
16585596,0723,88.1,80.6,80.2,52.0,47.1,47.1,872.4,895.6,889.2,13.5,13.1,13.3,6.9,7.7,7.9,11.1,17.1,17.1,93.9,96.0,97.0,75.9,66.6,66.3,0.0,0.0,0.0,999.9,999.9,999.9,18,7.9,8.2
16585596,0723,78.3,80.7,80.2,33.1,47.1,46.9,873.6,894.9,885.0,10.0,13.1,13.0,9.5,7.7,7.8,26.0,17.1,17.1,99.0,96.0,96.8,62.1,66.6,66.4,0.0,0.0,0.0,999.9,999.9,999.9,0,7.9,8.2
16585596,0723,83.0,80.6,80.3,52.0,47.0,46.9,873.0,895.0,885.1,13.5,13.1,12.0,6.9,7.7,7.9,24.1,17.2,17.3,93.0,95.9,96.7,62.1,66.6,66.4,0.17,0.0,0.0,999.9,999.9,999.9,0,7.9,7.6
16585596,0723,79.9,80.6,80.3,55.9,47.0,47.0,869.6,895.0,885.2,9.8,13.1,12.1,6.5,7.8,7.7,26.0,17.2,17.4,99.0,95.9,96.6,73.0,66.5,66.2,0.02,0.0,0.0,999.9,999.9,999.9,18,7.8,7.1
16585596,0723,85.2,80.6,80.3,44.1,47.0,47.5,999.9,895.0,885.2,10.0,13.1,12.1,6.2,7.7,7.6,18.1,17.3,17.5,99.0,95.9,96.6,66.2,66.6,66.6,0.0,0.0,0.0,999.9,999.9,999.9,0,7.8,7.7
16585596,0723,81.1,80.7,80.6,39.9,47.0,47.2,999.9,895.7,889.6,9.9,13.1,12.1,10.2,7.7,7.5,15.0,17.2,17.4,98.1,95.9,96.8,70.0,66.6,66.7,0.0,0.0,0.0,999.9,999.9,999.9,18,7.8,7.7
16585596,0723,80.3,80.7,80.7,55.6,47.0,47.1,869.5,896.4,893.8,9.8,13.1,12.1,9.3,7.7,7.6,24.1,17.3,17.2,90.0,95.9,96.8,54.0,66.6,66.7,0.0,0.0,0.0,999.9,999.9,999.9,0,7.8,8.3
16585596,0723,62.0,80.7,80.8,54.1,47.1,47.7,871.5,895.7,893.8,14.9,13.1,12.1,6.4,7.8,7.7,11.1,17.3,17.4,91.9,95.9,96.7,73.9,66.5,66.2,0.01,0.0,0.0,999.9,999.9,999.9,0,7.8,7.7
16585596,0723,76.4,80.6,80.3,41.4,47.1,48.2,869.5,895.6,893.7,9.9,12.9,12.3,8.7,7.7,7.7,17.1,17.3,17.3,104.0,95.9,96.3,64.9,66.6,66.2,0.17,0.0,0.0,999.9,999.9,999.9,2,7.7,7.7
16585596,0723,77.5,80.6,80.0,54.6,47.1,47.7,866.4,895.7,889.4,10.0,12.9,12.3,8.2,7.8,7.8,19.0,17.3,17.3,99.0,95.9,96.5,71.1,66.6,65.9,0.0,0.0,0.0,999.9,999.9,999.9,0,7.6,7.7
16585596,0723,77.5,80.6,79.8,58.4,47.1,47.6,999.9,895.6,889.2,9.8,12.8,12.3,4.7,7.7,7.7,13.0,17.3,17.5,99.0,95.9,96.8,57.0,66.6,66.2,0.0,0.0,0.0,999.9,999.9,999.9,18,7.6,7.2
16585596,0723,79.9,80.6,79.9,54.6,47.2,47.7,873.6,895.6,893.4,9.8,12.8,12.3,5.3,7.7,7.7,19.0,17.2,17.3,90.0,96.0,96.6,73.9,66.5,66.1,0.0,0.0,0.0,999.9,999.9,999.9,0,7.7,7.2
16585596,0723,83.0,80.6,79.8,46.5,47.3,47.7,870.0,895.7,893.4,9.9,12.8,12.3,5.1,7.7,7.7,34.0,17.2,17.5,87.1,96.0,96.5,61.0,66.5,66.2,0.0,0.0,0.0,999.9,999.9,999.9,18,7.7,7.2
16585596,0723,77.5,80.6,79.6,58.4,47.3,47.7,872.9,895.7,893.3,9.9,12.8,12.1,6.2,7.7,7.6,10.1,17.3,18.3,89.1,95.9,96.3,71.1,66.5,65.8,0.0,0.0,0.0,999.9,999.9,999.9,18,7.8,7.2
16585596,0723,81.8,80.5,79.5,54.6,47.3,48.2,873.0,895.7,893.3,9.7,12.8,12.1,9.8,7.7,7.5,10.1,17.2,18.1,93.9,95.9,96.0,61.0,66.5,65.7,0.0,0.0,0.0,999.9,999.9,999.9,0,7.9,7.8
16585596,0723,83.0,80.5,79.6,44.1,47.3,48.8,868.1,894.9,889.1,9.9,12.7,12.1,9.5,7.7,7.6,24.3,17.2,17.9,102.9,95.9,95.7,66.0,66.5,65.7,0.11,0.0,0.0,999.9,999.9,999.9,0,7.9,7.8
16585596,0723,80.9,80.5,79.6,47.1,47.4,48.6,870.5,894.9,888.9,10.0,12.7,11.1,8.8,7.7,7.6,11.1,17.3,18.4,95.0,95.9,95.7,71.1,66.5,65.6,0.0,0.0,0.0,999.9,999.9,999.9,18,7.9,7.8
16585596,0723,62.0,80.5,79.6,47.1,47.3,48.7,999.9,894.9,888.8,30.7,12.7,11.1,4.7,7.7,7.7,19.0,17.2,18.3,102.0,95.9,95.6,66.9,66.6,65.9,0.0,0.0,0.0,999.9,999.9,999.9,18,8.0,7.8
16585596,0723,74.2,80.4,78.9,44.1,47.4,48.8,871.5,895.6,893.1,10.0,12.7,11.8,9.9,7.7,7.5,15.9,17.2,18.5,91.9,96.0,95.5,64.9,66.6,66.1,0.0,0.0,0.0,999.9,999.9,999.9,16,8.1,8.4
16585596,0723,89.2,80.3,78.6,54.1,47.4,48.5,873.5,895.6,893.0,41.0,12.7,11.8,6.3,7.7,7.6,18.1,17.3,18.4,95.0,96.0,95.6,70.0,66.5,66.1,0.0,0.0,0.0,999.9,999.9,999.9,18,8.0,8.9
16585596,0723,88.8,80.4,78.8,49.2,47.4,48.3,870.0,895.6,893.0,10.0,12.8,12.8,10.6,7.7,7.5,19.0,17.3,18.7,95.0,96.0,95.4,71.1,66.6,66.7,0.03,0.0,0.0,999.9,999.9,999.9,0,8.1,8.9
16585596,0723,76.7,80.4,79.7,45.0,47.3,48.5,872.4,895.6,892.9,10.0,12.8,12.4,10.1,7.7,7.5,24.3,17.3,18.7,100.0,96.0,95.5,62.1,66.6,67.2,0.0,0.0,0.0,999.9,999.9,999.9,0,8.1,8.9
16585596,0723,89.6,80.4,79.7,44.1,47.4,48.5,871.0,895.6,893.0,9.9,12.8,12.4,5.1,7.7,7.7,15.9,17.3,18.9,95.0,95.9,95.7,73.0,66.6,67.3,0.0,0.0,0.0,999.9,999.9,999.9,0,8.1,8.3
16585596,0723,81.8,80.5,80.0,36.2,47.4,48.1,999.9,895.6,892.9,10.0,12.8,12.4,10.2,7.7,7.7,20.0,17.2,18.3,102.0,95.9,95.7,64.9,66.6,67.4,0.0,0.0,0.0,999.9,999.9,999.9,18,8.0,7.7
16585596,0723,76.8,80.4,79.9,54.5,47.3,47.4,873.0,895.6,892.9,10.0,12.8,12.4,6.6,7.7,7.9,11.1,17.2,18.6,104.0,96.0,95.8,73.9,66.7,67.3,0.0,0.0,0.0,999.9,999.9,999.9,0,8.1,6.7
16585596,0723,74.2,80.4,79.7,48.9,47.4,47.7,999.9,894.9,892.9,10.0,12.8,12.4,4.7,7.7,7.7,10.1,17.2,18.4,93.0,96.1,96.1,62.1,66.7,67.4,0.0,0.0,0.0,999.9,999.9,999.9,0,8.0,6.7
16585596,0723,82.8,80.3,79.5,45.2,47.4,47.5,871.0,895.6,897.0,10.0,12.8,12.4,6.9,7.7,7.6,11.1,17.1,18.4,93.0,96.1,95.8,73.9,66.7,67.4,0.0,0.0,0.0,999.9,999.9,999.9,0,7.9,6.7
16585596,0723,89.6,80.4,79.3,34.9,47.5,47.9,869.5,895.6,897.1,20.3,12.8,12.4,5.6,7.7,7.7,24.3,17.1,18.0,102.9,96.1,95.9,73.9,66.7,67.5,0.0,0.0,0.0,999.9,999.9,999.9,18,7.9,6.7
16585596,0723,82.7,80.4,79.8,45.2,47.5,47.9,866.4,895.6,897.1,10.0,12.9,12.7,10.1,7.7,7.5,12.0,17.0,18.2,95.0,96.1,96.2,57.9,66.7,67.7,0.15,0.0,0.0,999.9,999.9,999.9,0,8.0,7.3
16585596,0723,76.7,80.5,80.0,47.1,47.5,48.2,872.4,895.6,896.8,10.0,12.8,12.6,5.6,7.7,7.6,24.1,17.0,18.0,95.0,96.1,96.4,62.1,66.7,67.1,0.02,0.0,0.0,999.9,999.9,999.9,0,7.9,7.3
16585596,0723,88.1,80.5,80.0,41.6,47.5,48.1,999.9,895.6,896.8,20.3,12.8,12.4,4.7,7.7,7.5,18.1,17.1,17.9,95.0,96.1,96.3,66.0,66.7,67.0,0.0,0.0,0.0,999.9,999.9,999.9,0,7.9,7.2
16585596,0723,62.0,80.5,80.0,44.6,47.4,47.7,869.5,895.6,901.0,10.0,12.9,12.6,7.8,7.7,7.4,8.9,17.1,18.2,93.9,96.1,96.3,64.9,66.7,66.7,0.03,0.0,0.0,999.9,999.9,999.9,0,7.9,6.6
16585596,0723,86.8,80.4,79.5,45.0,47.4,48.1,999.9,894.9,900.9,10.0,12.8,12.6,5.6,7.7,7.4,12.0,17.1,17.6,102.9,96.1,96.1,66.0,66.7,66.8,0.11,0.0,0.0,999.9,999.9,999.9,16,7.8,6.6
16585596,0723,69.7,80.4,79.6,58.4,47.4,47.9,869.5,894.9,905.1,9.8,12.8,12.5,6.9,7.7,7.3,15.0,17.0,17.2,79.0,96.1,96.5,73.9,66.7,66.9,0.0,0.0,0.0,999.9,999.9,999.9,0,7.9,7.1
16585596,0723,79.9,80.3,79.3,50.2,47.4,48.0,872.4,894.8,905.1,10.0,12.8,12.5,9.6,7.7,7.3,19.0,17.0,16.8,87.1,96.0,95.8,73.0,66.8,67.0,0.0,0.0,0.0,999.9,999.9,999.9,0,7.9,6.5
16585596,0723,69.7,80.3,79.1,37.5,47.4,48.2,999.9,894.8,900.9,10.0,12.8,12.5,9.8,7.7,7.4,14.0,17.0,16.9,93.9,96.0,95.4,66.0,66.8,67.2,0.0,0.0,0.0,999.9,999.9,999.9,18,7.8,6.5
16585596,0723,85.2,80.3,78.7,49.3,47.3,48.1,869.5,895.6,900.9,10.0,12.8,12.5,11.6,7.7,7.4,13.0,17.0,16.8,99.0,96.0,95.3,72.0,66.9,67.1,0.0,0.0,0.0,999.9,999.9,999.9,18,7.8,6.5
16585596,0723,77.1,80.4,78.9,49.3,47.3,47.9,999.9,895.6,900.9,10.0,12.8,12.5,6.4,7.7,7.5,13.0,17.0,16.5,88.7,96.0,95.6,61.0,66.9,67.7,0.0,0.0,0.0,999.9,999.9,999.9,0,7.9,7.1
16585596,0723,79.3,80.4,79.4,57.2,47.4,47.7,999.9,896.3,905.2,39.8,12.8,12.4,10.4,7.7,7.5,18.1,16.9,16.5,93.9,95.9,95.4,72.0,66.9,67.2,0.0,0.0,0.0,999.9,999.9,999.9,18,7.8,7.1
16585596,0723,79.3,80.4,79.5,46.5,47.5,48.2,999.9,897.0,909.5,9.9,12.8,13.4,6.5,7.7,7.6,13.0,16.9,16.6,104.0,95.9,95.1,70.0,66.9,67.5,0.0,0.0,0.0,999.9,999.9,999.9,18,7.8,7.7
16585596,0723,79.9,80.4,79.5,55.9,47.4,48.0,999.9,897.7,914.0,10.0,12.8,13.4,8.2,7.7,7.5,26.0,16.9,16.4,93.0,95.9,95.3,57.0,66.9,67.4,0.11,0.0,0.0,999.9,999.9,999.9,18,7.8,8.3
16585596,0723,77.1,80.3,79.6,39.9,47.4,47.9,873.1,898.5,914.0,20.3,12.8,13.4,10.2,7.7,7.6,24.3,17.0,16.8,93.0,95.9,95.1,68.0,66.8,67.4,0.0,0.0,0.0,999.9,999.9,999.9,18,7.9,8.3
16585596,0723,81.1,80.3,79.5,57.2,47.5,47.4,869.5,898.5,913.9,10.0,12.9,13.7,9.9,7.7,7.8,15.9,17.1,17.0,98.1,96.0,95.2,66.0,66.8,67.2,0.0,0.0,0.0,999.9,999.9,999.9,48,7.9,8.9
16585596,0723,79.9,80.3,79.5,41.6,47.6,47.7,866.4,898.4,913.9,39.8,12.9,13.7,6.2,7.7,7.9,13.0,17.1,16.4,104.0,96.0,95.5,62.2,66.8,67.4,0.0,0.0,0.0,999.9,999.9,999.9,18,8.1,9.9
16585596,0723,81.1,80.3,79.5,49.3,47.6,47.2,873.6,898.4,913.7,22.2,13.0,14.7,5.3,7.7,7.9,10.1,17.0,16.5,93.9,96.1,96.0,71.1,66.8,67.1,0.15,0.0,0.0,999.9,999.9,999.9,18,8.2,9.9
16585596,0723,89.2,80.3,79.5,47.2,47.6,47.0,870.5,898.4,913.7,9.9,13.0,15.1,10.2,7.7,7.8,12.0,16.9,16.5,88.7,96.1,96.0,62.1,66.7,67.4,0.0,0.0,0.0,999.9,999.9,999.9,18,8.3,10.5
16585596,0723,89.6,80.4,79.7,48.9,47.6,47.1,872.4,898.4,913.8,30.7,13.0,15.1,5.6,7.7,7.8,15.9,16.9,16.0,93.0,96.0,95.6,71.1,66.7,67.3,0.0,0.0,0.0,999.9,999.9,999.9,0,8.4,11.1
16585596,0723,81.1,80.4,80.0,55.9,47.7,47.2,999.9,898.4,913.9,10.0,13.1,15.8,11.6,7.7,7.7,11.1,16.9,16.2,102.9,96.0,95.5,62.1,66.7,67.3,0.0,0.0,0.0,999.9,999.9,999.9,18,8.3,10.5
16585596,0723,76.4,80.4,80.6,40.5,47.7,47.5,999.9,899.1,913.9,9.7,13.1,15.1,6.6,7.7,7.9,14.0,16.9,15.9,99.0,96.0,95.5,75.0,66.7,67.1,0.0,0.0,0.0,999.9,999.9,999.9,18,8.3,10.5
16585596,0723,83.0,80.4,80.7,50.2,47.7,47.3,999.9,899.8,918.2,10.0,12.9,15.1,9.3,7.7,7.8,13.0,16.9,15.9,95.0,96.0,95.8,70.0,66.7,67.5,0.0,0.0,0.0,999.9,999.9,999.9,0,8.4,10.5
16585596,0723,78.3,80.4,80.5,44.6,47.7,47.2,871.4,899.8,922.4,10.0,12.9,14.1,5.6,7.7,7.9,15.9,16.9,15.7,102.9,96.1,95.8,66.0,66.7,67.5,0.17,0.0,0.0,999.9,999.9,999.9,18,8.4,9.9
16585596,0723,74.2,80.4,80.2,47.2,47.8,47.1,869.6,899.1,922.4,10.0,12.9,14.1,8.8,7.7,7.8,14.0,16.8,15.6,99.0,96.2,96.0,66.9,66.7,67.3,0.0,0.0,0.0,999.9,999.9,999.9,0,8.4,10.5
16585596,0723,81.1,80.4,80.1,54.6,47.7,47.1,870.4,898.4,922.3,9.9,12.9,14.1,7.8,7.7,7.7,10.1,16.8,15.3,93.9,96.2,96.0,59.0,66.8,67.5,0.14,0.0,0.0,999.9,999.9,999.9,0,8.4,10.5
16585596,0723,89.2,80.4,79.8,44.1,47.7,47.5,872.4,898.4,922.3,20.3,12.9,14.1,11.6,7.7,7.8,20.0,16.7,15.1,95.0,96.1,96.0,62.2,66.7,67.0,0.0,0.0,0.0,999.9,999.9,999.9,18,8.4,10.5
16585596,0723,76.7,80.4,80.0,52.0,47.7,47.8,873.5,898.4,918.0,9.9,12.9,14.4,11.6,7.7,7.9,13.0,16.7,15.1,88.7,96.1,95.7,61.0,66.6,66.9,0.03,0.0,0.0,999.9,999.9,999.9,0,8.4,10.5
16585596,0723,83.0,80.4,80.0,50.9,47.7,47.7,873.1,898.4,918.1,9.9,12.9,14.4,9.6,7.7,8.0,12.0,16.7,15.1,98.1,96.0,95.2,62.1,66.6,66.5,0.0,0.0,0.0,999.9,999.9,999.9,18,8.4,10.5
16585596,0723,82.7,80.4,80.3,44.6,47.7,47.7,869.5,898.4,913.8,9.9,12.9,14.4,9.3,7.8,8.2,12.0,16.7,15.2,104.0,96.1,95.4,64.9,66.6,66.5,0.15,0.0,0.0,999.9,999.9,999.9,0,8.4,11.1
16585596,0723,76.7,80.4,80.3,40.5,47.7,47.7,871.0,897.7,913.8,9.8,12.9,14.4,10.2,7.8,8.3,22.0,16.7,15.2,89.1,96.1,95.8,54.0,66.6,66.2,0.0,0.0,0.0,999.9,999.9,999.9,0,8.4,11.1
16585596,0723,85.2,80.3,79.9,41.4,47.7,47.9,871.4,897.7,913.8,10.0,12.9,14.1,5.3,7.8,8.4,18.1,16.7,15.2,90.0,96.1,95.3,62.1,66.5,65.5,0.0,0.0,0.0,999.9,999.9,999.9,18,8.4,10.5
16585596,0723,78.4,80.4,80.0,50.9,47.6,47.8,873.0,897.7,914.0,9.7,12.9,14.1,9.8,7.7,8.3,17.1,16.7,15.4,93.9,96.1,95.1,75.0,66.5,65.7,0.0,0.0,0.0,999.9,999.9,999.9,0,8.5,11.1
16585596,0723,77.5,80.4,80.0,45.2,47.6,47.9,873.1,897.7,914.0,10.0,12.9,14.1,6.4,7.8,8.4,15.9,16.7,15.1,99.0,96.1,95.1,57.9,66.5,66.1,0.01,0.0,0.0,999.9,999.9,999.9,0,8.5,11.1
16585596,0723,76.8,80.3,79.7,57.2,47.6,48.0,875.8,897.7,909.8,10.0,12.9,13.7,7.8,7.7,8.5,11.1,16.7,15.0,99.0,96.1,95.2,70.0,66.5,65.8,0.0,0.0,0.0,999.9,999.9,999.9,0,8.5,11.1
16585596,0723,76.4,80.3,80.2,48.9,47.7,48.4,872.4,897.7,910.0,9.9,12.9,13.7,5.1,7.7,8.5,13.0,16.6,15.1,88.7,96.1,95.4,66.9,66.5,66.0,0.0,0.0,0.0,999.9,999.9,999.9,0,8.4,11.1
16585596,0723,86.8,80.3,79.8,47.1,47.7,48.6,869.5,897.0,905.8,9.7,12.9,13.7,7.8,7.7,8.4,15.9,16.6,15.2,102.9,96.1,94.9,73.0,66.5,66.0,0.0,0.0,0.0,999.9,999.9,999.9,0,8.4,10.6
16585596,0723,82.3,80.3,80.4,49.3,47.7,48.2,872.4,897.0,905.8,9.8,12.9,13.7,9.3,7.7,8.5,19.0,16.6,15.2,99.0,96.1,95.7,66.0,66.6,66.0,0.0,0.0,0.0,999.9,999.9,999.9,0,8.4,10.6
16585596,0723,76.7,80.4,80.5,41.2,47.7,48.2,869.6,896.3,905.8,39.8,12.8,13.7,5.6,7.7,8.5,15.9,16.6,15.2,99.0,96.2,96.1,62.1,66.6,65.8,0.0,0.0,0.0,999.9,999.9,999.9,18,8.3,10.6
16585596,0723,85.2,80.3,80.7,45.0,47.7,48.3,869.7,896.2,901.4,10.0,12.9,14.7,6.2,7.7,8.3,11.1,16.6,15.2,99.0,96.2,96.3,59.0,66.5,65.6,0.02,0.0,0.0,999.9,999.9,999.9,0,8.4,10.6
16585596,0723,76.8,80.3,80.7,57.5,47.7,48.1,869.5,895.5,901.4,10.0,12.9,14.7,10.2,7.7,8.1,24.3,16.6,15.2,93.0,96.2,96.3,71.1,66.5,65.2,0.03,0.0,0.0,999.9,999.9,999.9,0,8.4,10.0
16585596,0723,88.1,80.3,80.7,55.6,47.7,48.4,999.9,895.5,897.1,9.9,12.9,14.7,9.3,7.7,8.3,19.0,16.7,15.6,98.1,96.1,96.4,70.0,66.5,65.5,0.02,0.0,0.0,999.9,999.9,999.9,0,8.3,10.0
16585596,0723,81.1,80.3,81.0,40.5,47.7,48.4,869.0,896.2,897.1,10.0,12.9,13.7,6.5,7.7,8.2,18.1,16.7,15.6,102.0,96.1,96.6,66.9,66.5,65.5,0.0,0.0,0.0,999.9,999.9,999.9,18,8.2,9.4
16585596,0723,85.2,80.3,81.1,41.6,47.7,48.2,869.5,896.2,892.7,10.0,12.9,13.7,10.2,7.7,8.2,26.0,16.7,15.8,100.0,96.2,96.5,61.0,66.5,65.4,0.0,0.0,0.0,999.9,999.9,999.9,0,8.3,9.4
16585596,0723,80.9,80.4,81.2,47.2,47.7,47.7,873.0,896.2,888.4,10.0,12.9,13.7,3.7,7.7,8.3,14.0,16.8,15.8,99.0,96.1,96.7,68.0,66.4,65.5,0.0,0.0,0.0,999.9,999.9,999.9,18,8.2,8.8
16585596,0723,88.1,80.4,81.4,44.1,47.7,47.9,873.6,896.2,888.4,9.8,12.8,13.4,11.6,7.7,8.1,15.9,16.8,15.4,102.9,96.2,96.9,62.1,66.4,65.5,0.0,0.0,0.0,999.9,999.9,999.9,18,8.3,8.8
16585596,0723,82.3,80.5,81.6,46.5,47.8,47.5,873.5,896.2,888.5,10.0,12.8,13.4,6.3,7.8,8.1,15.9,16.7,15.4,95.0,96.2,97.1,62.1,66.4,65.4,0.33,0.0,0.0,999.9,999.9,999.9,0,8.3,7.8
16585596,0723,85.2,80.5,81.7,55.6,47.8,47.7,999.9,896.2,888.7,14.9,12.8,12.4,6.6,7.7,8.1,13.0,16.7,15.5,102.9,96.2,96.8,71.1,66.3,65.4,0.0,0.0,0.0,999.9,999.9,999.9,0,8.3,7.2
16585596,0723,69.7,80.5,81.8,58.4,47.9,47.9,875.8,896.9,892.9,9.9,12.9,12.1,4.7,7.7,8.2,17.1,16.8,15.6,93.9,96.2,97.1,66.9,66.3,65.4,0.11,0.0,0.0,999.9,999.9,999.9,18,8.3,6.6
16585596,0723,80.3,80.4,81.2,45.0,48.0,48.2,869.5,896.9,893.1,39.8,12.9,12.1,6.2,7.7,8.0,14.0,16.7,15.8,102.0,96.2,97.3,73.9,66.3,65.5,0.0,0.0,0.0,999.9,999.9,999.9,0,8.4,6.6
16585596,0723,74.2,80.4,80.8,39.9,48.0,48.1,871.0,896.9,893.0,9.9,13.0,12.4,8.2,7.7,8.0,11.1,16.7,15.7,99.0,96.2,97.6,54.0,66.4,65.6,0.0,0.0,0.0,999.9,999.9,999.9,0,8.3,6.6
16585596,0723,76.7,80.4,80.6,55.9,47.9,47.6,869.6,897.0,888.7,10.0,13.0,12.4,7.8,7.7,7.9,13.0,16.7,15.7,102.9,96.3,97.4,71.1,66.3,65.3,0.0,0.0,0.0,999.9,999.9,999.9,2,8.3,6.0
16585596,0723,81.8,80.4,80.6,52.0,48.0,48.1,869.7,896.9,884.4,10.0,13.0,12.4,4.9,7.7,7.9,18.1,16.6,15.7,90.0,96.3,97.6,75.9,66.4,65.2,0.0,0.0,0.0,999.9,999.9,999.9,2,8.3,5.5
16585596,0723,83.0,80.4,80.6,47.2,48.0,48.2,999.9,896.9,880.0,10.0,13.0,12.4,5.3,7.7,7.8,24.3,16.7,15.9,95.0,96.3,97.4,59.0,66.4,65.4,0.0,0.0,0.0,999.9,999.9,999.9,0,8.3,5.5
16585596,0723,88.8,80.4,80.7,49.3,48.0,48.2,873.5,896.9,884.3,10.0,13.0,12.4,5.6,7.7,7.8,14.0,16.7,16.1,104.0,96.2,97.1,72.0,66.4,65.2,0.0,0.0,0.0,999.9,999.9,999.9,18,8.3,4.9
16585596,0723,85.2,80.5,81.2,48.9,48.0,48.3,999.9,897.0,884.5,9.9,13.0,12.4,6.3,7.6,7.7,12.0,16.7,16.1,102.9,96.3,97.3,64.9,66.4,65.3,0.0,0.0,0.0,999.9,999.9,999.9,0,8.3,5.5
16585596,0723,76.4,80.5,81.4,50.2,48.0,48.1,869.7,897.7,888.8,30.7,13.0,12.4,6.9,7.6,7.6,18.1,16.8,16.2,95.0,96.3,97.6,71.1,66.4,65.5,0.0,0.0,0.0,999.9,999.9,999.9,18,8.2,5.5
16585596,0723,80.7,80.4,80.9,57.5,48.0,48.3,869.5,897.7,888.7,20.3,13.1,12.8,6.5,7.6,7.5,14.0,16.8,16.1,102.9,96.4,97.6,61.0,66.5,65.8,0.0,0.0,0.0,999.9,999.9,999.9,0,8.2,5.5
16585596,0723,86.6,80.4,81.1,55.6,48.0,48.5,999.9,897.7,888.6,10.0,13.1,13.1,8.7,7.6,7.3,11.1,16.8,16.2,102.0,96.4,98.1,73.0,66.5,65.8,0.0,0.0,0.0,999.9,999.9,999.9,0,8.2,5.5
16585596,0723,85.2,80.5,81.2,47.2,48.1,48.7,872.7,897.7,892.8,30.7,13.1,13.1,5.1,7.6,7.3,18.1,16.7,16.1,93.0,96.4,98.2,73.9,66.5,66.2,0.0,0.0,0.0,999.9,999.9,999.9,18,8.1,4.9
16585596,0723,81.8,80.5,81.3,41.6,48.1,48.7,869.5,897.7,892.9,10.0,13.2,13.8,5.3,7.6,7.1,18.1,16.8,16.3,100.0,96.4,97.8,64.9,66.6,66.5,0.0,0.0,0.0,999.9,999.9,999.9,0,8.1,5.5
16585596,0723,80.9,80.6,81.4,41.2,48.1,48.8,870.0,897.7,892.8,10.0,13.2,13.8,10.2,7.6,7.0,11.1,16.8,16.2,98.1,96.5,98.2,57.9,66.6,66.9,0.0,0.0,0.0,999.9,999.9,999.9,0,8.0,5.5
16585596,0723,88.8,80.5,81.3,55.6,48.0,48.8,869.5,897.0,892.8,10.0,13.2,13.8,10.2,7.6,7.1,17.1,16.6,16.0,93.9,96.5,98.5,61.0,66.5,66.7,0.02,0.0,0.0,999.9,999.9,999.9,0,7.9,4.9
16585596,0723,76.8,80.5,81.7,47.1,48.1,48.9,999.9,897.0,892.7,9.8,13.2,13.8,10.2,7.6,7.2,26.0,16.7,16.0,104.0,96.5,98.5,54.0,66.4,66.3,0.0,0.0,0.0,999.9,999.9,999.9,0,7.8,4.9
16585596,0723,78.3,80.5,81.6,52.0,48.1,49.0,873.0,897.0,896.9,10.0,13.2,13.8,10.2,7.6,7.3,24.3,16.7,16.3,93.0,96.5,98.6,68.0,66.3,66.1,0.0,0.0,0.0,999.9,999.9,999.9,18,7.8,4.9
16585596,0723,80.7,80.5,81.7,47.2,48.2,48.8,869.5,896.3,896.8,10.0,13.2,13.8,8.8,7.6,7.4,13.0,16.7,16.8,93.9,96.5,98.4,75.0,66.3,66.1,0.0,0.0,0.0,999.9,999.9,999.9,18,7.8,5.5
16585596,0723,69.7,80.6,81.8,40.5,48.2,48.8,870.5,896.3,896.7,10.0,13.2,13.8,6.5,7.6,7.5,31.1,16.7,16.8,102.0,96.5,98.6,62.2,66.4,66.3,0.0,0.0,0.0,999.9,999.9,999.9,18,7.9,6.1
16585596,0723,80.7,80.5,81.3,57.2,48.1,48.5,999.9,896.3,896.7,10.0,13.2,13.8,9.6,7.7,7.4,19.0,16.9,17.3,102.0,96.5,98.6,66.0,66.3,66.0,0.0,0.0,0.0,999.9,999.9,999.9,18,7.9,6.7
16585596,0723,88.8,80.5,81.2,50.9,48.1,48.8,871.0,897.0,901.0,10.0,13.1,13.8,9.5,7.7,7.4,14.0,16.9,17.3,93.0,96.6,98.7,66.9,66.3,66.0,0.11,0.0,0.0,999.9,999.9,999.9,0,8.0,7.3
16585596,0723,79.3,80.5,81.6,46.5,48.1,49.1,869.5,897.0,901.0,10.0,13.1,12.9,9.3,7.7,7.6,14.0,16.9,17.2,99.0,96.7,98.5,61.0,66.4,66.1,0.0,0.0,0.0,999.9,999.9,999.9,18,7.9,6.7
16585596,0723,74.2,80.5,81.4,57.6,48.1,49.2,869.5,896.2,901.0,10.0,13.1,12.9,4.7,7.7,7.7,11.1,16.9,17.3,99.0,96.7,98.5,75.9,66.3,66.2,0.11,0.0,0.0,999.9,999.9,999.9,0,8.0,7.3
16585596,0723,80.9,80.5,81.3,54.5,48.1,49.2,872.9,896.2,901.0,9.9,13.1,12.9,5.3,7.7,7.5,13.0,16.8,16.9,90.0,96.7,98.7,62.2,66.4,66.4,0.0,0.0,0.0,999.9,999.9,999.9,18,7.9,7.3
16585596,0723,74.2,80.5,81.1,50.9,48.1,49.2,869.5,896.2,896.8,9.9,13.1,12.9,9.9,7.7,7.4,8.9,16.8,16.7,98.1,96.7,98.4,70.0,66.3,66.1,0.0,0.0,0.0,999.9,999.9,999.9,0,8.0,7.9
16585596,0723,77.1,80.5,80.8,57.5,48.1,49.5,873.0,896.2,896.8,10.0,13.1,12.8,9.8,7.7,7.5,14.0,16.8,16.3,102.9,96.7,98.3,73.9,66.3,66.2,0.02,0.0,0.0,999.9,999.9,999.9,18,7.9,7.3
16585596,0723,80.3,80.5,80.6,48.9,48.1,50.0,872.4,896.3,896.9,10.0,13.0,12.8,6.9,7.7,7.5,18.1,16.8,15.9,102.0,96.7,98.4,71.1,66.5,66.6,0.0,0.0,0.0,999.9,999.9,999.9,18,7.9,7.9
16585596,0723,85.2,80.5,80.6,37.5,48.2,50.1,870.4,896.3,896.9,10.0,13.0,12.8,10.6,7.7,7.6,11.1,16.8,16.1,99.0,96.8,98.5,73.9,66.5,66.7,0.03,0.0,0.0,999.9,999.9,999.9,18,8.0,7.9
16585596,0723,62.0,80.5,80.5,40.5,48.0,49.9,872.9,896.3,896.8,9.7,13.0,12.9,10.4,7.7,7.5,10.1,16.8,15.9,87.1,96.8,98.3,62.1,66.5,67.1,0.11,0.0,0.0,999.9,999.9,999.9,0,8.0,7.9
16585596,0723,85.2,80.4,79.8,39.9,48.0,49.7,999.9,896.3,896.8,10.0,13.0,12.8,9.6,7.7,7.7,17.1,16.8,15.7,102.0,96.8,98.1,75.0,66.5,67.1,0.0,0.0,0.0,999.9,999.9,999.9,0,7.9,7.9
16585596,0723,80.9,80.4,79.8,49.3,48.0,49.1,870.5,897.0,896.8,9.9,13.0,12.7,3.7,7.7,7.8,24.1,16.8,15.9,99.0,96.9,98.1,54.0,66.5,67.3,0.0,0.0,0.0,999.9,999.9,999.9,18,7.9,7.9
16585596,0723,85.4,80.4,80.2,46.5,48.0,48.8,869.0,897.0,896.6,10.0,13.0,12.7,5.6,7.7,7.7,12.0,16.7,16.1,99.0,96.9,98.2,62.2,66.4,66.8,0.0,0.0,0.0,999.9,999.9,999.9,18,8.0,7.9
16585596,0723,76.4,80.4,80.3,37.5,48.0,48.9,872.4,897.0,896.6,10.0,13.0,11.7,6.3,7.7,7.7,15.9,16.7,16.0,93.0,96.9,98.1,75.9,66.4,66.4,0.0,0.0,0.0,999.9,999.9,999.9,0,8.0,8.5
16585596,0723,85.4,80.4,80.4,55.6,48.0,48.8,999.9,897.0,896.6,14.9,13.0,11.7,8.8,7.7,7.7,12.0,16.7,16.2,98.1,96.9,97.9,62.1,66.4,67.2,0.0,0.0,0.0,999.9,999.9,999.9,18,8.0,8.5
16585596,0723,81.8,80.4,80.7,54.6,48.1,48.8,999.9,897.0,901.0,10.0,13.0,11.9,9.3,7.7,7.7,15.9,16.6,16.2,102.0,96.8,97.8,63.0,66.4,66.9,0.0,0.0,0.0,999.9,999.9,999.9,18,8.1,9.1
16585596,0723,78.3,80.4,80.7,45.2,48.2,48.9,870.5,897.7,905.3,10.0,13.0,11.9,9.5,7.7,7.8,31.1,16.6,16.1,93.0,96.9,98.2,61.0,66.5,66.4,0.0,0.0,0.0,999.9,999.9,999.9,18,8.2,9.6
16585596,0723,88.1,80.4,80.5,49.3,48.2,48.8,873.6,897.0,901.0,14.9,13.0,11.9,8.2,7.7,8.0,12.0,16.7,16.3,99.0,96.9,98.1,75.0,66.4,66.5,0.0,0.0,0.0,999.9,999.9,999.9,0,8.3,10.2
16585596,0723,81.1,80.5,80.5,50.9,48.2,48.8,869.5,897.0,901.0,10.0,13.0,12.0,6.9,7.7,8.1,15.9,16.7,16.2,93.9,96.9,97.9,71.1,66.4,66.6,0.0,0.0,0.0,999.9,999.9,999.9,16,8.3,9.6
16585596,0723,76.4,80.4,80.4,39.9,48.2,48.9,869.7,897.0,896.7,9.9,13.0,12.0,9.5,7.7,8.1,18.1,16.7,16.4,99.0,97.0,97.6,75.9,66.5,66.8,0.03,0.0,0.0,999.9,999.9,999.9,2,8.3,10.1
16585596,0723,82.8,80.4,80.4,45.0,48.2,48.5,999.9,897.0,896.7,9.7,13.0,11.3,9.6,7.7,8.2,19.0,16.7,16.4,102.0,97.0,97.8,62.1,66.6,67.0,0.01,0.0,0.0,999.9,999.9,999.9,0,8.0,9.6
16585596,0723,82.7,80.4,80.4,39.9,48.2,48.1,873.6,897.7,901.0,9.9,13.0,11.0,5.1,7.8,8.3,18.1,16.7,16.5,99.0,97.0,97.7,66.2,66.6,67.0,0.03,0.0,0.0,999.9,999.9,999.9,0,8.0,9.6
16585596,0723,78.3,80.4,80.3,50.9,48.1,47.6,873.0,897.0,896.8,9.9,13.0,11.0,5.6,7.8,8.2,10.1,16.7,16.8,91.9,97.0,97.6,71.1,66.6,66.8,0.0,0.0,0.0,999.9,999.9,999.9,0,8.0,9.6
16585596,0723,79.3,80.4,80.1,36.2,48.1,47.7,873.1,897.0,896.8,41.0,13.0,10.3,6.5,7.8,8.2,14.0,16.7,16.5,95.0,97.0,97.6,71.1,66.6,66.7,0.0,0.0,0.0,999.9,999.9,999.9,0,8.0,9.0
16585596,0723,89.6,80.4,80.0,48.9,48.1,47.5,869.6,897.0,896.9,10.0,13.0,11.3,5.3,7.8,8.2,13.0,16.7,16.4,100.0,96.9,97.4,73.9,66.7,66.9,0.0,0.0,0.0,999.9,999.9,999.9,0,8.0,9.0
16585596,0723,62.0,80.4,80.3,58.4,48.0,47.8,871.4,897.0,896.9,10.0,13.0,11.3,6.2,7.8,8.0,15.0,16.7,16.4,95.0,97.0,97.5,66.9,66.7,67.4,0.0,0.0,0.0,999.9,999.9,999.9,18,8.0,9.0
16585596,0723,77.1,80.3,79.4,49.3,48.0,47.9,999.9,896.3,897.0,22.3,13.0,11.3,6.2,7.8,7.9,13.0,16.7,16.4,102.0,96.9,97.5,66.9,66.7,67.6,0.0,0.0,0.0,999.9,999.9,999.9,0,8.1,9.6
16585596,0723,89.2,80.3,79.4,41.6,48.0,48.0,873.0,897.0,897.0,10.0,13.1,11.7,5.1,7.7,7.8,24.1,16.7,15.9,102.9,97.0,97.5,66.9,66.7,68.1,0.01,0.0,0.0,999.9,999.9,999.9,18,8.0,9.6
16585596,0723,85.4,80.3,79.8,49.2,48.0,47.6,869.7,897.0,897.0,9.9,13.1,11.7,6.6,7.7,7.6,15.0,16.7,15.9,90.0,97.1,97.8,62.1,66.8,68.0,0.0,0.0,0.0,999.9,999.9,999.9,0,8.1,9.6
16585596,0723,76.4,80.3,79.9,41.2,48.0,47.7,999.9,897.0,897.0,9.8,13.0,11.7,10.4,7.7,7.5,10.1,16.6,16.0,79.0,97.1,97.7,72.0,66.8,67.6,0.0,0.0,0.0,999.9,999.9,999.9,0,8.1,9.0
16585596,0723,76.8,80.2,80.1,58.4,48.0,47.7,872.7,897.7,901.3,22.3,12.8,11.7,10.2,7.8,7.7,19.0,16.6,15.3,99.0,97.0,96.9,75.0,66.8,67.9,0.0,0.0,0.0,999.9,999.9,999.9,0,8.0,8.4
16585596,0723,86.6,80.2,80.0,41.2,48.1,47.8,868.1,897.7,897.1,9.9,12.9,12.1,5.3,7.8,7.7,18.1,16.6,15.3,95.0,96.9,96.8,54.0,66.8,68.2,0.0,0.0,0.0,999.9,999.9,999.9,18,7.9,7.8
16585596,0723,85.2,80.2,79.9,41.2,48.0,47.4,872.7,897.7,897.0,9.9,12.9,12.1,9.5,7.8,7.5,11.1,16.5,15.4,95.0,96.9,96.9,62.1,66.7,67.8,0.0,0.0,0.0,999.9,999.9,999.9,0,8.0,8.4
16585596,0723,85.4,80.3,80.1,57.6,48.1,47.3,872.4,897.7,897.1,10.0,12.8,12.1,6.4,7.8,7.6,20.0,16.5,15.3,93.9,96.8,96.7,62.1,66.7,67.8,0.0,0.0,0.0,999.9,999.9,999.9,0,8.0,7.8
16585596,0723,78.4,80.3,80.5,41.6,48.1,47.2,873.6,897.7,897.2,30.7,12.8,12.1,10.6,7.8,7.6,19.0,16.5,15.6,95.0,96.8,96.6,61.0,66.7,67.4,0.17,0.0,0.0,999.9,999.9,999.9,0,8.0,7.8
16585596,0723,78.4,80.3,80.4,57.6,48.1,46.8,871.4,897.7,897.2,10.0,12.9,12.8,9.6,7.8,7.8,12.0,16.6,15.8,79.0,96.8,96.7,66.9,66.8,67.3,0.0,0.0,0.0,999.9,999.9,999.9,0,8.0,7.2
16585596,0723,79.3,80.2,80.6,44.6,48.1,47.0,868.1,897.7,897.3,9.9,12.9,12.8,8.7,7.8,7.8,19.0,16.6,15.9,93.0,96.6,96.1,71.1,66.8,67.2,0.0,0.0,0.0,999.9,999.9,999.9,0,8.0,7.2
16585596,0723,88.8,80.2,80.6,55.6,48.1,46.6,870.5,897.7,897.1,10.0,12.9,12.8,6.9,7.8,7.7,15.0,16.6,16.1,99.0,96.6,95.8,73.0,66.9,67.1,0.17,0.0,0.0,999.9,999.9,999.9,18,7.9,6.6
16585596,0723,81.1,80.3,80.9,57.6,48.1,46.8,866.4,897.7,897.0,39.8,12.9,12.8,9.8,7.8,7.7,20.0,16.6,16.0,98.1,96.6,95.7,71.1,66.9,67.2,0.14,0.0,0.0,999.9,999.9,999.9,0,7.9,6.6
16585596,0723,69.7,80.3,80.8,45.2,48.1,47.5,999.9,897.7,896.9,9.9,13.1,13.8,6.2,7.8,7.7,10.1,16.6,16.3,95.0,96.7,95.6,71.1,66.9,67.1,0.11,0.0,0.0,999.9,999.9,999.9,0,7.8,6.0
16585596,0723,69.7,80.3,81.1,44.6,48.1,47.7,869.6,898.4,901.1,9.8,13.1,13.8,8.2,7.8,7.6,15.9,16.6,16.3,98.1,96.7,95.9,54.0,66.9,67.4,0.02,0.0,0.0,999.9,999.9,999.9,0,7.8,6.0
16585596,0723,80.3,80.2,80.5,41.6,48.0,47.8,869.5,898.4,896.8,9.9,13.1,13.8,6.9,7.8,7.5,18.1,16.6,16.3,88.7,96.7,95.8,71.1,66.8,66.7,0.14,0.0,0.0,999.9,999.9,999.9,0,7.8,6.0
16585596,0723,81.1,80.3,80.5,48.9,48.0,47.6,870.0,898.4,896.8,10.0,13.1,13.8,8.1,7.8,7.6,20.0,16.5,16.1,93.9,96.6,95.4,66.0,66.8,67.3,0.14,0.0,0.0,999.9,999.9,999.9,0,7.7,5.4
16585596,0723,80.3,80.2,80.4,55.9,48.1,47.6,873.0,898.4,896.8,10.0,13.1,13.8,6.6,7.8,7.7,15.9,16.5,16.3,90.0,96.6,95.2,66.2,66.8,67.4,0.0,0.0,0.0,999.9,999.9,999.9,0,7.7,4.8
16585596,0723,80.7,80.2,80.5,41.6,48.1,48.3,873.6,898.4,896.8,9.9,13.1,13.8,6.2,7.8,7.7,15.9,16.6,16.3,95.0,96.5,95.2,71.1,66.8,67.1,0.0,0.0,0.0,999.9,999.9,999.9,0,7.7,4.8
16585596,0723,76.4,80.2,80.3,57.6,48.1,47.8,873.6,898.4,892.6,13.5,13.1,13.6,5.3,7.8,7.6,10.1,16.6,16.4,95.0,96.6,95.0,54.0,66.8,67.4,0.15,0.0,0.0,999.9,999.9,999.9,18,7.7,4.2
16585596,0723,79.3,80.2,80.2,55.9,48.1,47.9,871.5,897.7,888.4,10.0,13.1,13.8,4.9,7.8,7.5,10.1,16.5,16.3,99.0,96.6,94.8,66.0,66.7,67.1,0.0,0.0,0.0,999.9,999.9,999.9,18,7.7,4.2
16585596,0723,76.8,80.2,80.2,54.6,48.1,48.2,873.1,897.7,888.4,10.0,13.1,13.8,5.3,7.7,7.4,26.0,16.5,15.6,102.0,96.6,95.0,57.9,66.7,67.2,0.01,0.0,0.0,999.9,999.9,999.9,0,7.7,4.2
16585596,0723,82.7,80.2,79.8,55.9,48.1,48.4,999.9,897.0,888.4,13.5,13.1,13.6,10.2,7.7,7.3,24.3,16.6,16.0,79.0,96.5,95.1,66.0,66.6,66.7,0.0,0.0,0.0,999.9,999.9,999.9,0,7.7,4.2
16585596,0723,69.7,80.2,79.9,40.5,48.2,48.6,872.4,897.7,892.7,9.9,13.1,13.7,10.1,7.7,7.4,19.0,16.6,16.3,99.0,96.5,94.6,71.1,66.6,66.5,0.0,0.0,0.0,999.9,999.9,999.9,0,7.7,3.7
16585596,0723,88.1,80.1,79.7,34.9,48.1,48.6,868.1,897.0,892.8,10.0,13.1,13.7,6.2,7.7,7.4,31.1,16.6,16.3,95.0,96.5,94.6,61.0,66.6,66.3,0.0,0.0,0.0,999.9,999.9,999.9,18,7.6,3.6
16585596,0723,76.7,80.2,79.8,50.2,48.1,48.3,999.9,897.0,888.4,39.8,13.1,13.7,9.3,7.7,7.3,15.9,16.7,16.7,100.0,96.5,94.4,61.0,66.5,66.3,0.01,0.0,0.0,999.9,999.9,999.9,0,7.7,4.2
16585596,0723,88.8,80.2,79.6,48.9,48.1,48.6,869.5,897.7,892.7,10.0,13.2,14.7,4.9,7.7,7.4,15.9,16.7,16.7,98.1,96.5,94.4,66.9,66.5,66.1,0.02,0.0,0.0,999.9,999.9,999.9,18,7.7,4.2
16585596,0723,86.6,80.2,80.0,36.2,48.2,48.6,873.6,897.8,892.5,10.0,13.1,14.7,9.3,7.7,7.4,13.0,16.7,16.9,102.0,96.5,94.6,71.1,66.5,66.0,0.02,0.0,0.0,999.9,999.9,999.9,0,7.8,4.8
16585596,0723,76.7,80.2,80.2,41.6,48.0,48.6,872.4,897.8,892.6,10.0,13.1,13.7,10.2,7.7,7.5,19.0,16.7,16.8,93.9,96.5,94.9,57.9,66.5,66.0,0.0,0.0,0.0,999.9,999.9,999.9,0,7.8,4.8
16585596,0723,79.9,80.3,79.8,49.3,48.0,48.3,871.0,897.8,892.6,10.0,13.1,13.7,8.2,7.7,7.6,12.0,16.6,17.0,102.9,96.5,94.7,61.0,66.5,65.5,0.0,0.0,0.0,999.9,999.9,999.9,0,7.8,4.8
16585596,0723,83.0,80.3,80.4,49.3,48.0,48.0,870.4,897.1,892.6,9.8,13.1,13.7,9.6,7.8,7.7,13.0,16.6,16.9,99.0,96.5,94.9,63.0,66.4,65.3,0.0,0.0,0.0,999.9,999.9,999.9,18,7.5,4.2
16585596,0723,77.1,80.3,80.6,49.2,47.9,48.0,869.7,896.3,888.3,10.0,13.0,13.3,6.2,7.8,7.8,26.0,16.6,16.9,99.0,96.5,94.8,61.0,66.4,65.1,0.02,0.0,0.0,999.9,999.9,999.9,48,7.5,4.8
16585596,0723,77.1,80.3,80.2,48.9,48.0,48.3,870.0,896.3,888.2,13.5,12.9,13.3,8.8,7.8,7.9,20.0,16.6,17.0,102.9,96.5,94.7,71.1,66.4,64.9,0.0,0.0,0.0,999.9,999.9,999.9,0,7.7,5.8
16585596,0723,80.3,80.2,79.9,41.6,48.0,48.2,870.5,896.3,888.2,9.9,12.9,13.4,4.7,7.7,7.9,11.1,16.6,17.2,98.1,96.6,95.1,70.0,66.4,65.2,0.0,0.0,0.0,999.9,999.9,999.9,0,7.6,5.8
16585596,0723,74.2,80.2,80.0,49.3,48.0,48.3,999.9,896.3,883.9,9.8,12.9,13.4,9.5,7.7,7.7,18.1,16.5,17.2,102.9,96.6,95.8,57.0,66.4,65.2,0.0,0.0,0.0,999.9,999.9,999.9,0,7.6,5.8
16585596,0723,79.9,80.2,79.9,47.2,48.0,48.0,872.9,897.1,888.1,10.0,12.9,13.0,10.6,7.7,7.7,8.9,16.5,17.2,104.0,96.6,95.9,72.0,66.4,64.6,0.11,0.0,0.0,999.9,999.9,999.9,18,7.6,5.8
16585596,0723,82.8,80.2,79.7,41.4,48.0,48.2,870.5,897.1,888.3,9.7,12.9,13.0,10.2,7.7,7.9,17.1,16.5,16.9,102.9,96.6,96.2,62.1,66.4,65.2,0.0,0.0,0.0,999.9,999.9,999.9,0,7.7,5.8
16585596,0723,85.4,80.3,79.6,55.6,48.1,48.2,999.9,897.1,888.2,14.9,12.9,13.0,6.4,7.8,7.9,20.0,16.5,17.1,95.0,96.7,96.4,71.1,66.4,65.2,0.33,0.0,0.0,999.9,999.9,999.9,16,7.6,5.8
16585596,0723,77.5,80.3,79.6,33.1,48.1,48.1,873.6,897.8,892.5,9.7,12.9,13.1,5.3,7.7,7.9,19.0,16.5,17.1,93.0,96.6,96.5,64.9,66.4,65.5,0.15,0.0,0.1,999.9,999.9,999.9,0,7.7,6.3
16585596,0723,81.1,80.3,79.6,50.2,48.0,47.8,999.9,897.1,892.5,30.7,12.9,12.4,3.7,7.7,7.7,10.1,16.5,17.1,102.9,96.6,96.4,66.9,66.3,65.6,0.0,0.0,0.1,999.9,999.9,999.9,0,7.7,6.3
16585596,0723,81.1,80.3,79.7,34.9,48.0,47.6,870.0,897.8,896.8,9.8,13.0,13.1,10.6,7.7,7.5,26.0,16.5,17.0,102.0,96.7,97.2,62.2,66.3,65.6,0.0,0.0,0.1,999.9,999.9,999.9,0,7.6,6.3
16585596,0723,76.8,80.3,79.8,50.9,47.9,47.2,870.0,897.8,896.8,10.0,13.0,13.1,3.7,7.7,7.6,18.1,16.5,17.2,93.0,96.7,97.5,62.2,66.3,65.3,0.0,0.0,0.1,999.9,999.9,999.9,2,7.5,6.3
16585596,0723,85.4,80.3,79.4,44.6,47.8,47.1,869.5,897.7,896.8,9.9,13.0,13.1,6.9,7.7,7.5,15.0,16.6,17.3,102.0,96.7,97.3,59.0,66.3,64.9,0.0,0.0,0.0,999.9,999.9,999.9,0,7.5,5.8
16585596,0723,80.9,80.2,79.5,48.9,47.8,46.7,871.0,897.7,896.9,10.0,13.0,12.1,9.3,7.7,7.4,19.0,16.6,17.2,104.0,96.7,97.4,66.0,66.2,64.5,0.0,0.0,0.0,999.9,999.9,999.9,16,7.4,5.8
16585596,0723,78.3,80.2,79.9,54.1,47.9,46.8,869.5,897.7,892.6,10.0,13.0,12.1,10.2,7.7,7.5,24.3,16.6,17.5,95.0,96.8,97.7,62.1,66.2,64.4,0.01,0.0,0.0,999.9,999.9,999.9,0,7.5,6.3
16585596,0723,80.7,80.2,80.2,55.9,48.0,47.1,870.0,897.0,892.6,9.9,13.0,12.1,10.6,7.7,7.6,11.1,16.6,17.7,95.0,96.7,97.6,73.9,66.2,64.6,0.01,0.0,0.0,999.9,999.9,999.9,0,7.5,6.3
16585596,0723,76.8,80.2,80.2,54.1,48.0,47.6,873.0,897.0,892.6,9.9,12.8,12.1,6.9,7.8,7.7,15.9,16.6,17.5,88.7,96.7,97.9,61.0,66.2,64.7,0.0,0.0,0.0,999.9,999.9,999.9,18,7.5,6.3
16585596,0723,82.7,80.2,80.0,37.5,48.0,47.7,871.5,897.0,892.7,9.8,12.8,12.1,10.1,7.8,7.7,17.1,16.6,17.4,87.1,96.6,97.7,66.2,66.2,64.6,0.0,0.0,0.0,999.9,999.9,999.9,18,7.5,6.9
16585596,0723,79.9,80.2,80.1,54.5,48.0,47.1,868.1,897.0,892.7,39.8,12.8,12.1,9.8,7.8,7.8,14.0,16.7,17.4,102.9,96.5,97.6,63.0,66.2,64.6,0.0,0.0,0.0,999.9,999.9,999.9,0,7.6,7.5
16585596,0723,89.6,80.2,80.1,45.2,48.0,47.6,866.4,896.9,892.5,9.9,13.0,13.1,10.4,7.8,7.9,15.0,16.6,17.3,102.9,96.6,97.8,64.9,66.2,64.3,0.11,0.0,0.0,999.9,999.9,999.9,0,7.6,7.5
16585596,0723,82.7,80.2,80.5,36.2,47.9,47.1,870.0,896.9,892.3,9.9,13.0,13.0,6.6,7.8,8.1,15.0,16.7,17.5,93.0,96.6,98.1,57.9,66.3,64.7,0.15,0.0,0.0,999.9,999.9,999.9,0,7.5,6.9
16585596,0723,81.8,80.3,80.6,45.2,47.9,46.5,999.9,896.9,892.2,39.8,12.9,13.0,8.7,7.8,8.1,26.0,16.7,17.7,104.0,96.6,97.9,62.1,66.3,64.4,0.02,0.0,0.0,999.9,999.9,999.9,18,7.5,6.3
16585596,0723,85.4,80.4,80.8,57.5,47.9,46.2,873.5,897.6,896.4,9.8,13.1,14.0,6.4,7.8,8.2,15.0,16.7,17.7,99.0,96.7,98.0,66.2,66.3,64.5,0.0,0.0,0.0,999.9,999.9,999.9,0,7.5,6.9
16585596,0723,85.2,80.4,80.9,54.6,47.9,46.2,870.5,897.6,892.2,22.2,13.1,13.9,6.4,7.8,8.1,24.3,16.6,17.4,93.0,96.7,98.6,73.0,66.3,64.5,0.0,0.0,0.0,999.9,999.9,999.9,0,7.4,6.9
16585596,0723,89.6,80.4,81.4,47.2,47.9,46.7,873.0,896.9,892.2,20.3,13.2,14.3,10.4,7.8,8.0,13.0,16.7,17.5,104.0,96.7,98.4,66.0,66.3,64.6,0.11,0.0,0.0,999.9,999.9,999.9,18,7.2,6.9
16585596,0723,80.7,80.4,81.5,41.6,47.9,47.1,866.4,896.9,892.3,9.9,13.2,14.6,6.5,7.8,8.1,31.1,16.6,16.9,104.0,96.7,98.7,62.1,66.3,64.8,0.0,0.0,0.0,999.9,999.9,999.9,18,7.3,6.9
16585596,0723,81.1,80.4,81.6,47.2,47.8,46.8,870.5,896.8,887.9,10.0,13.2,13.6,8.7,7.8,8.0,12.0,16.8,17.4,93.9,96.7,98.9,66.0,66.3,64.8,0.0,0.0,0.0,999.9,999.9,999.9,0,7.4,7.5
16585596,0723,81.8,80.4,81.3,55.9,47.9,46.8,870.4,896.8,887.9,9.7,13.2,13.6,9.5,7.8,8.2,13.0,16.7,17.3,98.1,96.7,98.7,71.1,66.3,64.8,0.0,0.0,0.0,999.9,999.9,999.9,0,7.3,6.9
16585596,0723,77.5,80.4,81.2,45.2,48.0,47.4,869.0,896.8,887.8,9.9,13.2,13.6,8.1,7.8,8.2,11.1,16.7,17.3,102.9,96.8,98.6,75.9,66.3,64.8,0.02,0.0,0.0,999.9,999.9,999.9,0,7.3,6.9
16585596,0723,79.3,80.4,81.2,49.3,48.1,47.5,999.9,896.8,887.7,10.0,13.2,13.6,5.6,7.8,8.1,15.0,16.6,17.0,93.0,96.8,98.9,57.9,66.3,65.4,0.0,0.0,0.0,999.9,999.9,999.9,18,7.3,6.9
16585596,0723,85.4,80.4,81.2,48.9,48.1,47.5,873.6,897.5,892.0,10.0,13.2,13.6,8.8,7.8,8.0,17.1,16.6,17.1,95.0,96.8,98.6,66.0,66.3,65.3,0.02,0.0,0.0,999.9,999.9,999.9,18,7.4,7.5
16585596,0723,80.9,80.4,81.3,41.2,48.0,47.5,873.5,897.5,892.1,10.0,13.1,13.6,6.9,7.8,8.0,19.0,16.6,17.3,95.0,96.8,98.4,70.0,66.2,65.4,0.0,0.0,0.0,999.9,999.9,999.9,0,7.4,7.5
16585596,0723,62.0,80.4,81.4,52.0,48.1,47.3,999.9,897.5,892.2,9.9,13.1,13.6,5.3,7.8,8.0,13.0,16.6,17.0,102.0,96.8,98.3,75.9,66.2,65.7,0.0,0.0,0.0,999.9,999.9,999.9,0,7.4,5.9
16585596,0723,76.8,80.3,80.9,34.9,48.1,47.4,870.4,898.2,896.5,9.9,13.1,13.5,10.2,7.8,7.9,22.0,16.5,16.8,98.1,96.8,98.3,66.9,66.3,65.8,0.0,0.0,0.0,999.9,999.9,999.9,0,7.4,5.9
16585596,0723,89.2,80.3,80.8,55.6,48.0,47.1,870.5,898.2,896.5,9.9,13.1,13.5,10.6,7.8,8.1,24.1,16.5,17.2,104.0,96.8,98.3,73.9,66.3,65.7,0.11,0.0,0.0,999.9,999.9,999.9,16,7.3,5.9
16585596,0723,77.5,80.3,81.3,57.2,48.0,47.4,873.6,897.5,892.2,9.9,13.1,13.5,8.2,7.8,8.1,15.9,16.5,17.4,93.9,96.9,98.3,73.9,66.3,66.3,0.0,0.0,0.0,999.9,999.9,999.9,0,7.4,6.5
16585596,0723,88.1,80.3,81.2,45.0,48.1,47.7,873.0,896.8,892.3,9.9,13.1,13.5,10.1,7.8,8.0,17.1,16.5,17.6,90.0,96.8,98.0,66.0,66.3,66.3,0.02,0.0,0.0,999.9,999.9,999.9,0,7.3,5.9
16585596,0723,78.4,80.4,81.4,41.2,48.1,47.8,872.9,896.8,892.3,22.2,13.1,13.5,3.7,7.8,8.0,13.0,16.5,17.6,102.9,96.8,97.5,71.1,66.4,66.5,0.0,0.0,0.0,999.9,999.9,999.9,0,7.3,5.9
16585596,0723,85.2,80.4,81.1,40.5,48.0,47.3,872.4,896.8,888.1,9.9,13.2,13.8,11.6,7.8,7.9,26.0,16.5,17.4,93.9,96.9,97.8,62.1,66.4,66.5,0.0,0.0,0.0,999.9,999.9,999.9,18,7.3,5.3
16585596,0723,82.8,80.5,81.4,50.2,48.0,47.6,872.4,896.9,888.1,10.0,13.2,13.8,8.7,7.8,8.1,8.9,16.5,17.6,104.0,96.8,97.8,73.9,66.4,66.4,0.0,0.0,0.0,999.9,999.9,999.9,0,7.4,5.9
16585596,0723,82.8,80.5,81.5,48.9,48.0,47.6,873.5,896.9,883.8,39.8,13.2,13.1,3.7,7.8,8.3,15.0,16.5,17.6,102.0,96.9,97.9,62.1,66.4,66.6,0.02,0.0,0.0,999.9,999.9,999.9,0,7.4,5.9
16585596,0723,80.9,80.6,81.5,46.5,47.9,48.0,873.0,896.2,883.9,30.7,13.3,14.1,3.7,7.8,8.1,18.1,16.5,17.2,99.0,96.9,97.9,57.0,66.4,66.6,0.0,0.0,0.0,999.9,999.9,999.9,0,7.3,5.9
16585596,0723,85.2,80.6,81.6,55.6,47.9,47.9,871.5,896.2,884.0,9.9,13.4,14.8,6.4,7.8,8.1,31.1,16.5,17.2,89.1,96.9,98.1,61.0,66.3,66.4,0.0,0.0,0.0,999.9,999.9,999.9,18,7.3,5.9
16585596,0723,81.1,80.6,81.6,45.2,47.9,48.3,869.7,896.2,884.1,9.8,13.4,14.8,5.3,7.8,8.1,15.9,16.5,17.7,100.0,96.9,97.6,71.1,66.3,66.5,0.0,0.0,0.0,999.9,999.9,999.9,48,7.3,6.5
16585596,0723,74.2,80.6,81.6,46.5,47.8,48.1,866.4,896.2,884.1,9.9,13.4,14.8,9.5,7.8,7.9,24.3,16.5,17.6,95.0,97.0,97.5,75.0,66.3,66.7,0.02,0.0,0.0,999.9,999.9,999.9,0,7.5,7.5
16585596,0723,76.8,80.6,81.5,34.9,47.8,47.9,999.9,896.1,883.9,9.9,13.4,14.7,6.5,7.8,7.9,18.1,16.6,17.6,90.0,97.0,97.5,64.9,66.4,67.1,0.0,0.0,0.0,999.9,999.9,999.9,0,7.5,7.5
16585596,0723,88.1,80.5,81.4,55.9,47.8,47.2,866.4,896.9,888.3,10.0,13.4,14.7,6.9,7.8,7.8,12.0,16.6,17.9,100.0,96.9,97.3,64.9,66.4,66.8,0.0,0.0,0.0,999.9,999.9,999.9,18,7.5,7.5
16585596,0723,80.9,80.6,81.8,55.9,47.8,47.2,872.9,896.8,888.1,9.9,13.4,14.8,5.3,7.8,7.8,18.1,16.6,17.7,102.0,97.0,97.7,73.9,66.4,66.9,0.0,0.0,0.0,999.9,999.9,999.9,0,7.5,7.5
16585596,0723,76.7,80.7,81.7,39.9,47.8,47.9,999.9,896.1,888.1,9.7,13.3,14.8,10.6,7.8,7.6,22.0,16.6,17.8,90.0,97.0,98.2,66.0,66.4,67.2,0.0,0.0,0.0,999.9,999.9,999.9,0,7.4,6.9
16585596,0723,69.7,80.7,81.6,54.5,47.8,47.4,873.0,896.8,892.5,10.0,13.3,13.8,11.6,7.8,7.6,15.9,16.6,18.0,99.0,97.0,97.8,62.2,66.4,67.3,0.33,0.0,0.0,999.9,999.9,999.9,18,7.3,6.9
16585596,0723,85.2,80.6,80.9,57.5,47.8,47.7,872.9,896.8,892.7,10.0,13.1,13.8,10.2,7.8,7.7,18.1,16.6,18.1,100.0,97.0,97.7,68.0,66.4,67.2,0.0,0.0,0.0,999.9,999.9,999.9,0,7.3,7.5
16585596,0723,62.0,80.5,81.0,45.0,47.9,48.4,869.6,896.9,892.8,10.0,13.1,13.8,8.7,7.8,7.8,8.9,16.6,18.2,93.0,97.0,97.9,62.1,66.4,67.5,0.0,0.0,0.0,999.9,999.9,999.9,0,7.3,7.5
16585596,0723,88.1,80.5,80.3,54.1,47.9,48.4,872.4,896.8,888.5,14.9,13.1,12.8,8.1,7.8,7.8,15.9,16.5,17.6,104.0,97.0,97.5,70.0,66.4,67.5,0.0,0.0,0.0,999.9,999.9,999.9,0,7.3,6.9
16585596,0723,89.2,80.5,80.4,44.1,47.9,48.3,868.1,896.9,888.4,9.7,13.2,12.9,6.4,7.8,7.9,8.9,16.5,17.6,93.9,97.0,97.7,62.1,66.3,67.7,0.11,0.0,0.0,999.9,999.9,999.9,0,7.3,6.9
16585596,0723,85.2,80.5,80.6,34.9,48.0,47.9,999.9,896.1,888.4,9.9,13.2,12.5,6.9,7.8,7.9,17.1,16.4,17.1,98.1,97.0,97.7,73.9,66.3,67.3,0.0,0.0,0.0,999.9,999.9,999.9,18,7.2,6.9
16585596,0723,80.7,80.5,80.4,57.5,47.9,47.5,871.4,896.8,892.6,13.5,13.2,12.2,7.8,7.8,7.7,10.1,16.5,17.3,99.0,96.9,97.5,66.0,66.3,67.6,0.0,0.0,0.0,999.9,999.9,999.9,18,7.3,6.9
16585596,0723,89.6,80.6,80.4,41.2,47.9,48.0,875.8,896.1,892.8,41.0,13.2,12.3,6.3,7.8,7.8,19.0,16.5,16.6,100.0,97.0,97.4,70.0,66.3,67.7,0.0,0.0,0.0,999.9,999.9,999.9,0,7.4,6.9
16585596,0723,62.0,80.6,80.7,57.6,47.9,47.8,866.4,896.1,892.9,13.5,13.4,13.3,6.6,7.8,7.7,11.1,16.5,16.8,99.0,97.0,97.6,72.0,66.3,67.8,0.15,0.0,0.0,999.9,999.9,999.9,18,7.4,6.9
16585596,0723,88.1,80.5,80.0,55.9,48.0,47.9,869.5,896.1,892.8,10.0,13.3,13.5,7.8,7.8,7.6,8.9,16.4,16.7,100.0,97.0,97.6,62.2,66.3,67.9,0.0,0.0,0.0,999.9,999.9,999.9,18,7.4,7.5
16585596,0723,82.7,80.5,80.4,55.9,48.1,48.3,873.0,896.1,892.8,9.9,13.3,13.5,10.2,7.8,7.6,14.0,16.4,16.7,102.9,97.0,97.5,57.9,66.3,67.4,0.0,0.0,0.0,999.9,999.9,999.9,0,7.5,8.1
16585596,0723,79.9,80.5,80.5,37.5,48.1,48.5,873.0,896.1,888.6,10.0,13.3,13.5,9.5,7.8,7.8,10.1,16.4,16.6,89.1,97.1,97.8,73.0,66.3,67.4,0.0,0.0,0.0,999.9,999.9,999.9,0,7.5,7.5
16585596,0723,79.9,80.5,80.3,52.0,48.1,48.1,999.9,895.4,888.6,22.2,13.3,13.5,10.6,7.9,7.8,10.1,16.3,16.4,90.0,97.0,97.6,71.1,66.4,67.6,0.0,0.0,0.0,999.9,999.9,999.9,18,7.5,6.9
16585596,0723,80.7,80.6,80.3,41.2,48.1,48.5,869.0,896.2,892.8,10.0,13.3,13.9,6.9,7.9,7.9,10.1,16.3,16.1,102.0,97.0,97.5,72.0,66.4,67.7,0.0,0.0,0.0,999.9,999.9,999.9,0,7.6,7.5
16585596,0723,81.8,80.5,80.9,54.1,48.1,48.1,872.4,895.4,888.4,20.3,13.3,13.9,5.3,7.9,8.0,13.0,16.3,16.0,98.1,97.0,97.5,62.1,66.4,67.5,0.0,0.0,0.0,999.9,999.9,999.9,18,7.5,7.5
16585596,0723,74.2,80.6,81.1,50.9,48.1,48.7,871.0,895.5,888.5,10.0,13.4,14.2,11.6,7.9,7.8,11.1,16.3,15.7,102.0,97.1,97.5,63.0,66.4,67.4,0.0,0.0,0.0,999.9,999.9,999.9,18,7.6,8.1
16585596,0723,80.3,80.6,80.6,44.1,48.1,48.6,869.5,895.4,888.5,10.0,13.4,14.2,6.3,7.9,7.8,17.1,16.3,15.3,93.9,97.2,97.4,75.9,66.3,67.0,0.0,0.0,0.0,999.9,999.9,999.9,48,7.7,8.2
16585596,0723,79.9,80.6,80.7,47.2,48.1,48.1,873.1,894.7,888.4,9.9,13.4,14.2,10.4,7.9,7.8,12.0,16.3,15.3,104.0,97.2,97.4,66.0,66.4,67.1,0.0,0.0,0.0,999.9,999.9,999.9,0,7.9,9.8
16585596,0723,76.4,80.6,80.4,36.2,48.1,48.2,870.5,894.7,888.4,10.0,13.4,14.2,9.6,7.8,7.8,11.1,16.3,15.1,98.1,97.2,97.9,62.1,66.3,67.1,0.0,0.0,0.0,999.9,999.9,999.9,18,7.8,9.8
16585596,0723,77.1,80.6,80.3,54.6,48.1,48.0,868.1,894.0,888.3,9.7,13.4,13.8,5.6,7.9,8.0,11.1,16.3,15.1,99.0,97.3,97.7,75.9,66.3,66.8,0.0,0.0,0.0,999.9,999.9,999.9,2,7.9,10.4
16585596,0723,62.0,80.6,80.1,41.6,48.0,48.5,872.9,893.3,888.1,22.2,13.2,13.8,3.7,7.8,7.8,22.0,16.2,14.6,95.0,97.3,97.9,68.0,66.3,67.2,0.0,0.0,0.0,999.9,999.9,999.9,18,7.8,9.9
16585596,0723,80.3,80.5,79.4,39.9,48.0,48.2,871.5,892.6,888.2,39.8,13.3,14.2,8.7,7.8,7.6,11.1,16.3,15.0,91.9,97.3,97.6,72.0,66.3,67.0,0.0,0.0,0.0,999.9,999.9,999.9,0,7.8,10.5
16585596,0723,81.8,80.5,79.3,41.4,47.9,47.9,869.5,891.9,888.1,9.9,13.5,14.2,5.6,7.8,7.8,13.0,16.2,14.9,89.1,97.2,97.2,73.9,66.4,67.4,0.0,0.0,0.0,999.9,999.9,999.9,2,7.7,10.5
16585596,0723,86.6,80.5,79.3,37.5,47.9,47.8,869.5,891.9,888.0,10.0,13.4,13.5,9.9,7.8,7.8,24.1,16.1,14.7,98.1,97.2,96.9,59.0,66.5,67.9,0.0,0.0,0.0,999.9,999.9,999.9,18,7.6,10.5
16585596,0723,81.8,80.6,79.4,45.2,47.8,47.2,873.6,891.9,887.9,9.7,13.4,13.5,8.1,7.8,7.9,12.0,16.2,14.5,91.9,97.2,97.2,70.0,66.4,67.9,0.0,0.0,0.0,999.9,999.9,999.9,0,7.4,10.5
16585596,0723,89.2,80.6,79.4,47.2,47.8,47.2,872.9,891.9,888.0,10.0,13.2,13.5,8.1,7.8,8.0,14.0,16.2,14.3,93.9,97.2,96.9,70.0,66.5,67.8,0.0,0.0,0.0,999.9,999.9,999.9,18,7.3,8.9
16585596,0723,78.3,80.6,79.9,46.5,47.8,47.2,872.4,891.9,888.2,10.0,13.2,13.5,9.8,7.8,8.0,10.1,16.2,14.0,95.0,97.2,96.9,66.9,66.5,67.7,0.0,0.0,0.0,999.9,999.9,999.9,18,7.3,9.5
16585596,0723,81.8,80.6,79.9,50.2,47.8,47.6,872.4,891.9,884.0,22.3,13.2,13.5,8.2,7.8,8.1,15.0,16.2,13.7,95.0,97.2,97.1,75.0,66.5,67.7,0.0,0.0,0.0,999.9,999.9,999.9,0,7.3,10.1
16585596,0723,86.6,80.5,79.7,44.1,47.8,47.4,873.1,891.9,884.2,14.9,13.1,13.9,6.6,7.8,8.1,18.1,16.2,13.8,102.9,97.2,96.9,61.0,66.5,68.1,0.0,0.0,0.0,999.9,999.9,999.9,18,7.3,9.5
16585596,0723,77.1,80.5,79.9,57.6,47.8,47.0,999.9,891.2,884.2,10.0,13.2,14.1,5.3,7.8,8.2,10.1,16.2,13.8,95.0,97.2,96.9,72.0,66.5,67.6,0.0,0.0,0.0,999.9,999.9,999.9,18,7.3,10.1
16585596,0723,83.0,80.5,79.9,47.1,47.9,47.6,871.5,891.2,884.2,10.0,13.2,14.1,5.6,7.8,8.0,20.0,16.2,13.4,89.1,97.2,97.1,73.9,66.5,67.8,0.01,0.0,0.0,999.9,999.9,999.9,0,7.3,10.7
16585596,0723,88.1,80.5,80.4,44.1,47.8,47.3,872.9,890.5,884.2,10.0,13.2,14.1,6.2,7.8,7.8,15.9,16.2,13.6,98.1,97.2,96.8,62.1,66.5,68.2,0.0,0.0,0.0,999.9,999.9,999.9,0,7.3,10.1
16585596,0723,81.1,80.6,80.5,57.2,47.8,46.9,875.8,890.5,884.2,10.0,13.2,14.1,6.2,7.8,7.7,15.9,16.2,13.5,93.9,97.1,96.7,71.1,66.5,68.0,0.0,0.0,0.0,999.9,999.9,999.9,18,7.2,10.1
16585596,0723,79.9,80.6,81.1,39.9,47.9,47.3,869.6,890.5,884.4,22.3,13.2,14.1,10.6,7.8,7.6,18.1,16.2,13.7,98.1,97.1,96.7,66.0,66.5,68.3,0.0,0.0,0.0,999.9,999.9,999.9,18,7.3,10.7
16585596,0723,76.8,80.6,80.8,33.1,47.8,46.8,868.1,890.5,884.3,9.7,13.2,14.4,6.9,7.8,7.7,11.1,16.3,13.8,93.0,97.1,96.5,73.9,66.5,68.2,0.0,0.0,0.0,999.9,999.9,999.9,18,7.4,11.3
16585596,0723,82.3,80.6,80.4,57.2,47.8,46.4,871.5,890.5,884.3,13.5,13.2,14.4,9.9,7.8,7.7,14.0,16.2,13.9,79.0,97.1,96.5,64.9,66.6,68.6,0.11,0.0,0.0,999.9,999.9,999.9,0,7.4,11.9
16585596,0723,81.8,80.6,80.3,49.2,47.8,47.2,999.9,890.5,880.0,10.0,13.2,14.5,8.7,7.8,7.8,20.0,16.2,13.8,93.9,97.1,95.9,66.0,66.6,68.3,0.0,0.0,0.0,999.9,999.9,999.9,0,7.4,11.3
16585596,0723,76.8,80.6,80.4,57.5,47.8,46.9,873.6,891.2,884.3,9.9,13.2,14.4,6.5,7.7,7.8,19.0,16.3,14.1,104.0,97.0,95.7,62.2,66.6,68.3,0.0,0.0,0.0,999.9,999.9,999.9,0,7.3,10.7
16585596,0723,76.4,80.6,79.9,34.9,47.8,47.5,869.7,891.2,884.2,10.0,13.2,13.3,5.6,7.7,7.8,8.9,16.3,14.1,90.0,97.0,95.8,66.0,66.6,68.0,0.11,0.0,0.0,999.9,999.9,999.9,18,7.3,10.7
16585596,0723,81.1,80.6,80.4,34.9,47.8,46.7,873.6,891.2,884.3,10.0,13.2,13.2,8.2,7.7,7.8,22.0,16.2,14.0,93.9,97.0,95.5,73.9,66.7,67.8,0.0,0.0,0.0,999.9,999.9,999.9,18,7.4,10.7
16585596,0723,74.2,80.5,80.2,41.4,47.8,46.0,872.4,891.2,884.4,10.0,13.2,13.2,7.8,7.7,7.8,34.0,16.3,14.5,95.0,97.1,95.3,63.0,66.8,68.2,0.0,0.0,0.0,999.9,999.9,999.9,18,7.4,10.7
16585596,0723,77.1,80.5,79.9,57.5,47.7,45.5,869.5,891.2,884.4,10.0,13.2,13.2,3.7,7.7,7.7,31.1,16.4,15.1,98.1,97.1,95.1,64.9,66.7,68.4,0.0,0.0,0.0,999.9,999.9,999.9,0,7.5,11.3
16585596,0723,77.1,80.5,79.8,41.6,47.8,46.2,871.5,891.2,884.3,9.9,13.2,13.2,9.8,7.7,7.5,18.1,16.4,15.8,93.9,97.1,95.4,66.2,66.7,68.1,0.0,0.0,0.0,999.9,999.9,999.9,0,7.5,11.3
16585596,0723,87.8,80.5,79.7,57.6,47.7,45.8,869.5,891.2,880.0,30.7,13.2,12.8,9.5,7.7,7.5,15.9,16.5,16.1,104.0,97.0,95.5,66.0,66.7,68.0,0.0,0.0,0.0,999.9,999.9,999.9,0,7.5,10.7
16585596,0723,77.5,80.6,80.0,49.3,47.8,46.4,869.6,891.2,880.0,10.0,13.3,13.5,6.3,7.7,7.6,13.0,16.5,16.3,93.9,97.1,95.6,71.1,66.7,67.8,0.0,0.0,0.0,999.9,999.9,999.9,2,7.5,10.7
16585596,0723,78.4,80.5,79.8,37.5,47.8,46.2,873.1,891.2,880.0,10.0,13.3,13.1,8.7,7.7,7.6,18.1,16.5,16.3,93.9,97.1,95.4,73.0,66.7,68.1,0.15,0.0,0.0,999.9,999.9,999.9,18,7.5,10.2
16585596,0723,78.3,80.5,80.0,45.0,47.7,45.8,869.5,891.2,880.0,22.3,13.3,13.1,5.3,7.7,7.5,26.0,16.5,16.5,102.0,97.0,95.2,61.0,66.7,68.4,0.0,0.0,0.0,999.9,999.9,999.9,18,7.6,10.2
16585596,0723,89.6,80.5,79.9,44.6,47.7,45.8,999.9,891.2,880.0,9.8,13.2,13.6,9.8,7.7,7.5,13.0,16.5,16.8,99.0,97.1,95.4,59.0,66.7,67.9,0.02,0.0,0.0,999.9,999.9,999.9,0,7.6,9.2
16585596,0723,86.8,80.5,80.2,46.5,47.7,45.7,869.5,891.9,884.2,9.8,13.2,13.6,11.6,7.7,7.5,15.9,16.5,16.9,93.0,97.1,95.3,57.9,66.7,67.7,0.03,0.0,0.0,999.9,999.9,999.9,0,7.6,9.2
16585596,0723,62.0,80.6,80.6,50.2,47.7,46.1,999.9,891.9,884.2,10.0,13.2,13.5,11.6,7.7,7.5,11.1,16.5,17.0,95.0,97.1,95.1,66.9,66.7,67.5,0.17,0.0,0.0,999.9,999.9,999.9,0,7.6,8.6
16585596,0723,86.6,80.4,80.1,50.2,47.6,45.9,872.4,891.9,888.6,9.8,13.2,13.6,8.2,7.8,7.8,24.3,16.5,17.0,100.0,97.0,95.0,75.0,66.6,67.2,0.02,0.0,0.0,999.9,999.9,999.9,0,7.6,8.5
16585596,0723,77.5,80.5,80.9,55.9,47.7,46.2,872.4,891.9,888.6,10.0,13.2,13.1,5.6,7.8,7.9,15.9,16.5,17.1,90.0,97.0,95.1,68.0,66.7,67.5,0.0,0.0,0.0,999.9,999.9,999.9,0,7.5,7.9
16585596,0723,78.4,80.4,80.8,52.0,47.8,46.7,872.4,891.9,888.6,10.0,13.2,12.2,6.5,7.7,7.8,31.1,16.4,17.3,98.1,97.0,95.1,66.0,66.7,67.3,0.0,0.0,0.0,999.9,999.9,999.9,18,7.5,7.9
16585596,0723,80.9,80.4,80.7,40.5,47.8,47.1,999.9,891.9,888.7,9.8,13.2,12.2,8.2,7.8,7.8,13.0,16.5,17.9,93.9,97.0,95.4,66.2,66.7,67.1,0.0,0.0,0.0,999.9,999.9,999.9,0,7.5,8.5
16585596,0723,80.9,80.4,80.5,44.1,47.8,47.2,873.1,892.6,893.1,10.0,13.2,12.1,6.5,7.7,7.8,10.1,16.5,17.5,79.0,96.9,95.2,71.1,66.7,67.3,0.0,0.0,0.0,999.9,999.9,999.9,18,7.4,7.9
16585596,0723,74.2,80.4,80.4,34.9,47.8,47.2,999.9,892.6,893.1,9.9,13.2,12.2,9.6,7.7,7.7,11.1,16.5,17.4,102.9,96.8,94.8,68.0,66.8,67.3,0.0,0.0,0.0,999.9,999.9,999.9,0,7.5,8.5
16585596,0723,69.7,80.3,79.9,36.2,47.6,46.7,869.0,892.6,897.3,14.9,13.2,12.2,6.6,7.8,7.8,10.1,16.5,17.3,93.9,96.8,95.1,57.0,66.8,67.3,0.0,0.0,0.0,999.9,999.9,999.9,0,7.5,7.9
16585596,0723,79.9,80.3,79.7,57.5,47.5,46.4,999.9,892.6,897.2,10.0,13.2,12.3,8.7,7.8,7.7,14.0,16.4,17.3,93.0,96.8,95.1,61.0,66.7,66.9,0.0,0.0,0.0,999.9,999.9,999.9,0,7.4,7.3
16585596,0723,77.5,80.3,79.6,36.2,47.6,46.6,869.0,893.3,901.4,10.0,13.0,11.9,10.2,7.8,7.7,13.0,16.4,17.3,95.0,96.8,95.0,73.9,66.6,66.5,0.0,0.0,0.0,999.9,999.9,999.9,18,7.4,7.3
16585596,0723,78.4,80.3,79.3,33.1,47.6,46.4,871.5,893.3,901.3,10.0,13.0,11.7,6.3,7.8,7.8,18.1,16.4,17.1,93.0,96.8,94.7,75.9,66.8,66.9,0.0,0.0,0.0,999.9,999.9,999.9,0,7.5,7.3
16585596,0723,78.3,80.3,79.3,41.6,47.4,45.6,999.9,893.3,897.0,10.0,13.0,11.7,10.1,7.8,7.8,24.3,16.5,17.4,90.0,96.7,94.7,71.1,66.8,67.0,0.0,0.0,0.0,999.9,999.9,999.9,18,7.5,6.7
16585596,0723,88.8,80.3,79.2,33.1,47.4,45.4,999.9,894.0,901.3,10.0,13.0,11.7,10.6,7.8,8.0,11.1,16.5,17.5,98.1,96.7,94.7,71.1,66.8,66.9,0.17,0.0,0.0,999.9,999.9,999.9,0,7.6,7.3
16585596,0723,89.2,80.3,79.2,52.0,47.3,45.0,869.5,894.0,905.5,9.9,13.0,11.7,10.1,7.8,8.1,15.9,16.4,17.4,98.1,96.7,94.7,70.0,66.8,67.2,0.0,0.0,0.0,999.9,999.9,999.9,18,7.6,7.3
16585596,0723,88.8,80.3,79.5,45.2,47.3,44.8,870.5,894.0,905.3,9.9,13.0,11.7,4.9,7.9,8.3,14.0,16.4,17.4,98.1,96.7,94.8,62.2,66.8,67.2,0.0,0.0,0.0,999.9,999.9,999.9,18,7.6,7.3
16585596,0723,78.3,80.4,79.8,52.0,47.3,45.0,872.7,893.3,905.3,10.0,13.0,11.3,6.5,7.9,8.1,8.9,16.5,17.2,93.0,96.7,94.8,66.2,66.8,67.1,0.0,0.0,0.0,999.9,999.9,999.9,0,7.7,7.3
16585596,0723,89.6,80.4,79.8,41.6,47.3,45.6,873.6,893.3,905.5,10.0,12.9,11.3,10.1,7.9,8.1,34.0,16.4,17.2,102.9,96.6,94.8,75.0,66.8,66.8,0.0,0.0,0.0,999.9,999.9,999.9,18,7.6,6.7
16585596,0723,78.3,80.4,80.1,54.1,47.2,45.1,869.6,893.3,905.6,10.0,12.9,11.2,5.1,7.9,8.1,15.9,16.5,17.8,93.9,96.6,95.6,54.0,66.8,67.2,0.0,0.0,0.0,999.9,999.9,999.9,0,7.7,7.3
16585596,0723,86.6,80.4,79.9,40.5,47.2,45.3,872.7,892.6,901.2,10.0,12.9,11.2,10.2,7.9,7.9,11.1,16.5,17.7,91.9,96.6,95.6,73.9,66.7,66.8,0.33,0.0,0.0,999.9,999.9,999.9,18,7.7,7.3
16585596,0723,78.4,80.4,80.3,47.1,47.2,44.7,999.9,892.6,901.2,22.2,12.8,11.2,6.2,7.9,8.1,20.0,16.5,17.4,93.0,96.6,95.2,63.0,66.7,67.2,0.0,0.0,0.0,999.9,999.9,999.9,0,7.7,7.9
16585596,0723,79.3,80.4,80.3,45.2,47.2,45.1,999.9,893.3,905.5,10.0,12.8,11.6,10.2,7.9,8.1,34.0,16.5,17.8,102.0,96.6,95.3,70.0,66.7,67.1,0.02,0.0,0.0,999.9,999.9,999.9,16,7.7,7.3
16585596,0723,62.0,80.4,80.3,50.2,47.2,45.5,873.6,894.0,909.7,22.2,12.8,11.6,5.6,7.9,8.1,15.9,16.6,18.2,93.0,96.6,95.6,66.2,66.8,66.9,0.11,0.0,0.0,999.9,999.9,999.9,0,7.8,7.2
16585596,0723,78.4,80.2,79.9,44.1,47.2,45.8,868.1,894.1,909.8,9.9,12.9,12.0,5.6,7.9,8.1,11.1,16.6,17.6,93.0,96.6,95.5,72.0,66.8,67.0,0.0,0.0,0.0,999.9,999.9,999.9,0,7.8,6.6
16585596,0723,74.2,80.2,79.9,57.5,47.2,45.3,871.0,893.3,909.7,10.0,12.9,12.0,9.9,7.8,8.1,13.0,16.5,16.9,99.0,96.5,95.4,70.0,66.9,67.3,0.02,0.0,0.0,999.9,999.9,999.9,16,7.8,6.6
16585596,0723,69.7,80.2,79.8,34.9,47.2,45.9,999.9,893.3,909.7,9.8,12.9,12.0,10.6,7.8,8.1,10.1,16.5,16.8,90.0,96.5,95.5,75.0,66.9,67.4,0.0,0.0,0.0,999.9,999.9,999.9,0,7.8,7.1
16585596,0723,76.8,80.1,79.2,55.9,47.1,45.1,869.7,894.0,914.1,9.9,12.9,11.3,9.9,7.8,8.2,11.1,16.5,16.6,93.9,96.5,95.1,73.9,66.9,67.7,0.0,0.0,0.0,999.9,999.9,999.9,0,7.7,7.1
16585596,0723,74.2,80.2,79.2,37.5,47.2,45.3,869.7,894.0,914.1,10.0,12.9,11.3,8.7,7.9,8.3,26.0,16.4,16.5,93.9,96.5,95.1,64.9,67.0,67.8,0.0,0.0,0.0,999.9,999.9,999.9,48,7.6,7.1
16585596,0723,80.3,80.1,79.1,55.9,47.1,45.3,875.8,893.3,914.0,10.0,12.9,11.3,11.6,7.9,8.3,13.0,16.4,16.8,93.9,96.4,95.1,61.0,67.0,67.5,0.14,0.0,0.0,999.9,999.9,999.9,0,7.8,8.1
16585596,0723,83.0,80.1,79.1,54.5,47.1,45.7,869.0,893.3,914.2,9.9,12.9,10.9,4.9,7.9,8.5,10.1,16.4,16.3,95.0,96.4,94.8,71.1,67.0,67.5,0.0,0.0,0.0,999.9,999.9,999.9,0,7.8,7.5
16585596,0723,78.4,80.1,78.9,33.1,47.2,46.0,873.5,893.3,909.8,9.9,12.9,10.9,5.3,7.9,8.3,14.0,16.4,16.2,99.0,96.4,94.7,68.0,67.0,67.9,0.0,0.0,0.0,999.9,999.9,999.9,2,7.7,7.5
16585596,0723,76.8,80.1,78.6,37.5,47.1,45.6,868.1,893.4,909.9,10.0,12.9,10.9,8.2,7.9,8.1,14.0,16.4,16.2,100.0,96.4,94.9,72.0,67.0,68.3,0.01,0.0,0.0,999.9,999.9,999.9,0,7.7,7.5
16585596,0723,86.8,80.1,79.1,47.1,47.0,45.1,871.5,893.3,905.5,9.9,12.9,10.9,5.1,7.9,8.0,26.0,16.4,16.3,99.0,96.5,95.0,61.0,67.0,68.4,0.0,0.0,0.0,999.9,999.9,999.9,0,7.6,7.5
16585596,0723,78.3,80.2,79.1,50.9,46.9,45.0,999.9,893.3,905.5,13.5,12.9,10.9,10.2,7.8,7.9,10.1,16.5,16.3,87.1,96.5,95.0,73.9,67.0,68.0,0.0,0.0,0.0,999.9,999.9,999.9,18,7.6,7.5
16585596,0723,80.9,80.2,79.1,57.2,46.9,44.9,873.6,894.1,909.8,10.0,12.9,11.1,9.8,7.8,8.1,18.1,16.5,16.1,99.0,96.4,94.9,62.1,67.0,68.2,0.0,0.0,0.0,999.9,999.9,999.9,0,7.6,8.1
16585596,0723,78.3,80.2,79.2,33.1,47.0,45.0,869.7,894.1,909.8,22.3,12.9,11.1,9.3,7.9,8.2,22.0,16.5,15.7,93.0,96.4,94.9,66.2,66.9,68.0,0.0,0.0,0.0,999.9,999.9,999.9,18,7.5,7.5
16585596,0723,62.0,80.2,79.1,57.2,46.9,44.8,999.9,894.1,905.5,9.9,13.0,11.5,3.7,7.9,8.2,20.0,16.5,16.0,102.9,96.3,94.9,66.9,66.9,68.0,0.0,0.0,0.0,999.9,999.9,999.9,16,7.5,8.1
16585596,0723,81.1,80.2,78.5,45.2,47.0,45.2,999.9,894.8,909.7,9.9,13.0,11.5,10.2,7.8,8.1,17.1,16.6,16.3,91.9,96.4,95.7,57.0,66.9,67.9,0.0,0.0,0.0,999.9,999.9,999.9,0,7.6,8.1
16585596,0723,86.8,80.1,78.7,34.9,47.0,45.6,869.5,894.8,909.7,22.3,13.0,11.5,10.6,7.8,8.1,14.0,16.6,16.5,93.9,96.4,95.3,62.2,66.8,67.5,0.03,0.0,0.0,999.9,999.9,999.9,18,7.6,8.1
16585596,0723,80.3,80.2,79.3,49.3,47.0,45.5,872.9,894.8,909.7,10.0,13.0,11.7,4.7,7.9,8.3,14.0,16.5,16.7,99.0,96.3,95.3,62.1,66.9,67.7,0.33,0.0,0.0,999.9,999.9,999.9,18,7.6,8.7
16585596,0723,81.1,80.1,79.3,47.1,47.0,45.3,868.1,894.8,905.5,10.0,13.0,11.7,6.2,7.9,8.1,8.9,16.5,16.7,95.0,96.3,95.5,62.1,66.9,67.7,0.03,0.0,0.0,999.9,999.9,999.9,18,7.6,9.3
16585596,0723,62.0,80.2,79.4,40.5,47.0,45.6,869.5,894.8,905.4,20.3,13.0,11.7,9.6,7.9,8.0,11.1,16.5,16.5,102.0,96.4,95.5,73.0,66.8,67.3,0.0,0.0,0.0,999.9,999.9,999.9,0,7.7,9.3
16585596,0723,81.8,80.0,78.9,55.9,47.0,45.9,873.5,894.0,905.4,9.9,13.1,12.1,6.6,7.9,8.1,20.0,16.5,16.3,90.0,96.4,95.8,66.0,66.8,67.2,0.0,0.0,0.0,999.9,999.9,999.9,0,7.6,9.3
16585596,0723,81.1,80.0,79.0,45.2,47.0,46.3,999.9,893.3,901.2,9.9,13.1,12.1,5.3,7.8,8.0,18.1,16.5,16.2,95.0,96.3,95.8,73.9,66.9,67.1,0.11,0.0,0.0,999.9,999.9,999.9,18,7.5,8.7
16585596,0723,79.9,80.0,78.8,39.9,47.0,46.7,871.5,894.0,901.2,10.0,13.1,12.1,7.8,7.8,7.8,11.1,16.4,16.4,93.0,96.3,95.7,62.1,66.9,67.2,0.02,0.0,0.0,999.9,999.9,999.9,18,7.5,9.3
16585596,0723,82.7,80.0,78.5,54.1,46.9,46.3,871.0,894.0,901.2,9.9,13.0,12.1,6.6,7.8,7.8,22.0,16.4,16.2,79.0,96.3,95.5,66.9,66.9,66.9,0.0,0.0,0.0,999.9,999.9,999.9,0,7.6,9.3
16585596,0723,79.3,80.0,78.2,33.1,46.9,46.6,999.9,894.0,901.2,22.2,13.0,12.1,8.7,7.8,7.8,19.0,16.5,16.5,87.1,96.2,94.9,66.0,66.8,67.1,0.0,0.0,0.0,999.9,999.9,999.9,0,7.5,8.7
16585596,0723,79.9,80.0,78.3,46.5,46.9,46.0,999.9,894.8,905.5,22.3,13.1,12.5,10.4,7.8,7.9,15.9,16.5,16.8,99.0,96.1,94.7,75.9,66.8,67.0,0.11,0.0,0.0,999.9,999.9,999.9,18,7.5,8.7
16585596,0723,78.3,80.0,78.0,45.0,46.9,46.2,872.4,894.8,909.7,9.9,13.2,12.9,5.3,7.8,7.9,10.1,16.5,16.2,93.9,96.1,94.6,71.1,66.9,67.1,0.11,0.0,0.0,999.9,999.9,999.9,0,7.6,8.7
16585596,0723,77.5,80.0,78.0,36.2,46.9,45.9,869.6,894.8,909.8,10.0,13.2,12.9,4.7,7.8,7.9,19.0,16.4,16.0,93.9,96.1,94.6,64.9,66.9,67.6,0.0,0.0,0.0,999.9,999.9,999.9,0,7.6,8.7
16585596,0723,80.7,80.0,77.7,34.9,46.8,45.7,871.0,894.7,909.7,22.3,13.2,12.9,9.3,7.8,7.7,10.1,16.5,16.3,99.0,96.1,94.6,54.0,66.9,67.3,0.0,0.0,0.0,999.9,999.9,999.9,18,7.6,8.1
16585596,0723,78.4,80.0,77.7,36.2,46.8,45.3,868.1,894.7,905.4,9.9,13.1,12.9,8.8,7.8,7.8,11.1,16.4,16.0,102.0,96.1,94.8,66.2,66.8,67.0,0.0,0.0,0.0,999.9,999.9,999.9,0,7.7,8.7
16585596,0723,74.2,79.9,77.7,57.6,46.8,45.0,873.0,894.7,901.0,41.0,13.1,12.9,10.4,7.8,7.8,19.0,16.4,15.2,104.0,96.1,94.8,66.9,66.7,66.9,0.0,0.0,0.0,999.9,999.9,999.9,0,7.7,8.1
16585596,0723,85.2,80.0,78.1,37.5,46.8,45.3,869.5,894.7,901.0,10.0,13.3,13.5,7.8,7.9,7.9,19.0,16.5,15.3,102.9,96.2,95.2,66.2,66.7,66.9,0.0,0.0,0.0,999.9,999.9,999.9,0,7.6,8.1
16585596,0723,69.7,80.0,78.3,50.2,46.7,45.0,869.5,894.0,901.0,10.0,13.2,13.5,10.1,7.9,8.0,8.9,16.5,15.6,102.0,96.2,95.5,62.1,66.7,66.8,0.02,0.0,0.0,999.9,999.9,999.9,0,7.6,8.1
16585596,0723,78.4,79.9,78.2,45.2,46.7,44.8,999.9,894.0,901.0,9.7,13.2,13.5,8.7,7.9,8.0,13.0,16.4,15.4,93.9,96.2,95.6,63.0,66.7,66.5,0.33,0.0,0.0,999.9,999.9,999.9,18,7.5,7.6
16585596,0723,62.0,79.9,78.5,49.2,46.7,45.1,875.8,894.7,901.0,10.0,13.2,13.5,10.2,7.9,8.0,10.1,16.4,15.5,104.0,96.2,95.8,71.1,66.7,66.1,0.01,0.0,0.0,999.9,999.9,999.9,0,7.6,8.2
16585596,0723,76.7,79.8,78.0,44.1,46.8,44.9,873.1,894.0,901.2,9.9,13.2,13.5,5.6,7.9,8.0,13.0,16.4,15.5,102.0,96.3,96.1,66.0,66.7,66.0,0.0,0.0,0.0,999.9,999.9,999.9,48,7.6,8.2
16585596,0723,85.2,79.8,78.1,54.6,46.7,45.1,870.4,894.0,901.3,10.0,13.1,13.5,5.1,7.9,7.9,13.0,16.4,15.1,95.0,96.4,96.4,64.9,66.6,66.0,0.0,0.0,0.0,999.9,999.9,999.9,18,7.8,8.2
16585596,0723,88.8,79.8,78.2,34.9,46.8,45.1,875.8,894.0,901.1,9.9,13.1,13.5,5.3,7.9,7.6,26.0,16.3,15.1,99.0,96.4,96.4,72.0,66.7,66.2,0.0,0.0,0.0,999.9,999.9,999.9,0,7.8,8.8
16585596,0723,77.1,79.8,78.4,34.9,46.7,44.4,868.1,894.0,901.3,10.0,13.1,13.5,9.9,7.9,7.7,15.9,16.4,15.6,104.0,96.4,96.5,62.1,66.7,66.2,0.0,0.0,0.0,999.9,999.9,999.9,18,7.8,8.8
16585596,0723,81.1,79.8,78.4,45.2,46.6,44.5,999.9,894.0,901.1,9.9,13.1,13.5,8.7,7.9,7.8,13.0,16.4,15.7,102.9,96.4,96.7,71.1,66.7,66.0,0.0,0.0,0.0,999.9,999.9,999.9,0,7.9,9.3
16585596,0723,74.2,79.8,78.5,52.0,46.6,44.8,869.5,894.7,905.5,10.0,13.0,13.5,6.6,7.9,7.8,13.0,16.4,15.6,102.0,96.5,96.8,68.0,66.8,66.0,0.0,0.0,0.0,999.9,999.9,999.9,18,7.9,9.3
16585596,0723,88.1,79.8,78.1,44.1,46.6,44.9,875.8,894.7,905.5,9.9,13.0,13.5,6.4,7.9,7.9,34.0,16.4,15.2,102.0,96.6,96.9,66.0,66.8,66.2,0.11,0.0,0.0,999.9,999.9,999.9,18,8.0,9.9
16585596,0723,78.4,79.8,78.4,50.2,46.6,44.7,873.6,894.8,901.3,13.5,13.0,13.4,10.2,7.8,7.7,15.0,16.4,16.0,95.0,96.7,97.4,70.0,66.8,65.9,0.0,0.0,0.0,999.9,999.9,999.9,48,8.1,9.9
16585596,0723,77.5,79.8,78.3,34.9,46.6,44.5,868.1,894.8,901.3,39.8,13.0,13.5,9.3,7.9,7.8,11.1,16.4,15.9,89.1,96.6,97.3,62.1,66.8,66.2,0.0,0.0,0.0,999.9,999.9,999.9,18,8.3,11.5
16585596,0723,87.8,79.7,78.3,49.2,46.4,44.5,869.5,894.8,901.3,10.0,13.0,14.1,4.7,7.9,7.8,15.0,16.4,15.5,93.9,96.6,97.1,73.0,66.7,66.1,0.0,0.0,0.0,999.9,999.9,999.9,0,8.4,11.5
16585596,0723,78.3,79.8,79.2,41.2,46.5,44.3,873.0,894.1,896.9,30.7,13.0,14.1,5.3,7.9,7.8,20.0,16.4,15.3,90.0,96.6,96.8,54.0,66.7,66.3,0.0,0.0,0.0,999.9,999.9,999.9,18,8.4,11.0
16585596,0723,76.4,79.9,79.1,57.5,46.4,44.1,999.9,894.1,892.7,41.0,13.1,14.8,3.7,7.8,7.6,11.1,16.4,15.4,104.0,96.5,96.8,66.9,66.7,66.2,0.0,0.0,0.0,999.9,999.9,999.9,18,8.5,11.6
16585596,0723,79.9,79.9,78.7,45.2,46.5,44.9,873.0,894.8,897.1,9.7,13.3,15.4,6.2,7.8,7.4,13.0,16.4,15.3,90.0,96.6,97.1,61.0,66.7,66.3,0.0,0.0,0.0,999.9,999.9,999.9,18,8.6,11.6
16585596,0723,77.1,79.9,78.7,39.9,46.5,44.7,873.5,894.8,897.1,10.0,13.3,15.4,4.9,7.8,7.4,18.1,16.4,15.3,93.0,96.6,96.8,71.1,66.7,66.3,0.03,0.0,0.0,999.9,999.9,999.9,0,8.7,11.6
16585596,0723,89.2,79.8,78.6,45.2,46.4,44.5,872.4,894.8,897.2,9.7,13.3,15.4,9.3,7.8,7.4,13.0,16.4,15.6,99.0,96.6,96.8,66.9,66.7,66.6,0.11,0.0,0.0,999.9,999.9,999.9,0,8.7,11.0
16585596,0723,82.8,79.9,79.5,50.9,46.4,44.7,873.6,894.8,897.3,9.9,13.3,15.0,6.2,7.8,7.4,20.0,16.4,15.7,99.0,96.6,96.7,62.2,66.7,66.4,0.0,0.0,0.0,999.9,999.9,999.9,0,8.7,11.0
16585596,0723,80.7,79.9,79.5,44.1,46.4,44.5,873.0,894.8,897.3,10.0,13.3,15.0,6.2,7.8,7.4,8.9,16.4,15.7,93.0,96.7,97.0,64.9,66.7,66.3,0.0,0.0,0.0,999.9,999.9,999.9,0,8.6,11.0
16585596,0723,79.9,79.9,79.5,40.5,46.3,44.5,871.0,894.8,893.1,39.8,13.3,15.0,9.5,7.8,7.4,34.0,16.4,15.4,95.0,96.6,96.9,62.1,66.7,66.0,0.0,0.0,0.0,999.9,999.9,999.9,0,8.5,10.4
16585596,0723,82.8,80.0,79.5,40.5,46.3,44.5,866.4,894.8,893.1,13.5,13.4,16.0,6.4,7.9,7.5,19.0,16.5,16.1,100.0,96.6,97.0,68.0,66.7,66.0,0.0,0.0,0.0,999.9,999.9,999.9,0,8.5,9.8
16585596,0723,88.8,80.0,79.5,45.0,46.2,44.0,872.4,894.1,892.9,9.8,13.4,16.1,6.2,7.8,7.5,20.0,16.4,16.0,99.0,96.7,97.7,57.9,66.8,66.0,0.33,0.0,0.0,999.9,999.9,999.9,18,8.5,9.8
16585596,0723,62.0,80.1,79.8,52.0,46.2,44.4,871.0,894.1,888.7,10.0,13.4,15.7,6.3,7.8,7.4,18.1,16.4,16.1,88.7,96.7,98.0,64.9,66.7,65.7,0.0,0.0,0.0,999.9,999.9,999.9,0,8.6,10.4
16585596,0723,80.3,79.9,79.2,57.6,46.3,44.6,872.9,894.1,884.4,10.0,13.4,15.3,9.6,7.8,7.2,11.1,16.4,16.2,102.0,96.7,97.7,59.0,66.7,65.4,0.0,0.0,0.0,999.9,999.9,999.9,48,8.5,9.8
16585596,0723,82.8,79.9,79.3,47.1,46.3,45.0,873.5,893.4,884.4,10.0,13.3,15.3,6.2,7.8,7.4,22.0,16.3,16.2,90.0,96.7,98.0,70.0,66.7,65.0,0.0,0.0,0.0,999.9,999.9,999.9,0,8.8,11.4
16585596,0723,62.0,79.9,79.5,33.1,46.3,45.4,999.9,893.4,884.5,13.5,13.3,15.3,5.3,7.8,7.4,24.1,16.4,16.3,102.0,96.6,97.8,66.2,66.7,65.1,0.11,0.0,0.0,999.9,999.9,999.9,0,8.7,11.4
16585596,0723,81.1,79.8,78.9,58.4,46.3,45.3,872.4,894.1,888.8,39.8,13.3,15.0,9.9,7.8,7.3,8.9,16.4,16.8,87.1,96.6,97.9,72.0,66.7,65.5,0.02,0.0,0.0,999.9,999.9,999.9,0,8.7,10.8
16585596,0723,79.9,79.8,79.0,57.2,46.4,46.1,871.5,894.1,889.0,10.0,13.5,16.0,7.8,7.8,7.3,15.0,16.4,16.7,102.9,96.6,97.4,71.1,66.8,65.7,0.0,0.0,0.0,999.9,999.9,999.9,0,8.7,10.8
16585596,0723,77.1,79.8,79.1,34.9,46.4,46.1,875.8,894.1,888.9,10.0,13.5,15.0,6.2,7.8,7.3,18.1,16.4,16.5,102.0,96.6,97.4,70.0,66.8,65.9,0.02,0.0,0.0,999.9,999.9,999.9,0,8.7,10.8
16585596,0723,86.6,79.8,78.9,57.5,46.4,46.0,873.0,894.1,889.1,41.0,13.5,15.0,4.7,7.8,7.2,24.3,16.4,16.5,93.9,96.6,97.4,66.0,66.9,66.0,0.02,0.0,0.0,999.9,999.9,999.9,16,8.6,10.8
16585596,0723,79.3,79.8,79.4,41.6,46.4,46.2,869.5,894.2,889.3,9.9,13.6,16.0,6.9,7.8,7.0,22.0,16.4,17.0,102.0,96.6,97.1,66.9,66.9,66.1,0.0,0.0,0.0,999.9,999.9,999.9,48,8.4,11.3
16585596,0723,83.0,79.8,79.5,33.1,46.4,46.1,868.1,894.2,884.9,9.9,13.6,16.0,5.3,7.8,7.0,8.9,16.4,17.3,93.0,96.6,97.4,61.0,66.9,66.2,0.0,0.0,0.0,999.9,999.9,999.9,18,8.6,12.3
16585596,0723,79.9,79.8,80.2,50.9,46.3,45.6,872.4,894.1,884.7,9.9,13.6,16.0,9.9,7.8,6.8,24.3,16.4,17.3,95.0,96.6,97.0,75.0,66.8,65.9,0.0,0.0,0.0,999.9,999.9,999.9,0,8.7,12.9
16585596,0723,82.7,79.9,80.3,40.5,46.3,45.8,869.5,893.4,884.6,10.0,13.6,16.0,9.8,7.8,6.9,8.9,16.4,17.7,93.9,96.5,96.8,57.0,66.9,66.2,0.0,0.0,0.0,999.9,999.9,999.9,0,8.7,11.3
16585596,0723,87.8,79.9,80.2,58.4,46.3,45.3,873.0,893.4,884.6,10.0,13.6,16.0,8.1,7.8,7.1,26.0,16.4,17.5,104.0,96.5,96.7,64.9,66.8,65.9,0.0,0.0,0.0,999.9,999.9,999.9,0,8.6,10.7
16585596,0723,76.4,79.9,80.2,39.9,46.4,46.1,870.0,893.4,884.5,9.8,13.6,16.0,5.3,7.7,7.2,19.0,16.5,17.5,102.9,96.5,96.9,57.9,66.8,65.7,0.0,0.0,0.0,999.9,999.9,999.9,16,8.6,10.7
16585596,0723,88.8,79.9,80.1,41.6,46.3,46.3,871.0,892.7,884.6,20.3,13.6,16.0,11.6,7.7,7.0,26.0,16.5,17.6,93.0,96.5,96.9,62.1,66.8,65.6,0.0,0.0,0.0,999.9,999.9,999.9,18,8.6,10.7
16585596,0723,77.1,79.9,80.4,55.6,46.3,46.1,873.6,892.7,880.3,20.3,13.7,16.4,5.6,7.8,7.1,14.0,16.5,18.1,99.0,96.5,96.5,62.1,66.8,65.3,0.0,0.0,0.0,999.9,999.9,999.9,18,8.7,11.3
16585596,0723,85.2,79.9,80.5,55.6,46.4,46.3,999.9,892.0,880.4,10.0,13.6,16.7,8.7,7.8,7.1,24.1,16.5,18.1,95.0,96.5,96.4,66.0,66.7,65.1,0.0,0.0,0.0,999.9,999.9,999.9,16,8.8,11.3
16585596,0723,80.3,79.9,80.4,57.2,46.5,46.6,873.6,892.7,884.5,20.3,13.6,16.7,10.1,7.8,7.2,22.0,16.5,17.8,102.0,96.4,96.2,70.0,66.7,65.1,0.03,0.0,0.0,999.9,999.9,999.9,18,8.9,11.2
16585596,0723,82.7,79.9,80.4,54.6,46.5,46.9,999.9,892.7,884.5,9.9,13.7,17.0,9.9,7.8,7.2,13.0,16.6,18.0,95.0,96.5,96.4,73.9,66.8,65.1,0.0,0.0,0.0,999.9,999.9,999.9,0,9.0,10.2
16585596,0723,81.1,79.9,80.6,45.0,46.6,47.5,870.0,893.5,888.9,9.9,13.7,16.0,6.9,7.8,7.2,13.0,16.5,18.1,93.0,96.5,96.6,66.0,66.9,65.5,0.11,0.0,0.0,999.9,999.9,999.9,0,9.0,9.6
16585596,0723,82.3,79.9,80.4,46.5,46.6,47.4,872.4,893.5,889.0,10.0,13.7,16.0,10.1,7.8,7.3,14.0,16.5,18.0,91.9,96.4,96.6,62.1,66.9,65.2,0.0,0.0,0.0,999.9,999.9,999.9,0,8.9,9.6
16585596,0723,79.3,80.0,80.5,58.4,46.5,47.6,868.1,893.5,888.9,10.0,13.7,15.3,6.9,7.8,7.4,18.1,16.5,17.8,102.0,96.4,96.7,70.0,66.9,65.5,0.0,0.0,0.0,999.9,999.9,999.9,18,8.9,9.0
16585596,0723,74.2,79.9,80.6,57.6,46.5,47.6,999.9,893.5,884.5,10.0,13.7,14.2,6.3,7.8,7.5,15.9,16.5,18.0,102.9,96.4,96.6,54.0,66.8,65.6,0.0,0.0,0.0,999.9,999.9,999.9,0,9.0,9.0
16585596,0723,82.3,79.9,80.4,40.5,46.5,48.0,868.1,894.2,888.8,9.9,13.7,14.2,5.6,7.8,7.5,22.0,16.5,18.1,91.9,96.5,97.0,64.9,66.8,65.4,0.0,0.0,0.0,999.9,999.9,999.9,18,8.9,8.4
16585596,0723,78.4,79.9,80.6,47.2,46.6,48.0,869.5,894.1,888.6,10.0,13.7,14.2,6.6,7.8,7.6,24.3,16.5,18.3,90.0,96.5,97.0,66.9,66.8,65.2,0.15,0.0,0.0,999.9,999.9,999.9,18,8.9,9.0
16585596,0723,77.1,79.9,80.3,39.9,46.5,48.1,873.6,894.2,888.5,13.5,13.5,14.2,10.4,7.7,7.5,13.0,16.6,18.6,99.0,96.5,96.7,63.0,66.8,65.2,0.0,0.0,0.0,999.9,999.9,999.9,0,9.0,9.6
16585596,0723,82.8,79.8,80.1,49.2,46.5,47.7,871.5,894.2,888.5,20.3,13.5,14.4,5.3,7.7,7.6,13.0,16.6,18.4,102.9,96.4,96.7,71.1,66.8,65.2,0.11,0.0,0.0,999.9,999.9,999.9,0,9.0,9.6
16585596,0723,83.0,79.9,80.1,41.4,46.6,47.9,872.9,894.2,888.4,10.0,13.6,14.7,6.9,7.7,7.6,11.1,16.6,18.5,93.9,96.5,97.0,64.9,66.9,65.4,0.0,0.0,0.0,999.9,999.9,999.9,18,9.0,9.6
16585596,0723,86.8,79.9,80.2,39.9,46.5,47.9,999.9,893.5,888.5,10.0,13.4,13.7,10.1,7.7,7.5,20.0,16.5,17.8,93.0,96.4,97.0,61.0,66.9,65.5,0.0,0.0,0.0,999.9,999.9,999.9,0,9.0,10.2
16585596,0723,78.3,79.9,80.4,44.1,46.4,47.9,873.5,894.2,893.0,10.0,13.4,13.6,7.8,7.7,7.6,12.0,16.5,17.8,93.9,96.4,96.8,63.0,66.9,65.3,0.0,0.0,0.0,999.9,999.9,999.9,0,9.0,10.2
16585596,0723,86.8,79.8,80.0,37.5,46.4,47.9,871.0,894.2,893.0,9.9,13.3,13.6,5.6,7.8,7.7,15.0,16.4,17.5,87.1,96.4,96.6,64.9,66.8,65.4,0.0,0.0,0.0,999.9,999.9,999.9,0,9.0,9.6
16585596,0723,87.8,79.8,80.8,44.1,46.3,47.4,869.6,894.2,893.0,10.0,13.3,13.6,4.7,7.7,7.6,19.0,16.4,17.4,102.9,96.3,96.5,75.0,66.8,65.4,0.0,0.0,0.0,999.9,999.9,999.9,2,8.9,9.6
16585596,0723,79.3,79.9,81.1,55.6,46.3,47.0,872.4,894.2,892.9,14.9,13.3,13.6,9.9,7.7,7.5,11.1,16.4,17.7,93.9,96.3,96.6,61.0,66.9,66.0,0.15,0.0,0.0,999.9,999.9,999.9,0,8.8,8.1
16585596,0723,80.7,79.8,81.0,47.2,46.4,47.2,871.5,894.2,892.9,10.0,13.3,13.8,5.6,7.7,7.6,22.0,16.4,17.3,93.9,96.3,96.7,57.9,66.9,65.7,0.0,0.0,0.0,999.9,999.9,999.9,18,8.8,8.1
16585596,0723,82.8,79.8,81.6,41.4,46.3,47.7,999.9,894.2,888.6,10.0,13.3,13.7,5.6,7.7,7.6,14.0,16.4,17.3,99.0,96.3,96.4,61.0,66.8,65.4,0.0,0.0,0.0,999.9,999.9,999.9,0,8.9,8.7
16585596,0723,79.9,79.9,81.7,49.3,46.3,47.1,873.6,895.0,892.8,10.0,13.3,12.7,9.9,7.7,7.5,31.1,16.4,17.4,91.9,96.3,96.8,72.0,66.7,65.0,0.0,0.0,0.0,999.9,999.9,999.9,0,8.9,8.7
16585596,0723,81.1,79.9,81.7,33.1,46.3,46.9,866.4,894.3,892.9,22.2,13.3,12.7,6.9,7.7,7.5,20.0,16.5,18.0,99.0,96.2,96.5,66.9,66.8,65.1,0.0,0.0,0.0,999.9,999.9,999.9,18,8.8,8.7
16585596,0723,76.7,79.8,81.8,50.2,46.2,46.8,869.5,894.2,892.6,30.7,13.4,13.1,9.9,7.7,7.6,24.3,16.5,18.0,95.0,96.3,96.4,66.9,66.8,64.9,0.14,0.0,0.0,999.9,999.9,999.9,18,8.8,9.3
16585596,0723,78.4,79.8,81.5,54.5,46.3,46.6,873.6,894.2,892.5,10.0,13.5,12.7,7.8,7.7,7.7,15.9,16.6,18.0,93.0,96.3,96.4,71.1,66.8,65.0,0.0,0.0,0.0,999.9,999.9,999.9,18,8.9,9.3
16585596,0723,87.8,79.9,81.4,52.0,46.3,47.0,873.5,893.5,892.6,9.9,13.5,12.7,4.7,7.7,7.8,13.0,16.6,17.8,93.9,96.2,96.1,66.0,66.7,65.1,0.11,0.0,0.0,999.9,999.9,999.9,0,9.0,8.3
16585596,0723,86.8,80.0,81.6,36.2,46.4,47.6,870.0,893.5,892.8,9.9,13.5,12.7,8.2,7.7,7.8,24.1,16.5,18.0,102.0,96.2,96.1,64.9,66.7,65.3,0.15,0.0,0.0,999.9,999.9,999.9,0,9.0,7.7
16585596,0723,78.3,80.0,81.8,57.2,46.3,47.1,873.0,893.5,892.7,30.7,13.5,12.7,6.4,7.7,7.7,19.0,16.5,18.0,95.0,96.2,96.4,62.1,66.7,64.9,0.0,0.0,0.0,999.9,999.9,999.9,18,9.0,7.7
16585596,0723,79.3,80.0,81.7,54.6,46.3,47.7,869.5,893.5,892.8,9.8,13.6,13.4,7.8,7.7,7.6,18.1,16.6,18.3,95.0,96.2,96.4,71.1,66.6,65.1,0.0,0.0,0.0,999.9,999.9,999.9,0,9.1,8.3
16585596,0723,76.7,79.9,81.4,54.1,46.3,47.6,873.6,893.5,892.7,10.0,13.6,13.4,11.6,7.7,7.6,15.9,16.6,18.0,87.1,96.2,96.1,61.0,66.6,65.3,0.0,0.0,0.0,999.9,999.9,999.9,18,9.1,8.3
16585596,0723,82.8,79.9,81.4,41.2,46.4,48.0,869.5,893.5,892.8,9.9,13.5,13.4,6.4,7.7,7.8,34.0,16.6,17.9,89.1,96.1,95.6,54.0,66.6,65.4,0.0,0.0,0.0,999.9,999.9,999.9,18,9.2,8.4
16585596,0723,76.4,79.9,81.2,46.5,46.4,48.0,999.9,893.5,892.8,9.8,13.5,13.1,5.3,7.7,7.6,15.0,16.6,18.2,102.9,96.1,95.4,72.0,66.5,65.2,0.14,0.0,0.0,999.9,999.9,999.9,0,9.2,8.4
16585596,0723,69.7,79.9,81.2,44.6,46.4,47.7,871.0,894.2,897.0,9.9,13.5,12.7,8.2,7.7,7.6,22.0,16.7,18.2,93.0,96.1,95.6,71.1,66.5,65.5,0.02,0.0,0.0,999.9,999.9,999.9,0,9.2,7.8
16585596,0723,78.4,79.8,80.7,41.2,46.4,47.4,869.5,894.2,892.7,22.2,13.4,12.7,4.7,7.7,7.6,13.0,16.7,18.2,102.0,96.1,95.5,73.9,66.6,65.7,0.0,0.0,0.0,999.9,999.9,999.9,18,9.2,7.3
16585596,0723,88.8,79.8,80.6,47.1,46.3,46.8,999.9,894.2,892.5,9.8,13.3,12.8,9.9,7.7,7.4,14.0,16.7,17.9,98.1,96.1,95.5,73.0,66.7,65.8,0.01,0.0,0.0,999.9,999.9,999.9,0,9.3,7.3
16585596,0723,78.3,79.8,80.8,46.5,46.3,46.6,871.5,894.9,892.5,10.0,13.3,12.8,5.6,7.7,7.4,15.9,16.6,17.9,93.0,96.1,95.6,57.9,66.7,65.8,0.0,0.0,0.0,999.9,999.9,999.9,0,9.2,7.3
16585596,0723,82.7,79.8,80.7,49.2,46.3,46.6,872.4,894.9,892.6,9.8,13.3,12.8,8.7,7.7,7.4,26.0,16.6,18.0,102.9,96.1,95.6,66.2,66.7,65.5,0.0,0.0,0.0,999.9,999.9,999.9,18,8.9,7.3
16585596,0723,82.7,79.8,80.7,54.5,46.3,46.7,999.9,894.9,892.6,10.0,13.3,12.8,6.6,7.7,7.3,22.0,16.6,18.4,99.0,96.1,96.0,66.0,66.6,65.6,0.0,0.0,0.0,999.9,999.9,999.9,18,9.0,7.9
16585596,0723,76.4,79.9,80.8,52.0,46.4,46.6,871.0,894.9,897.0,9.9,13.3,12.8,5.3,7.7,7.3,15.0,16.6,18.5,89.1,96.2,95.9,73.0,66.6,65.5,0.17,0.0,0.0,999.9,999.9,999.9,0,9.1,7.9
16585596,0723,79.3,79.8,80.9,54.1,46.4,46.4,869.5,894.9,892.7,13.5,13.3,12.8,4.7,7.7,7.3,13.0,16.6,18.5,102.9,96.1,95.4,61.0,66.7,66.1,0.0,0.0,0.0,999.9,999.9,999.9,0,9.0,7.9
16585596,0723,82.3,79.8,80.8,49.2,46.4,46.9,873.1,894.9,892.7,10.0,13.3,12.9,6.2,7.7,7.2,19.0,16.6,18.2,102.0,96.1,95.8,64.9,66.6,66.0,0.02,0.0,0.0,999.9,999.9,999.9,0,9.0,7.3
16585596,0723,78.3,79.8,80.9,54.6,46.4,46.9,870.5,894.2,892.9,10.0,13.3,12.9,5.3,7.7,7.2,19.0,16.6,18.0,91.9,96.2,96.2,71.1,66.6,65.9,0.0,0.0,0.0,999.9,999.9,999.9,0,9.0,6.7
16585596,0723,78.3,79.9,81.0,34.9,46.4,47.4,868.1,894.2,892.8,9.9,13.3,12.8,5.3,7.6,7.1,17.1,16.6,18.2,90.0,96.1,95.9,57.0,66.6,66.2,0.0,0.0,0.0,999.9,999.9,999.9,2,8.9,6.7
16585596,0723,81.8,79.8,80.8,44.6,46.3,46.9,869.5,894.2,892.6,10.0,13.3,12.4,5.3,7.6,7.1,20.0,16.6,18.4,88.7,96.1,95.5,73.9,66.6,65.7,0.0,0.0,0.0,999.9,999.9,999.9,0,8.9,6.7
16585596,0723,74.2,79.9,80.8,37.5,46.3,47.0,873.0,894.2,892.5,10.0,13.3,12.4,6.9,7.6,7.0,17.1,16.6,18.6,99.0,96.1,95.3,62.1,66.7,66.0,0.11,0.0,0.0,999.9,999.9,999.9,0,8.9,6.1
16585596,0723,86.6,79.9,80.4,33.1,46.2,47.0,873.1,894.2,888.3,10.0,13.3,12.4,4.7,7.6,6.9,13.0,16.7,18.6,95.0,96.0,95.5,66.9,66.6,66.1,0.15,0.0,0.0,999.9,999.9,999.9,18,8.9,6.1
16585596,0723,79.9,79.8,80.6,50.9,46.2,46.6,999.9,894.2,888.3,10.0,13.3,12.4,9.9,7.6,6.8,15.9,16.7,18.6,93.9,96.0,95.6,64.9,66.6,66.2,0.0,0.0,0.0,999.9,999.9,999.9,0,9.0,6.7
16585596,0723,81.8,79.8,80.4,50.9,46.3,47.0,999.9,894.2,892.6,9.7,13.3,12.4,5.6,7.6,6.9,19.0,16.7,18.6,104.0,96.0,95.8,62.1,66.6,66.2,0.0,0.0,0.0,999.9,999.9,999.9,0,8.9,6.7
16585596,0723,89.6,79.8,80.2,47.1,46.2,47.3,873.0,894.9,896.9,14.9,13.3,12.4,10.6,7.6,7.0,14.0,16.7,18.6,102.0,96.0,95.8,66.9,66.6,65.8,0.0,0.0,0.0,999.9,999.9,999.9,0,8.8,6.7
16585596,0723,86.8,79.8,80.6,55.9,46.3,47.0,872.9,894.9,896.9,22.2,13.2,12.4,6.5,7.6,7.0,11.1,16.7,18.7,102.0,96.1,96.1,57.9,66.5,66.0,0.0,0.0,0.0,999.9,999.9,999.9,18,8.8,6.7
16585596,0723,83.0,80.0,80.8,44.6,46.2,47.3,871.0,894.9,897.0,10.0,13.2,12.8,6.5,7.6,7.0,8.9,16.7,18.4,102.0,96.1,96.4,54.0,66.5,66.0,0.0,0.0,0.0,999.9,999.9,999.9,0,8.8,6.7
16585596,0723,89.6,79.9,80.8,41.2,46.2,47.4,871.4,894.9,892.7,10.0,13.2,12.8,6.2,7.6,7.0,14.0,16.7,18.2,104.0,96.1,96.5,71.1,66.4,65.7,0.0,0.0,0.0,999.9,999.9,999.9,16,8.7,6.7
16585596,0723,80.9,80.0,81.1,39.9,46.1,47.1,869.5,894.9,892.6,9.7,13.2,12.8,6.2,7.6,6.9,22.0,16.7,17.6,104.0,96.1,96.9,72.0,66.5,65.7,0.33,0.0,0.0,999.9,999.9,999.9,18,8.8,7.2
16585596,0723,88.1,80.0,81.1,52.0,46.1,47.3,875.8,894.9,892.7,10.0,13.2,12.4,8.7,7.6,6.9,18.1,16.8,17.7,98.1,96.2,97.1,66.9,66.5,65.9,0.0,0.0,0.0,999.9,999.9,999.9,18,8.9,7.2
16585596,0723,77.1,80.0,81.5,50.9,46.1,47.4,873.6,894.2,892.9,22.2,13.1,11.7,10.2,7.5,6.9,22.0,16.8,17.5,93.9,96.2,97.2,68.0,66.5,65.9,0.0,0.0,0.0,999.9,999.9,999.9,0,8.9,7.2
16585596,0723,76.8,80.0,81.4,34.9,46.2,47.3,871.0,894.3,892.9,10.0,13.2,12.1,8.7,7.6,6.9,10.1,16.9,17.7,99.0,96.2,97.2,66.0,66.4,65.8,0.0,0.0,0.0,999.9,999.9,999.9,0,8.9,6.6
16585596,0723,83.0,80.0,81.1,57.6,46.1,46.7,871.4,894.2,892.9,9.9,13.1,12.1,5.6,7.6,7.1,19.0,16.9,17.6,102.9,96.2,97.4,66.0,66.5,65.8,0.0,0.0,0.0,999.9,999.9,999.9,18,8.8,6.6
16585596,0723,81.1,80.0,80.9,57.6,46.1,47.4,999.9,894.2,892.9,10.0,13.1,12.1,7.8,7.6,7.0,20.0,16.9,17.4,89.1,96.2,97.4,71.1,66.5,65.8,0.0,0.0,0.0,999.9,999.9,999.9,0,8.8,7.2
16585596,0723,78.3,80.0,81.0,41.2,46.2,47.4,872.9,895.0,897.1,9.8,13.1,11.4,6.2,7.6,7.0,15.9,16.9,17.4,89.1,96.2,97.2,62.2,66.5,66.1,0.0,0.0,0.0,999.9,999.9,999.9,0,8.5,6.6
16585596,0723,89.2,80.0,81.0,54.1,46.1,47.0,873.0,895.0,897.2,22.3,13.1,11.4,6.6,7.5,7.0,8.9,16.9,17.4,95.0,96.1,97.0,71.1,66.4,65.8,0.0,0.0,0.0,999.9,999.9,999.9,0,8.5,6.6
